# per-element PLATE REACTION FORCES from the RM shell beam model (Timo), eta=0.20
# elem  y2(m) y3(m)  e11 e22 2e12 k11 k22 2k12  N11 N22 N12(N/m) M11 M22 M12(N)
     0  4.677080e+00  1.048036e-01  5.426575e-04 -1.683049e-04  5.685206e-04  1.658453e-03 -6.643570e-04  3.056733e-03  7.149089e+05 -1.202136e+01  7.704729e+04  3.317113e+02 -1.797385e+00  6.060404e+01
     1  4.609967e+00  1.228160e-01  5.023263e-04 -1.557962e-04  6.082074e-04  1.630725e-03 -6.532413e-04 -2.506059e-03  6.618042e+05 -1.203658e+01  8.229252e+04  3.167509e+02 -1.776758e+00 -2.490512e+01
     2  4.538584e+00  1.435331e-01  4.567193e-04 -1.416507e-04  5.889549e-04  1.633283e-03 -6.538384e-04 -1.456759e-03  6.017629e+05 -1.203635e+01  7.970995e+04  3.032823e+02 -1.772811e+00 -9.047080e+00
     3  4.467128e+00  1.640118e-01  4.115172e-04 -1.276308e-04  6.240516e-04  1.634824e-03 -6.539950e-04 -1.653109e-03  5.422544e+05 -1.203612e+01  8.445746e+04  2.898331e+02 -1.765865e+00 -1.128804e+01
     4  4.395603e+00  1.842925e-01  3.666499e-04 -1.137148e-04  6.033777e-04  1.636693e-03 -6.542266e-04 -1.615556e-03  4.831869e+05 -1.203572e+01  8.165912e+04  2.765192e+02 -1.756399e+00 -1.118149e+01
     5  4.324026e+00  2.044449e-01  3.219988e-04 -9.986579e-05  6.368530e-04  1.637059e-03 -6.538597e-04 -1.629784e-03  4.244034e+05 -1.203563e+01  8.619130e+04  2.631177e+02 -1.745272e+00 -1.063037e+01
     6  4.252419e+00  2.245332e-01  2.774550e-04 -8.605010e-05  6.146251e-04  1.637817e-03 -6.536244e-04 -1.617073e-03  3.657614e+05 -1.203543e+01  8.318197e+04  2.497888e+02 -1.733304e+00 -1.094562e+01
     7  4.180787e+00  2.445939e-01  2.329557e-04 -7.224822e-05  6.465211e-04  1.637598e-03 -6.530130e-04 -1.638978e-03  3.071776e+05 -1.203549e+01  8.750012e+04  2.363739e+02 -1.720930e+00 -1.055020e+01
     8  4.109165e+00  2.647419e-01  1.883062e-04 -5.839977e-05  6.227324e-04  1.636414e-03 -6.520581e-04 -1.600680e-03  2.483958e+05 -1.203579e+01  8.428006e+04  2.228150e+02 -1.709602e+00 -1.050392e+01
     9  4.037570e+00  2.849704e-01  1.435203e-04 -4.450897e-05  6.530724e-04  1.636229e-03 -6.514994e-04 -1.719223e-03  1.894346e+05 -1.203583e+01  8.838531e+04  2.093165e+02 -1.699295e+00 -1.164578e+01
    10  3.965991e+00  3.052474e-01  9.865201e-05 -3.059265e-05  6.276043e-04  1.635592e-03 -6.507819e-04 -1.122829e-03  1.303649e+05 -1.203597e+01  8.495073e+04  1.957468e+02 -1.689599e+00 -2.967563e+00
    11  3.892908e+00  3.202446e-01  6.276010e-05 -1.945954e-05  6.554928e-04  1.706609e-03 -6.757903e-04 -2.122535e-03  8.313432e+04 -1.188698e+01  8.870373e+04  1.922068e+02 -1.613830e+00 -1.785588e+01
    12  3.818772e+00  3.297941e-01  3.619655e-05 -1.761076e-05  1.579475e-03  1.707273e-03 -8.469348e-04 -2.018756e-03  6.527560e+03 -1.188342e+01  8.533511e+04  4.023895e+02 -1.471580e+00 -1.596682e+02
    13  3.746622e+00  3.445897e-01  7.803168e-07 -6.447522e-07  1.637087e-03  1.634598e-03 -8.080756e-04 -2.224894e-03  9.761020e+01 -1.203616e+01  8.844932e+04  3.860587e+02 -1.396660e+00 -1.747278e+02
    14  3.676009e+00  3.647668e-01 -4.378419e-05  2.069536e-05  1.585919e-03  1.634465e-03 -8.043691e-04 -1.959274e-03 -7.995294e+03 -1.203618e+01  8.568240e+04  3.870728e+02 -1.389104e+00 -1.555995e+02
    15  3.605403e+00  3.849519e-01 -8.836184e-05  4.204174e-05  1.636625e-03  1.634441e-03 -8.007157e-04 -1.795322e-03 -1.609059e+04 -1.203618e+01  8.841917e+04  3.881130e+02 -1.381663e+00 -1.447804e+02
    16  3.534800e+00  4.051544e-01 -1.329693e-04  6.340242e-05  1.584856e-03  1.634176e-03 -7.969434e-04 -1.714229e-03 -2.419128e+04 -1.203623e+01  8.562205e+04  3.890969e+02 -1.374432e+00 -1.385068e+02
    17  3.464205e+00  4.253726e-01 -1.776028e-04  8.477556e-05  1.635032e-03  1.634153e-03 -7.932887e-04 -1.653772e-03 -3.229672e+04 -1.203623e+01  8.833143e+04  3.901386e+02 -1.367410e+00 -1.348950e+02
    18  3.393619e+00  4.455912e-01 -2.222360e-04  1.061485e-04  1.582690e-03  1.634128e-03 -7.896328e-04 -1.631170e-03 -4.040210e+04 -1.203623e+01  8.550409e+04  3.911795e+02 -1.360424e+00 -1.326914e+02
    19  3.323035e+00  4.657943e-01 -2.668419e-04  1.275085e-04  1.632348e-03  1.634392e-03 -7.861197e-04 -1.603222e-03 -4.850254e+04 -1.203619e+01  8.818590e+04  3.922884e+02 -1.353265e+00 -1.313394e+02
    20  3.252443e+00  4.859787e-01 -3.114163e-04  1.488533e-04  1.579437e-03  1.634464e-03 -7.825136e-04 -1.600276e-03 -5.659723e+04 -1.203618e+01  8.532803e+04  3.933512e+02 -1.345862e+00 -1.304990e+02
    21  3.181853e+00  5.061575e-01 -3.559808e-04  1.701933e-04  1.628565e-03  1.634466e-03 -7.788743e-04 -1.582945e-03 -6.469013e+04 -1.203618e+01  8.798131e+04  3.943975e+02 -1.338405e+00 -1.298806e+02
    22  3.111265e+00  5.262984e-01 -4.004790e-04  1.915016e-04  1.575142e-03  1.635060e-03 -7.755266e-04 -1.586412e-03 -7.277101e+04 -1.203607e+01  8.509584e+04  3.955823e+02 -1.330515e+00 -1.294811e+02
    23  3.040658e+00  5.463929e-01 -4.448992e-04  2.127726e-04  1.623686e-03  1.635287e-03 -7.720020e-04 -1.572832e-03 -8.083772e+04 -1.203603e+01  8.771767e+04  3.966787e+02 -1.322025e+00 -1.291172e+02
    24  2.970044e+00  5.664736e-01 -4.892964e-04  2.340326e-04  1.569743e-03  1.635312e-03 -7.683794e-04 -1.577184e-03 -8.890024e+04 -1.203603e+01  8.480414e+04  3.977269e+02 -1.313351e+00 -1.287731e+02
    25  2.899437e+00  5.865133e-01 -5.336214e-04  2.552579e-04  1.617806e-03  1.635906e-03 -7.650380e-04 -1.563721e-03 -9.694968e+04 -1.203590e+01  8.739996e+04  3.989082e+02 -1.304227e+00 -1.284115e+02
    26  2.828809e+00  6.064731e-01 -5.778101e-04  2.764180e-04  1.563294e-03  1.636666e-03 -7.617831e-04 -1.572996e-03 -1.049744e+05 -1.203573e+01  8.445577e+04  4.001263e+02 -1.294111e+00 -1.284038e+02
    27  2.758152e+00  6.263925e-01 -6.219326e-04  2.975464e-04  1.610764e-03  1.636675e-03 -7.581623e-04 -1.564368e-03 -1.129870e+05 -1.203573e+01  8.701961e+04  4.011653e+02 -1.283428e+00 -1.283722e+02
    28  2.687509e+00  6.462917e-01 -6.660182e-04  3.186572e-04  1.555774e-03  1.636920e-03 -7.546590e-04 -1.574332e-03 -1.209929e+05 -1.203567e+01  8.404958e+04  4.022594e+02 -1.272561e+00 -1.284066e+02
    29  2.616859e+00  6.660679e-01 -7.098910e-04  3.396659e-04  1.602814e-03  1.638637e-03 -7.518836e-04 -1.569681e-03 -1.289603e+05 -1.203519e+01  8.659028e+04  4.036974e+02 -1.260250e+00 -1.286470e+02
    30  2.546151e+00  6.857407e-01 -7.535916e-04  3.605923e-04  1.547130e-03  1.638800e-03 -7.483536e-04 -1.596687e-03 -1.368963e+05 -1.203513e+01  8.358297e+04  4.047645e+02 -1.246546e+00 -1.298611e+02
    31  2.475433e+00  7.054025e-01 -7.972745e-04  3.815102e-04  1.593690e-03  1.638851e-03 -7.447693e-04 -1.617447e-03 -1.448291e+05 -1.203512e+01  8.609806e+04  4.058047e+02 -1.232681e+00 -1.318669e+02
    32  2.404728e+00  7.249673e-01 -8.407873e-04  4.023466e-04  1.537535e-03  1.640256e-03 -7.418541e-04 -1.685493e-03 -1.527310e+05 -1.203464e+01  8.306583e+04  4.071618e+02 -1.217741e+00 -1.359358e+02
    33  2.333976e+00  7.443815e-01 -8.840442e-04  4.230604e-04  1.583493e-03  1.641391e-03 -7.388157e-04 -1.780124e-03 -1.605865e+05 -1.203419e+01  8.554925e+04  4.084499e+02 -1.200903e+00 -1.430834e+02
    34  2.263167e+00  7.637347e-01 -9.272029e-04  4.437273e-04  1.526765e-03  1.641444e-03 -7.352505e-04 -1.976978e-03 -1.684241e+05 -1.203417e+01  8.248759e+04  4.094802e+02 -1.183168e+00 -1.561236e+02
    35  2.192390e+00  7.830699e-01 -9.703260e-04  4.643772e-04  1.572218e-03  1.641535e-03 -7.317064e-04 -2.299645e-03 -1.762553e+05 -1.203413e+01  8.494647e+04  4.105187e+02 -1.165332e+00 -1.791595e+02
    36  2.121610e+00  8.021893e-01 -1.013074e-03  4.848473e-04  1.515088e-03  1.644768e-03 -7.297135e-04 -2.915608e-03 -1.840185e+05 -1.203260e+01  8.186818e+04  4.122932e+02 -1.144995e+00 -2.214075e+02
    37  2.051231e+00  8.209831e-01 -1.055203e-03  5.049881e-04  3.691424e-03  1.644892e-03 -7.646383e-04 -1.132220e-04 -1.916707e+05 -1.460757e+01  1.993831e+05  4.102845e+02 -7.326391e+00 -5.219780e+01
    38  1.981328e+00  8.396384e-01 -1.097027e-03  5.250153e-04  3.677463e-03  1.644945e-03 -7.627814e-04 -7.039670e-04 -1.992659e+05 -1.460787e+01  1.986362e+05  4.111571e+02 -7.567290e+00 -9.320615e+01
    39  1.911470e+00  8.581791e-01 -1.138645e-03  5.449440e-04  3.678265e-03  1.646473e-03 -7.616524e-04 -1.021013e-03 -2.068239e+05 -1.461666e+01  1.986833e+05  4.123748e+02 -7.806499e+00 -1.153144e+02
    40  1.841563e+00  8.764395e-01 -1.179783e-03  5.646422e-04  3.663918e-03  1.649426e-03 -7.612326e-04 -1.213411e-03 -2.142946e+05 -1.463352e+01  1.979107e+05  4.139205e+02 -8.041484e+00 -1.285527e+02
    41  1.771537e+00  8.945335e-01 -1.220648e-03  5.842101e-04  3.664018e-03  1.649479e-03 -7.594011e-04 -1.333673e-03 -2.217156e+05 -1.463383e+01  1.979175e+05  4.147749e+02 -8.273913e+00 -1.369363e+02
    42  1.701519e+00  9.126147e-01 -1.261489e-03  6.037667e-04  3.649379e-03  1.649593e-03 -7.575994e-04 -1.393392e-03 -2.291324e+05 -1.463447e+01  1.971276e+05  4.156430e+02 -8.506153e+00 -1.409232e+02
    43  1.631534e+00  9.304502e-01 -1.301898e-03  6.231163e-04  3.649252e-03  1.653037e-03 -7.574393e-04 -1.413838e-03 -2.364709e+05 -1.465396e+01  1.971210e+05  4.172911e+02 -8.734734e+00 -1.423467e+02
    44  1.561440e+00  9.479434e-01 -1.341728e-03  6.421881e-04  3.633841e-03  1.655117e-03 -7.566265e-04 -1.436779e-03 -2.437040e+05 -1.466562e+01  1.962889e+05  4.186053e+02 -8.958129e+00 -1.437608e+02
    45  1.491222e+00  9.653176e-01 -1.381367e-03  6.611691e-04  3.633176e-03  1.655251e-03 -7.548654e-04 -1.454605e-03 -2.509024e+05 -1.466637e+01  1.962531e+05  4.194552e+02 -9.179675e+00 -1.449953e+02
    46  1.421068e+00  9.826548e-01 -1.420933e-03  6.801152e-04  3.617432e-03  1.655430e-03 -7.531299e-04 -1.456273e-03 -2.580877e+05 -1.466737e+01  1.954028e+05  4.203148e+02 -9.400703e+00 -1.449226e+02
    47  1.350931e+00  9.995663e-01 -1.459757e-03  6.987050e-04  3.616739e-03  1.661361e-03 -7.542270e-04 -1.447746e-03 -2.651382e+05 -1.470016e+01  1.953653e+05  4.225208e+02 -9.615364e+00 -1.443199e+02
    48  1.280598e+00  1.016056e+00 -1.497875e-03  7.169575e-04  3.599792e-03  1.662198e-03 -7.528509e-04 -1.447163e-03 -2.720605e+05 -1.470474e+01  1.944499e+05  4.235084e+02 -9.823610e+00 -1.440759e+02
    49  1.210166e+00  1.032505e+00 -1.535933e-03  7.351817e-04  3.598903e-03  1.662284e-03 -7.511077e-04 -1.433110e-03 -2.789719e+05 -1.470520e+01  1.944017e+05  4.243170e+02 -1.003118e+01 -1.430857e+02
    50  1.139843e+00  1.048794e+00 -1.573701e-03  7.532664e-04  3.581682e-03  1.664086e-03 -7.502126e-04 -1.422045e-03 -2.858306e+05 -1.471499e+01  1.934714e+05  4.255259e+02 -1.023642e+01 -1.421078e+02
    51  1.069479e+00  1.064483e+00 -1.610429e-03  7.708524e-04  3.580632e-03  1.670731e-03 -7.517144e-04 -1.414706e-03 -2.925005e+05 -1.475050e+01  1.934146e+05  4.278612e+02 -1.043265e+01 -1.415836e+02
    52  9.988623e-01  1.079736e+00 -1.646435e-03  7.880940e-04  3.562161e-03  1.670849e-03 -7.500412e-04 -1.400421e-03 -2.990393e+05 -1.475112e+01  1.924168e+05  4.286383e+02 -1.062222e+01 -1.403662e+02
    53  9.282166e-01  1.094975e+00 -1.682420e-03  8.053254e-04  3.561117e-03  1.671008e-03 -7.483883e-04 -1.351569e-03 -3.055742e+05 -1.475196e+01  1.923598e+05  4.294247e+02 -1.081157e+01 -1.369487e+02
    54  8.576791e-01  1.109798e+00 -1.717666e-03  8.222020e-04  3.542570e-03  1.676080e-03 -7.491593e-04 -1.333236e-03 -3.119750e+05 -1.477831e+01  1.913579e+05  4.313593e+02 -1.099473e+01 -1.354482e+02
    55  7.869912e-01  1.123901e+00 -1.751682e-03  8.384896e-04  3.540791e-03  1.680794e-03 -7.497872e-04 -1.336221e-03 -3.181524e+05 -1.480219e+01  1.912618e+05  4.331857e+02 -1.116704e+01 -1.356349e+02
    56  7.160571e-01  1.137670e+00 -1.785151e-03  8.545163e-04  3.521514e-03  1.680983e-03 -7.482144e-04 -1.306380e-03 -3.242304e+05 -1.480313e+01  1.902203e+05  4.339310e+02 -1.133422e+01 -1.333236e+02
    57  6.452019e-01  1.151346e+00 -1.818447e-03  8.704599e-04  3.519718e-03  1.681778e-03 -7.469440e-04 -1.216951e-03 -3.302770e+05 -1.480710e+01  1.901222e+05  4.348167e+02 -1.150005e+01 -1.270686e+02
    58  5.744171e-01  1.164266e+00 -1.850418e-03  8.857681e-04  3.500542e-03  1.690026e-03 -7.493549e-04 -1.178519e-03 -3.360832e+05 -1.484696e+01  1.890860e+05  4.374401e+02 -1.165458e+01 -1.241598e+02
    59  5.033409e-01  1.176380e+00 -1.881029e-03  9.004256e-04  3.497413e-03  1.692081e-03 -7.487718e-04 -1.165314e-03 -3.416421e+05 -1.485652e+01  1.889168e+05  4.385725e+02 -1.179690e+01 -1.232018e+02
    60  4.321076e-01  1.188328e+00 -1.911371e-03  9.149551e-04  3.478165e-03  1.692267e-03 -7.472801e-04 -1.059851e-03 -3.471524e+05 -1.485737e+01  1.878759e+05  4.392576e+02 -1.193664e+01 -1.156198e+02
    61  3.610397e-01  1.199872e+00 -1.940990e-03  9.291376e-04  3.475161e-03  1.696329e-03 -7.477058e-04 -8.241318e-04 -3.525313e+05 -1.487572e+01  1.877109e+05  4.408459e+02 -1.207044e+01 -9.915373e+01
    62  2.897331e-01  1.209082e+00 -1.966583e-03  9.413898e-04  3.456269e-03  1.715979e-03 -7.558613e-04 -7.865608e-04 -3.571793e+05 -1.495153e+01  1.866900e+05  4.460453e+02 -1.216914e+01 -9.630822e+01
    63  2.052442e-01  1.218034e+00 -1.993500e-03  6.731696e-04  4.139182e-04  1.713413e-03 -6.503744e-04 -1.213296e-03 -2.296608e+07 -1.494322e+01  1.593008e+05  5.578046e+03 -1.225675e+01 -3.023837e+02
    64  1.211280e-01  1.227930e+00 -2.022007e-03  6.827982e-04  8.457730e-04  1.706906e-03 -6.491338e-04 -1.381563e-03 -2.329458e+07 -1.341778e+01  3.255785e+05  5.455334e+03 -1.307377e+01 -3.191188e+02
    65  5.004859e-02  1.236196e+00 -2.045927e-03  6.908756e-04  7.390588e-04  1.715213e-03 -6.549639e-04 -1.332395e-03 -2.357019e+07 -1.402197e+01  2.844907e+05  5.441762e+03 -1.481360e+01 -3.129180e+02
    66 -2.144540e-02  1.243525e+00 -2.068277e-03  6.984230e-04  6.314257e-04  1.715948e-03 -6.579617e-04 -1.454726e-03 -2.382772e+07 -1.407900e+01  2.430375e+05  5.383214e+03 -1.654740e+01 -3.534585e+02
    67 -9.294126e-02  1.250694e+00 -2.090348e-03  7.058766e-04  5.221181e-04  1.716589e-03 -6.609213e-04 -1.484190e-03 -2.408204e+07 -1.412925e+01  2.009458e+05  5.324831e+03 -1.827862e+01 -3.688348e+02
    68 -1.641529e-01  1.256812e+00 -2.110552e-03  7.126990e-04  4.131252e-04  1.724066e-03 -6.664071e-04 -1.443484e-03 -2.431483e+07 -1.476123e+01  1.589799e+05  5.316281e+03 -1.998612e+01 -3.650909e+02
    69 -2.356449e-01  1.261564e+00 -2.128421e-03  7.187332e-04  3.014361e-04  1.727081e-03 -6.702105e-04 -1.410862e-03 -2.452072e+07 -1.504655e+01  1.159754e+05  5.285185e+03 -2.167751e+01 -3.637286e+02
    70 -3.073646e-01  1.265871e+00 -2.145547e-03  7.245168e-04  1.900705e-04  1.727259e-03 -6.729537e-04 -1.393130e-03 -2.471806e+07 -1.506411e+01  7.309435e+04  5.237673e+03 -2.336673e+01 -3.663972e+02
    71 -3.787675e-01  1.269423e+00 -2.161317e-03  7.298419e-04  7.724065e-05  1.731646e-03 -6.772453e-04 -1.457681e-03 -2.489976e+07 -1.552875e+01  2.964401e+04  5.221426e+03 -2.503638e+01 -3.915607e+02
    72 -4.501726e-01  1.271360e+00 -2.174281e-03  7.342197e-04 -3.515286e-05  1.736202e-03 -6.815707e-04 -1.517641e-03 -2.504914e+07 -1.610594e+01 -1.363802e+04  5.214155e+03 -2.667955e+01 -4.154453e+02
    73 -5.219125e-01  1.272379e+00 -2.185692e-03  7.380735e-04 -1.503243e-04  1.736338e-03 -6.842399e-04 -1.504141e-03 -2.518063e+07 -1.612554e+01 -5.798477e+04  5.182425e+03 -2.831516e+01 -4.195222e+02
    74 -5.933760e-01  1.272796e+00 -2.196021e-03  7.415614e-04 -2.633241e-04  1.738641e-03 -6.876980e-04 -1.496207e-03 -2.529964e+07 -1.648677e+01 -1.014957e+05  5.167864e+03 -2.993465e+01 -4.249678e+02
    75 -6.762313e-01  1.272257e+00 -2.206219e-03  7.450108e-04  1.172620e-05  1.739581e-03 -6.974787e-04 -1.176463e-03 -2.541715e+07 -1.276253e+01  4.436087e+03  5.143221e+03 -3.572839e+01 -3.194266e+02
    76 -7.595246e-01  1.271664e+00 -2.216382e-03  1.060977e-03 -4.479423e-04  1.738831e-03 -8.863531e-04 -1.664874e-03 -4.025443e+05 -1.283768e+01 -2.417435e+04  4.462731e+02 -3.470409e+01 -1.106681e+02
    77 -8.311219e-01  1.268980e+00 -2.221339e-03  1.063359e-03 -4.821155e-04  1.743512e-03 -8.826183e-04 -1.644725e-03 -4.034440e+05 -1.197670e+01 -2.602036e+04  4.479411e+02 -3.379561e+01 -1.088536e+02
    78 -9.025663e-01  1.262847e+00 -2.220280e-03  1.062857e-03 -4.751995e-04  1.743101e-03 -8.766157e-04 -1.576361e-03 -4.032514e+05 -1.160480e+01 -2.564763e+04  4.482841e+02 -3.284457e+01 -1.041714e+02
    79 -9.740820e-01  1.255660e+00 -2.217396e-03  1.061478e-03 -5.089370e-04  1.743055e-03 -8.708502e-04 -1.560327e-03 -4.027276e+05 -1.158934e+01 -2.747006e+04  4.486779e+02 -3.187907e+01 -1.026489e+02
    80 -1.045006e+00  1.246967e+00 -2.211816e-03  1.058813e-03 -5.000356e-04  1.739723e-03 -8.636189e-04 -1.520334e-03 -4.017138e+05 -1.100657e+01 -2.698975e+04  4.482372e+02 -3.090139e+01 -9.996818e+01
    81 -1.115735e+00  1.235773e+00 -2.201863e-03  1.054052e-03 -5.352549e-04  1.735963e-03 -8.563468e-04 -1.521410e-03 -3.999061e+05 -1.062563e+01 -2.889201e+04  4.476076e+02 -2.989389e+01 -9.962045e+01
    82 -1.186368e+00  1.223571e+00 -2.190143e-03  1.048442e-03 -5.265949e-04  1.735747e-03 -8.508779e-04 -1.514375e-03 -3.977777e+05 -1.060684e+01 -2.842435e+04  4.477810e+02 -2.887456e+01 -9.923406e+01
    83 -1.256062e+00  1.209189e+00 -2.174509e-03  1.040966e-03 -5.594233e-04  1.721759e-03 -8.388849e-04 -1.555377e-03 -3.949375e+05 -9.680368e+00 -3.019699e+04  4.446123e+02 -2.783861e+01 -1.016979e+02
    84 -1.325504e+00  1.192014e+00 -2.153984e-03  1.031142e-03 -5.534340e-04  1.717724e-03 -8.319519e-04 -1.550105e-03 -3.912101e+05 -9.470203e+00 -2.987356e+04  4.437005e+02 -2.676977e+01 -1.014024e+02
    85 -1.394626e+00  1.173847e+00 -2.131694e-03  1.020473e-03 -5.846725e-04  1.712979e-03 -8.247588e-04 -1.592453e-03 -3.871619e+05 -9.240842e+00 -3.156031e+04  4.425836e+02 -2.569205e+01 -1.039791e+02
    86 -1.462502e+00  1.152899e+00 -2.104401e-03  1.007417e-03 -5.767646e-04  1.686387e-03 -8.071568e-04 -1.566347e-03 -3.822042e+05 -8.170472e+00 -3.113350e+04  4.361909e+02 -2.459371e+01 -1.022544e+02
    87 -1.529886e+00  1.129463e+00 -2.072716e-03  9.922467e-04 -6.110043e-04  1.685666e-03 -8.024008e-04 -1.575558e-03 -3.764500e+05 -8.144875e+00 -3.298275e+04  4.358292e+02 -2.346931e+01 -1.024855e+02
    88 -1.596374e+00  1.104188e+00 -2.037714e-03  9.754981e-04 -5.994665e-04  1.658234e-03 -7.847700e-04 -1.535248e-03 -3.700926e+05 -7.253986e+00 -3.236005e+04  4.290765e+02 -2.233217e+01 -9.981432e+01
    89 -1.661703e+00  1.075955e+00 -1.997415e-03  9.562090e-04 -6.353874e-04  1.639449e-03 -7.716472e-04 -1.539446e-03 -3.627734e+05 -6.712652e+00 -3.430017e+04  4.242573e+02 -2.117108e+01 -9.967575e+01
    90 -1.726152e+00  1.045984e+00 -1.953976e-03  9.354148e-04 -6.230236e-04  1.626123e-03 -7.613753e-04 -1.505387e-03 -3.548844e+05 -6.352925e+00 -3.363278e+04  4.206621e+02 -1.999832e+01 -9.745023e+01
    91 -1.788791e+00  1.012986e+00 -1.905032e-03  9.119954e-04 -6.567774e-04  1.572909e-03 -7.319352e-04 -1.530547e-03 -3.459941e+05 -5.059224e+00 -3.545560e+04  4.075087e+02 -1.880867e+01 -9.879879e+01
    92 -1.850167e+00  9.774905e-01 -1.851577e-03  8.864011e-04 -6.471095e-04  1.571292e-03 -7.279894e-04 -1.511519e-03 -3.362866e+05 -5.022721e+00 -3.493364e+04  4.064661e+02 -1.760227e+01 -9.758855e+01
    93 -1.909501e+00  9.393082e-01 -1.793176e-03  8.584588e-04 -6.759696e-04  1.494364e-03 -6.875517e-04 -1.556651e-03 -3.256784e+05 -3.421044e+00 -3.649189e+04  3.874938e+02 -1.638618e+01 -1.003879e+02
    94 -1.966846e+00  8.979684e-01 -1.729020e-03  8.277423e-04 -6.699965e-04  1.483058e-03 -6.795693e-04 -1.549762e-03 -3.140272e+05 -3.203843e+00 -3.616936e+04  3.839214e+02 -1.515368e+01 -9.997939e+01
    95 -2.022193e+00  8.542436e-01 -1.660449e-03  7.949273e-04 -6.943229e-04  1.409263e-03 -6.413432e-04 -1.599648e-03 -3.015722e+05 -1.870902e+00 -3.748268e+04  3.654633e+02 -1.391486e+01 -1.031646e+02
    96 -2.074908e+00  8.074772e-01 -1.586237e-03  7.594022e-04 -6.901744e-04  1.369472e-03 -6.201586e-04 -1.595472e-03 -2.880939e+05 -1.202846e+00 -3.725866e+04  3.549225e+02 -1.266897e+01 -1.029233e+02
    97 -2.125217e+00  7.581943e-01 -1.507327e-03  7.216339e-04 -7.120136e-04  1.300759e-03 -5.851900e-04 -1.635137e-03 -2.737617e+05 -1.154194e-01 -3.843777e+04  3.374304e+02 -1.142004e+01 -1.054259e+02
    98 -2.172498e+00  7.061356e-01 -1.423184e-03  6.813589e-04 -7.076873e-04  1.234807e-03 -5.520008e-04 -1.617363e-03 -2.584793e+05  8.626283e-01 -3.820431e+04  3.204683e+02 -1.017230e+01 -1.042389e+02
    99 -2.216821e+00  6.515783e-01 -1.334301e-03  6.388140e-04 -7.284548e-04  1.164998e-03 -5.173328e-04 -1.632268e-03 -2.423359e+05  1.839460e+00 -3.932583e+04  3.024812e+02 -8.928477e+00 -1.050286e+02
   100 -2.257686e+00  5.945363e-01 -1.240634e-03  5.939816e-04 -7.227138e-04  1.077066e-03 -4.742506e-04 -1.573194e-03 -2.253233e+05  2.997559e+00 -3.901645e+04  2.800890e+02 -7.694854e+00 -1.009799e+02
   101 -2.294988e+00  5.351244e-01 -1.142368e-03  5.469448e-04 -7.430705e-04  9.983911e-04 -4.361466e-04 -1.523993e-03 -2.074758e+05  3.974852e+00 -4.011655e+04  2.597731e+02 -6.474192e+00 -9.730620e+01
   102 -2.328522e+00  4.736173e-01 -1.039954e-03  4.979246e-04 -7.355828e-04  9.007118e-04 -3.892012e-04 -1.361842e-03 -1.888745e+05  5.120930e+00 -3.971407e+04  2.348544e+02 -5.272535e+00 -8.609386e+01
   103 -2.357939e+00  4.100848e-01 -9.334651e-04  4.469529e-04 -7.552619e-04  8.030844e-04 -3.427595e-04 -1.146259e-03 -1.695332e+05  6.200439e+00 -4.077957e+04  2.098410e+02 -4.095040e+00 -7.083119e+01
   104 -2.389014e+00  3.468939e-01 -8.277932e-04  3.963211e-04 -7.494744e-04  9.685122e-04 -4.247980e-04 -1.006923e-03 -1.503479e+05  4.332927e+00 -4.046865e+04  2.470954e+02 -2.901704e+00 -6.118870e+01
   105 -2.420577e+00  2.822792e-01 -7.197120e-04  2.287640e-04 -3.453209e-04  7.985667e-04 -3.538681e-04 -2.420131e-03 -8.052498e+05  6.248916e+00 -4.171947e+04 -1.341547e+02 -1.684060e+00 -3.235902e+01
   106 -2.440641e+00  2.123537e-01 -6.008532e-04  1.909854e-04 -3.524628e-04  4.112437e-04 -1.685256e-04 -1.724141e-03 -6.723284e+05  9.983549e+00 -4.256673e+04 -1.277987e+02 -5.383700e-01 -2.527541e+01
   107 -2.451851e+00  1.397375e-01 -4.761270e-04  1.513400e-04 -3.669102e-04  3.847961e-04 -1.263763e-04 -1.461639e-03 -5.327495e+05  1.021092e+01 -4.430457e+04 -9.717293e+01  5.339191e-01 -2.284910e+01
   108 -2.459916e+00  6.717283e-02 -3.510680e-04  1.115894e-04 -3.679864e-04  2.653110e-04 -4.915798e-05 -1.594938e-03 -3.928216e+05  1.119792e+01 -4.443722e+04 -7.235510e+01  1.567156e+00 -2.425681e+01
   109 -2.460705e+00 -5.441400e-03 -2.249449e-04  7.150122e-05 -3.783848e-04  4.100355e-05  6.617484e-05 -1.549288e-03 -2.517294e+05  1.287890e+01 -4.569101e+04 -5.392198e+01  2.512222e+00 -2.399950e+01
   110 -2.455512e+00 -7.830524e-02 -9.758398e-05  3.101962e-05 -3.757425e-04 -1.993350e-05  1.155535e-04 -1.401461e-03 -1.092106e+05  1.329770e+01 -4.536909e+04 -2.487863e+01  3.387487e+00 -2.240813e+01
   111 -2.446090e+00 -1.508970e-01  2.987242e-05 -9.492020e-06 -3.814848e-04 -1.608003e-04  1.943866e-04 -1.850377e-03  3.339479e+04  1.420416e+01 -4.607136e+04 -8.820366e-01  4.207626e+00 -2.719312e+01
   112 -2.426844e+00 -2.210740e-01  1.544512e-04 -4.908889e-05 -3.735619e-04 -4.971598e-04  3.447991e-04 -2.163019e-03  1.727300e+05  1.601013e+01 -4.512186e+04  9.969703e+00  4.876751e+00 -3.027668e+01
   113 -2.396385e+00 -2.855995e-01  2.707127e-04 -1.294093e-04 -8.469880e-04 -7.450747e-04  3.755778e-04 -9.109718e-04  4.918736e+04  1.698672e+01 -4.573672e+04 -1.800099e+02  5.336208e+00 -5.333035e+01
   114 -2.365782e+00 -3.480776e-01  3.834343e-04 -1.834142e-04 -8.332743e-04 -5.388952e-04  2.683285e-04 -1.084876e-03  6.965243e+04  1.619701e+01 -4.499392e+04 -1.336507e+02  5.767529e+00 -6.561633e+01
   115 -2.336543e+00 -4.107947e-01  4.963881e-04 -2.374820e-04 -8.391605e-04 -6.852611e-04  3.335856e-04 -1.345925e-03  9.016856e+04  1.678150e+01 -4.530872e+04 -1.707026e+02  6.218579e+00 -8.374127e+01
   116 -2.303064e+00 -4.713892e-01  6.062220e-04 -2.900661e-04 -8.283986e-04 -7.604687e-04  3.638067e-04 -1.471386e-03  1.101163e+05  1.703618e+01 -4.472594e+04 -1.908835e+02  6.590534e+00 -9.261528e+01
   117 -2.265514e+00 -5.294518e-01  7.122017e-04 -3.407970e-04 -8.311536e-04 -9.001175e-04  4.253422e-04 -1.563500e-03  1.293656e+05  1.741785e+01 -4.487364e+04 -2.262620e+02  6.880173e+00 -9.900267e+01
   118 -2.223871e+00 -5.848547e-01  8.141078e-04 -3.895862e-04 -8.213369e-04 -9.732690e-04  4.541664e-04 -1.589570e-03  1.478736e+05  1.756535e+01 -4.434310e+04 -2.458526e+02  7.085605e+00 -1.009377e+02
   119 -2.178685e+00 -6.376202e-01  9.119054e-04 -4.364044e-04 -8.211603e-04 -1.082306e-03  5.003926e-04 -1.607287e-03  1.656362e+05  1.770835e+01 -4.433335e+04 -2.738757e+02  7.213803e+00 -1.021747e+02
   120 -2.130274e+00 -6.876956e-01  1.005460e-03 -4.811973e-04 -8.118525e-04 -1.140410e-03  5.215954e-04 -1.595489e-03  1.826271e+05  1.774201e+01 -4.383076e+04 -2.897844e+02  7.267988e+00 -1.014641e+02
   121 -2.078991e+00 -7.350866e-01  1.094734e-03 -5.239378e-04 -8.089983e-04 -1.228933e-03  5.575881e-04 -1.581567e-03  1.988414e+05  1.772679e+01 -4.367676e+04 -3.128248e+02  7.252539e+00 -1.005280e+02
   122 -2.025335e+00 -7.799400e-01  1.179916e-03 -5.647243e-04 -8.003501e-04 -1.265892e-03  5.683136e-04 -1.561095e-03  2.143112e+05  1.769332e+01 -4.320990e+04 -3.235990e+02  7.175433e+00 -9.920476e+01
   123 -1.969346e+00 -8.218492e-01  1.260294e-03 -6.032058e-04 -7.942801e-04 -1.354259e-03  6.041548e-04 -1.541233e-03  2.289097e+05  1.753567e+01 -4.288229e+04 -3.464569e+02  7.031934e+00 -9.789325e+01
   124 -1.911240e+00 -8.611857e-01  1.336483e-03 -6.396885e-04 -7.874066e-04 -1.373954e-03  6.063870e-04 -1.529471e-03  2.427461e+05  1.748333e+01 -4.251117e+04 -3.529973e+02  6.829445e+00 -9.715587e+01
   125 -1.851408e+00 -8.979390e-01  1.408414e-03 -6.741282e-04 -7.775808e-04 -1.446025e-03  6.342391e-04 -1.520609e-03  2.558104e+05  1.722601e+01 -4.198057e+04 -3.718576e+02  6.572598e+00 -9.665615e+01
   126 -1.789889e+00 -9.322195e-01  1.476273e-03 -7.066227e-04 -7.725892e-04 -1.460054e-03  6.337116e-04 -1.528340e-03  2.681338e+05  1.716208e+01 -4.171087e+04 -3.769148e+02  6.263322e+00 -9.725494e+01
   127 -1.727181e+00 -9.642606e-01  1.540399e-03 -7.373274e-04 -7.594478e-04 -1.512467e-03  6.519867e-04 -1.539845e-03  2.797802e+05  1.687379e+01 -4.100093e+04 -3.909880e+02  5.910681e+00 -9.821453e+01
   128 -1.663005e+00 -9.937920e-01  1.600360e-03 -7.660397e-04 -7.556120e-04 -1.533216e-03  6.548033e-04 -1.565523e-03  2.906694e+05  1.673440e+01 -4.079344e+04 -3.974965e+02  5.507790e+00 -1.000504e+02
   129 -1.598053e+00 -1.021694e+00  1.657592e-03 -7.934456e-04 -7.408653e-04 -1.554937e-03  6.581264e-04 -1.592880e-03  3.010631e+05  1.656989e+01 -3.999661e+04 -4.041860e+02  5.074428e+00 -1.021343e+02
   130 -1.532121e+00 -1.047076e+00  1.710575e-03 -8.188169e-04 -7.357833e-04 -1.591996e-03  6.690175e-04 -1.613287e-03  3.106856e+05  1.623584e+01 -3.972188e+04 -4.144269e+02  4.596650e+00 -1.036176e+02
   131 -1.465287e+00 -1.070745e+00  1.760703e-03 -8.428219e-04 -7.222683e-04 -1.595514e-03  6.635327e-04 -1.613211e-03  3.197888e+05  1.619999e+01 -3.899191e+04 -4.166812e+02  4.085804e+00 -1.037746e+02
   132 -1.398005e+00 -1.092549e+00  1.807647e-03 -8.653020e-04 -7.141354e-04 -1.628108e-03  6.723401e-04 -1.607032e-03  3.283143e+05  1.582471e+01 -3.855271e+04 -4.257551e+02  3.545443e+00 -1.034415e+02
   133 -1.329792e+00 -1.112048e+00  1.850711e-03 -8.859248e-04 -7.020905e-04 -1.640582e-03  6.713678e-04 -1.582037e-03  3.361350e+05  1.565635e+01 -3.790243e+04 -4.299977e+02  2.964054e+00 -1.018438e+02
   134 -1.261169e+00 -1.130444e+00  1.891912e-03 -9.056552e-04 -6.928106e-04 -1.647927e-03  6.679192e-04 -1.593228e-03  3.436170e+05  1.554925e+01 -3.740107e+04 -4.329928e+02  2.363423e+00 -1.027352e+02
   135 -1.192247e+00 -1.146730e+00  1.929485e-03 -9.236494e-04 -6.791750e-04 -1.672857e-03  6.731704e-04 -1.636471e-03  3.504406e+05  1.513032e+01 -3.666406e+04 -4.400787e+02  1.731970e+00 -1.059130e+02
   136 -1.122369e+00 -1.160403e+00  1.962645e-03 -9.395304e-04 -6.707783e-04 -1.687071e-03  6.732574e-04 -1.710779e-03  3.564626e+05  1.484033e+01 -3.620965e+04 -4.445481e+02  1.055202e+00 -1.111932e+02
   137 -1.059160e+00 -1.171212e+00  1.989929e-03 -6.741167e-04 -5.593646e-05 -1.695386e-03  6.268802e-04 -1.047916e-03  2.181488e+07  1.464642e+01 -2.068545e+04 -4.218567e+03  4.229208e-01 -2.532574e+02
   138 -9.958074e-01 -1.180820e+00  2.015145e-03 -6.826613e-04 -3.906605e-04 -1.700988e-03  6.305111e-04 -1.391856e-03  2.209135e+07  1.302362e+01 -1.440850e+05 -4.182414e+03  1.315817e+00 -3.567868e+02
   139 -9.247263e-01 -1.190848e+00  2.042131e-03 -6.918036e-04 -2.887820e-04 -1.704029e-03  6.348056e-04 -1.439751e-03  2.238724e+07  1.322296e+01 -1.065362e+05 -4.126817e+03  3.084672e+00 -3.616254e+02
   140 -8.536780e-01 -1.200274e+00  2.068064e-03 -7.005895e-04 -1.783522e-04 -1.707118e-03  6.391041e-04 -1.504785e-03  2.267159e+07  1.343240e+01 -6.583663e+04 -4.074300e+03  4.842876e+00 -3.699955e+02
   141 -7.827860e-01 -1.207448e+00  2.090062e-03 -7.080406e-04 -7.391193e-05 -1.723619e-03  6.483919e-04 -1.511008e-03  2.291275e+07  1.472066e+01 -2.734097e+04 -4.107693e+03  6.560533e+00 -3.647412e+02
   142 -7.111793e-01 -1.212724e+00  2.108856e-03 -7.144079e-04  3.746983e-05 -1.723937e-03  6.515857e-04 -1.436787e-03  2.311883e+07  1.474951e+01  1.371848e+04 -4.058680e+03  8.263119e+00 -3.398746e+02
   143 -6.395534e-01 -1.217586e+00  2.126934e-03 -7.205323e-04  1.456086e-04 -1.726553e-03  6.556352e-04 -1.361203e-03  2.331704e+07  1.499495e+01  5.358268e+04 -4.024491e+03  9.959339e+00 -3.148924e+02
   144 -5.682430e-01 -1.220457e+00  2.141508e-03 -7.254690e-04  2.584091e-04 -1.735658e-03  6.620703e-04 -1.353573e-03  2.347683e+07  1.602961e+01  9.516079e+04 -4.036149e+03  1.161571e+01 -3.057986e+02
   145 -4.963713e-01 -1.221522e+00  2.153020e-03 -7.293690e-04  3.675321e-04 -1.736657e-03  6.654437e-04 -1.432540e-03  2.360304e+07  1.617195e+01  1.353778e+05 -4.010427e+03  1.325508e+01 -3.175723e+02
   146 -4.245078e-01 -1.222312e+00  2.164049e-03 -7.331060e-04  4.826209e-04 -1.736887e-03  6.685213e-04 -1.393595e-03  2.372398e+07  1.620590e+01  1.778013e+05 -3.981660e+03  1.488971e+01 -3.008706e+02
   147 -3.531910e-01 -1.221237e+00  2.171765e-03 -7.357190e-04  5.925472e-04 -1.742363e-03  6.735103e-04 -1.378710e-03  2.380857e+07  1.733597e+01  2.183205e+05 -3.991251e+03  1.648137e+01 -2.902338e+02
   148 -2.814566e-01 -1.218088e+00  2.175932e-03 -7.371308e-04  7.073756e-04 -1.742761e-03  6.765643e-04 -1.446869e-03  2.385426e+07  1.748568e+01  2.606412e+05 -3.981781e+03  1.804836e+01 -2.990645e+02
   149 -2.125274e-01 -1.214787e+00  2.179458e-03 -7.383302e-04  2.335184e-04 -1.742823e-03  6.884329e-04 -1.402545e-03  2.389292e+07  1.492809e+01  8.598304e+04 -3.970327e+03  2.439778e+01 -3.190710e+02
   150 -1.471868e-01 -1.211574e+00  2.182653e-03 -7.394126e-04  3.406174e-04 -1.742888e-03  6.882820e-04 -1.121682e-03  2.392795e+07  1.492638e+01  1.254772e+05 -3.962195e+03  2.431376e+01 -2.452516e+02
   151 -7.844374e-02 -1.207006e+00  2.183950e-03 -1.045451e-03  2.657357e-03 -1.743525e-03  8.263056e-04 -1.093824e-03  3.966548e+05  1.487842e+01  1.435427e+05 -4.517584e+02  2.420759e+01 -1.081361e+02
   152 -5.872715e-03 -1.200248e+00  2.181955e-03 -1.044497e-03  2.692391e-03 -1.742890e-03  8.252827e-04 -1.033580e-03  3.962924e+05  1.483341e+01  1.454342e+05 -4.516304e+02  2.406652e+01 -1.043575e+02
   153  6.638296e-02 -1.192482e+00  2.178166e-03 -1.042683e-03  2.682854e-03 -1.742617e-03  8.244892e-04 -9.880942e-04  3.956044e+05  1.482216e+01  1.449186e+05 -4.515534e+02  2.391055e+01 -1.010726e+02
   154  1.379865e-01 -1.182879e+00  2.171095e-03 -1.039299e-03  2.719391e-03 -1.737996e-03  8.216663e-04 -9.957410e-04  3.943201e+05  1.470247e+01  1.468922e+05 -4.503843e+02  2.372742e+01 -1.020441e+02
   155  2.098302e-01 -1.171452e+00  2.160885e-03 -1.034410e-03  2.707660e-03 -1.737768e-03  8.210751e-04 -1.143468e-03  3.924660e+05  1.469777e+01  1.462603e+05 -4.501946e+02  2.351685e+01 -1.122001e+02
   156  2.818173e-01 -1.159910e+00  2.150496e-03 -1.029436e-03  2.745058e-03 -1.737645e-03  8.205385e-04 -1.180676e-03  3.905793e+05  1.469525e+01  1.482807e+05 -4.500264e+02  2.330448e+01 -1.152424e+02
   157  3.531305e-01 -1.147299e+00  2.138158e-03 -1.023529e-03  2.733989e-03 -1.732306e-03  8.175119e-04 -1.191207e-03  3.883385e+05  1.459663e+01  1.476829e+05 -4.485864e+02  2.307648e+01 -1.158436e+02
   158  4.241990e-01 -1.132818e+00  2.122535e-03 -1.016050e-03  2.770074e-03 -1.727896e-03  8.150315e-04 -1.204245e-03  3.855012e+05  1.452438e+01  1.496321e+05 -4.473027e+02  2.282061e+01 -1.171855e+02
   159  4.955503e-01 -1.117488e+00  2.105476e-03 -1.007881e-03  2.758843e-03 -1.727701e-03  8.146489e-04 -1.259692e-03  3.824032e+05  1.452130e+01  1.490262e+05 -4.469890e+02  2.255188e+01 -1.209154e+02
   160  5.666072e-01 -1.102009e+00  2.088116e-03 -9.995692e-04  2.795401e-03 -1.726526e-03  8.137987e-04 -1.257191e-03  3.792506e+05  1.450298e+01  1.510007e+05 -4.464377e+02  2.228107e+01 -1.211799e+02
   161  6.368814e-01 -1.084922e+00  2.067858e-03 -9.898715e-04  2.784702e-03 -1.714460e-03  8.077093e-04 -1.299954e-03  3.755713e+05  1.432760e+01  1.504234e+05 -4.432529e+02  2.198662e+01 -1.240322e+02
   162  7.071739e-01 -1.066115e+00  2.044611e-03 -9.787403e-04  2.818578e-03 -1.713581e-03  8.071728e-04 -1.309332e-03  3.713496e+05  1.431550e+01  1.522532e+05 -4.426581e+02  2.166641e+01 -1.250924e+02
   163  7.777024e-01 -1.047112e+00  2.021056e-03 -9.674616e-04  2.809141e-03 -1.713335e-03  8.069516e-04 -1.286112e-03  3.670720e+05  1.431212e+01  1.517432e+05 -4.422071e+02  2.134314e+01 -1.233607e+02
   164  8.477138e-01 -1.027613e+00  1.996569e-03 -9.557378e-04  2.843292e-03 -1.707886e-03  8.042169e-04 -1.261476e-03  3.626250e+05  1.423859e+01  1.535875e+05 -4.405069e+02  2.101273e+01 -1.220534e+02
   165  9.172222e-01 -1.006695e+00  1.969546e-03 -9.428004e-04  2.833152e-03 -1.698530e-03  7.996467e-04 -1.313721e-03  3.577174e+05  1.411693e+01  1.530404e+05 -4.378334e+02  2.066133e+01 -1.255733e+02
   166  9.868308e-01 -9.847664e-01  1.940782e-03 -9.290270e-04  2.865871e-03 -1.698283e-03  7.995770e-04 -1.319347e-03  3.524937e+05  1.411378e+01  1.548077e+05 -4.372815e+02  2.029476e+01 -1.263581e+02
   167  1.056452e+00 -9.627842e-01  1.911925e-03 -9.152096e-04  2.856373e-03 -1.698016e-03  7.995004e-04 -1.279155e-03  3.472534e+05  1.411038e+01  1.542942e+05 -4.367233e+02  1.992738e+01 -1.234427e+02
   168  1.125515e+00 -9.401106e-01  1.881792e-03 -9.007826e-04  2.889443e-03 -1.688842e-03  7.951084e-04 -1.257841e-03  3.417808e+05  1.399547e+01  1.560802e+05 -4.340326e+02  1.954995e+01 -1.223540e+02
   169  1.194278e+00 -9.162312e-01  1.849522e-03 -8.853319e-04  2.878509e-03 -1.683594e-03  7.926983e-04 -1.316970e-03  3.359205e+05  1.393118e+01  1.554903e+05 -4.322298e+02  1.915463e+01 -1.263441e+02
   170  1.263195e+00 -8.918206e-01  1.816350e-03 -8.694479e-04  2.911071e-03 -1.683347e-03  7.927568e-04 -1.318562e-03  3.298964e+05  1.392818e+01  1.572491e+05 -4.315929e+02  1.875128e+01 -1.268459e+02
   171  1.331989e+00 -8.674148e-01  1.783169e-03 -8.535598e-04  2.900212e-03 -1.683136e-03  7.928344e-04 -1.269596e-03  3.238707e+05  1.392562e+01  1.566620e+05 -4.309644e+02  1.834806e+01 -1.233025e+02
   172  1.400226e+00 -8.422558e-01  1.748604e-03 -8.370114e-04  2.933162e-03 -1.671640e-03  7.874373e-04 -1.239835e-03  3.175934e+05  1.378787e+01  1.584413e+05 -4.276389e+02  1.793388e+01 -1.216236e+02
   173  1.468286e+00 -8.160624e-01  1.712217e-03 -8.195884e-04  2.920516e-03 -1.669599e-03  7.867153e-04 -1.276085e-03  3.109854e+05  1.376377e+01  1.577587e+05 -4.265151e+02  1.750430e+01 -1.239985e+02
   174  1.536516e+00 -7.896280e-01  1.675435e-03 -8.019756e-04  2.953450e-03 -1.669406e-03  7.869061e-04 -1.229911e-03  3.043056e+05  1.376149e+01  1.595370e+05 -4.258213e+02  1.707102e+01 -1.211754e+02
   175  1.604578e+00 -7.631532e-01  1.638559e-03 -7.843185e-04  2.940622e-03 -1.668231e-03  7.866212e-04 -1.103782e-03  2.976089e+05  1.374767e+01  1.588426e+05 -4.248932e+02  1.663723e+01 -1.122300e+02
   176  1.672239e+00 -7.360797e-01  1.600588e-03 -7.661387e-04  2.973522e-03 -1.659391e-03  7.826220e-04 -9.064174e-04  2.907132e+05  1.364464e+01  1.606172e+05 -4.221302e+02  1.619470e+01 -9.886828e+01
   177  1.739808e+00 -7.083195e-01  1.561412e-03 -7.473799e-04  2.959486e-03 -1.658630e-03  7.826078e-04 -6.111788e-04  2.835988e+05  1.363585e+01  1.598556e+05 -4.212557e+02  1.574193e+01 -7.812120e+01
   178  1.807492e+00 -6.804489e-01  1.522059e-03 -7.285364e-04  2.992337e-03 -1.658531e-03  7.829206e-04 -1.807262e-06  2.764522e+05  1.363471e+01  1.616226e+05 -4.205343e+02  1.528745e+01 -3.604127e+01
   179  1.874625e+00 -6.526876e-01  1.482822e-03 -7.097789e-04  8.387001e-04 -1.657003e-03  7.927868e-04 -2.974053e-03  2.693248e+05  9.356223e+00  4.533570e+04 -4.186667e+02  1.649232e+01 -2.173629e+02
   180  1.941125e+00 -6.247427e-01  1.443181e-03 -6.907985e-04  8.585531e-04 -1.652294e-03  7.902828e-04 -2.351364e-03  2.621258e+05  9.290988e+00  4.640053e+04 -4.168941e+02  1.594322e+01 -1.741988e+02
   181  2.007595e+00 -5.964571e-01  1.402944e-03 -6.715317e-04  8.555797e-04 -1.652052e-03  7.899879e-04 -2.003411e-03  2.548187e+05  9.287664e+00  4.623575e+04 -4.161664e+02  1.539028e+01 -1.499101e+02
   182  2.074138e+00 -5.681233e-01  1.362632e-03 -6.522294e-04  8.752411e-04 -1.652047e-03  7.898100e-04 -1.804628e-03  2.474981e+05  9.287599e+00  4.729532e+04 -4.154936e+02  1.483654e+01 -1.362906e+02
   183  2.140680e+00 -5.397844e-01  1.322312e-03 -6.329227e-04  8.717815e-04 -1.651970e-03  7.895968e-04 -1.697452e-03  2.401758e+05  9.286533e+00  4.710718e+04 -4.148033e+02  1.428275e+01 -1.287787e+02
   184  2.207217e+00 -5.114325e-01  1.281968e-03 -6.136048e-04  8.909325e-04 -1.651833e-03  7.893558e-04 -1.637324e-03  2.328493e+05  9.284656e+00  4.814084e+04 -4.140985e+02  1.372882e+01 -1.248176e+02
   185  2.273760e+00 -4.830751e-01  1.241616e-03 -5.942828e-04  8.869617e-04 -1.651932e-03  7.892301e-04 -1.611438e-03  2.255213e+05  9.286010e+00  4.792606e+04 -4.134493e+02  1.317481e+01 -1.229656e+02
   186  2.340372e+00 -4.547059e-01  1.201252e-03 -5.749555e-04  9.056288e-04 -1.652082e-03  7.891283e-04 -1.602199e-03  2.181912e+05  9.288078e+00  4.893420e+04 -4.128123e+02  1.262043e+01 -1.225457e+02
   187  2.407189e+00 -4.265255e-01  1.161244e-03 -5.557976e-04  9.010222e-04 -1.655795e-03  7.907491e-04 -1.598165e-03  2.109259e+05  9.339386e+00  4.868533e+04 -4.130256e+02  1.206752e+01 -1.222092e+02
   188  2.474172e+00 -3.987640e-01  1.121987e-03 -5.369994e-04  9.194413e-04 -1.658888e-03  7.920327e-04 -1.595336e-03  2.037968e+05  9.382612e+00  4.968016e+04 -4.131079e+02  1.151889e+01 -1.222331e+02
   189  2.541154e+00 -3.712451e-01  1.083151e-03 -5.184036e-04  9.144693e-04 -1.659134e-03  7.919073e-04 -1.606570e-03  1.967442e+05  9.386066e+00  4.941174e+04 -4.125249e+02  1.097306e+01 -1.229565e+02
   190  2.608303e+00 -3.437635e-01  1.044402e-03 -4.998493e-04  9.321974e-04 -1.660323e-03  7.922354e-04 -1.629451e-03  1.897074e+05  9.402824e+00  5.036955e+04 -4.121673e+02  1.042710e+01 -1.247641e+02
   191  2.675921e+00 -3.169007e-01  1.006792e-03 -4.818386e-04  9.263891e-04 -1.669838e-03  7.965776e-04 -1.632843e-03  1.828777e+05  9.539544e+00  5.005587e+04 -4.138036e+02  9.886680e+00 -1.249308e+02
   192  2.743736e+00 -2.909077e-01  9.707211e-04 -4.645659e-04  9.445963e-04 -1.672755e-03  7.976271e-04 -1.624295e-03  1.763272e+05  9.582495e+00  5.103918e+04 -4.139101e+02  9.355633e+00 -1.245535e+02
   193  2.811527e+00 -2.651780e-01  9.351042e-04 -4.475115e-04  9.380531e-04 -1.673079e-03  7.973911e-04 -1.635375e-03  1.698592e+05  9.587300e+00  5.068590e+04 -4.134122e+02  8.827704e+00 -1.252473e+02
   194  2.879752e+00 -2.397614e-01  9.000899e-04 -4.307444e-04  9.552964e-04 -1.678643e-03  7.996819e-04 -1.667073e-03  1.635007e+05  9.670834e+00  5.161763e+04 -4.141669e+02  8.301916e+00 -1.276637e+02
   195  2.948571e+00 -2.155833e-01  8.673085e-04 -4.150451e-04  9.483139e-04 -1.690338e-03  8.048674e-04 -1.663959e-03  1.575480e+05  9.854047e+00  5.124046e+04 -4.164188e+02  7.788399e+00 -1.273628e+02
   196  3.017394e+00 -1.924444e-01  8.363341e-04 -4.002137e-04  9.665047e-04 -1.690756e-03  8.044663e-04 -1.638153e-03  1.519230e+05  9.860817e+00  5.222267e+04 -4.160387e+02  7.286869e+00 -1.257824e+02
   197  3.086361e+00 -1.693349e-01  8.054299e-04 -3.854159e-04  9.582737e-04 -1.691195e-03  8.040687e-04 -1.633847e-03  1.463108e+05  9.867941e+00  5.177804e+04 -4.156653e+02  6.785187e+00 -1.253835e+02
   198  3.156154e+00 -1.474953e-01  7.768445e-04 -3.717248e-04  9.748166e-04 -1.706466e-03  8.108112e-04 -1.656820e-03  1.411201e+05  1.012962e+01  5.267184e+04 -4.188498e+02  6.295353e+00 -1.271833e+02
   199  3.226124e+00 -1.272949e-01  7.511325e-04 -3.594129e-04  9.685548e-04 -1.708372e-03  8.108993e-04 -1.682549e-03  1.364508e+05  1.016458e+01  5.233393e+04 -4.189303e+02  5.823836e+00 -1.289015e+02
   200  3.296066e+00 -1.073930e-01  7.259355e-04 -3.473478e-04  9.838484e-04 -1.709146e-03  8.104138e-04 -1.726305e-03  1.318750e+05  1.017895e+01  5.316050e+04 -4.187530e+02  5.355865e+00 -1.321349e+02
   201  3.366693e+00 -8.854430e-02  7.026613e-04 -3.362012e-04  9.762837e-04 -1.718877e-03  8.142147e-04 -1.737381e-03  1.276487e+05  1.037049e+01  5.275204e+04 -4.207354e+02  4.897719e+00 -1.328162e+02
   202  3.437630e+00 -7.143722e-02  6.824564e-04 -3.265254e-04  9.926928e-04 -1.723829e-03  8.155485e-04 -1.740422e-03  1.239796e+05  1.047811e+01  5.363837e+04 -4.216493e+02  4.458624e+00 -1.332250e+02
   203  3.508637e+00 -5.503065e-02  6.634786e-04 -3.174385e-04  9.849428e-04 -1.724137e-03  8.145606e-04 -1.788051e-03  1.205333e+05  1.048510e+01  5.322035e+04 -4.214892e+02  4.027377e+00 -1.364518e+02
   204  3.580298e+00 -3.989960e-02  6.468060e-04 -3.094530e-04  9.992599e-04 -1.732490e-03  8.173993e-04 -1.908733e-03  1.175058e+05  1.069485e+01  5.399509e+04 -4.232807e+02  3.608628e+00 -1.450354e+02
   205  3.652240e+00 -2.688833e-02  6.338562e-04 -3.032513e-04  9.930544e-04 -1.736358e-03  8.178894e-04 -2.069707e-03  1.151542e+05  1.081295e+01  5.366185e+04 -4.240864e+02  3.213392e+00 -1.561811e+02
   206  3.724274e+00 -1.474355e-02  6.224249e-04 -2.977780e-04  1.007491e-03 -1.736645e-03  8.165658e-04 -2.337674e-03  1.130783e+05  1.082263e+01  5.444483e+04 -4.240756e+02  2.827849e+00 -1.750321e+02
   207  3.797573e+00 -9.928435e-03  6.239051e-04 -2.984813e-04  9.914312e-04 -1.732867e-03  8.127111e-04 -2.245946e-03  1.133474e+05  1.165245e+01  5.357629e+04 -4.233653e+02  2.522618e+00 -1.684457e+02
   208  3.872448e+00 -1.293489e-02  6.391939e-04 -1.982623e-04  4.137380e-04 -1.730203e-03  6.941039e-04 -2.048215e-03  8.409871e+05  1.169085e+01  5.597223e+04  1.698302e+01  2.302314e+00 -2.227778e+01
   209  3.947482e+00 -1.150126e-02  6.467855e-04 -2.006169e-04  4.129532e-04 -1.743480e-03  6.935899e-04 -9.053362e-04  8.509775e+05  1.121211e+01  5.589232e+04  1.781305e+01  2.030210e+00 -4.539899e+00
   210  4.022171e+00 -6.883015e-03  6.487949e-04 -2.012385e-04  4.374457e-04 -1.742209e-03  6.869118e-04 -1.772425e-03  8.536232e+05  1.140664e+01  5.918857e+04  1.843158e+01  1.722516e+00 -1.744619e+01
   211  4.096939e+00 -4.313440e-03  6.543761e-04 -2.029684e-04  4.360789e-04 -1.741652e-03  6.809507e-04 -1.572492e-03  8.609712e+05  1.143504e+01  5.900812e+04  2.006161e+01  1.438203e+00 -1.437151e+01
   212  4.171753e+00 -3.660730e-03  6.632958e-04 -2.057336e-04  4.605012e-04 -1.736436e-03  6.736545e-04 -1.702512e-03  8.727156e+05  1.158848e+01  6.231187e+04  2.317977e+01  1.175862e+00 -1.582819e+01
   213  4.246592e+00 -5.320355e-03  6.762384e-04 -2.097468e-04  4.595085e-04 -1.733314e-03  6.676577e-04 -1.634514e-03  8.897556e+05  1.164534e+01  6.217902e+04  2.730564e+01  9.401342e-01 -1.479465e+01
   214  4.321372e+00 -9.116175e-03  6.928866e-04 -2.149093e-04  4.844231e-04 -1.724642e-03  6.600460e-04 -1.768371e-03  9.116757e+05  1.175519e+01  6.554933e+04  3.312213e+01  7.292666e-01 -1.629957e+01
   215  4.396070e+00 -1.555747e-02  7.141225e-04 -2.214949e-04  4.839443e-04 -1.715694e-03  6.529207e-04 -1.672412e-03  9.396357e+05  1.183107e+01  6.548671e+04  4.035971e+01  5.492201e-01 -1.481979e+01
   216  4.470529e+00 -2.499379e-02  7.405326e-04 -2.296853e-04  5.098295e-04 -1.698636e-03  6.434194e-04 -1.867746e-03  9.744100e+05  1.192451e+01  6.898703e+04  4.999469e+01  4.045668e-01 -1.725744e+01
   217  4.544521e+00 -3.794161e-02  7.729843e-04 -2.397498e-04  5.099725e-04 -1.678817e-03  6.336863e-04 -1.570802e-03  1.017139e+06  1.198713e+01  6.901323e+04  6.174599e+01  3.020411e-01 -1.264077e+01
   218  4.617738e+00 -5.436112e-02  8.113668e-04 -2.516539e-04  5.377675e-04 -1.653782e-03  6.228100e-04 -2.802430e-03  1.067677e+06  1.202611e+01  7.274823e+04  7.583041e+01  2.422354e-01 -3.113443e+01
   219  4.682909e+00 -7.483640e-02  8.557184e-04 -2.654091e-04  5.325022e-04 -1.567427e-03  5.902848e-04  2.158481e-03  1.126093e+06  1.198864e+01  7.214975e+04  9.798909e+01  2.566546e-01  4.581780e+01
   220  4.710121e+00  5.503840e-03  7.197158e-04 -2.232323e-04  5.486452e-04 -1.040707e-04  1.934476e-05 -1.231208e-03  9.474798e+05 -3.606536e+00  7.425729e+04  2.057890e+02 -7.635311e-01 -6.472707e+00
   221  1.847157e+00 -6.313187e-01  1.441984e-03 -9.529605e-04  2.044286e-03 -4.166805e-04  2.395289e-04  2.512250e-03  7.342304e+04  3.378079e+00  1.128315e+05 -1.054823e+01 -1.809112e+00  6.523566e+01
   222  1.858817e+00 -5.609299e-01  1.321191e-03 -8.731289e-04  2.158150e-03 -4.166807e-04  2.345224e-04  4.499550e-04  6.727265e+04  3.378079e+00  1.191161e+05 -1.068952e+01 -2.017071e+00  1.168399e+01
   223  1.870478e+00 -4.905412e-01  1.200397e-03 -7.932973e-04  2.048518e-03 -4.166807e-04  2.295158e-04 -5.609459e-04  6.112227e+04  3.378079e+00  1.130651e+05 -1.083080e+01 -2.225030e+00 -1.456610e+01
   224  1.882138e+00 -4.201524e-01  1.079604e-03 -7.134657e-04  2.161995e-03 -4.166805e-04  2.245090e-04 -1.056662e-03  5.497189e+04  3.378079e+00  1.193283e+05 -1.097208e+01 -2.432989e+00 -2.743836e+01
   225  1.893798e+00 -3.497636e-01  9.588103e-04 -6.336341e-04  2.051975e-03 -4.166807e-04  2.195025e-04 -1.299925e-03  4.882151e+04  3.378079e+00  1.132559e+05 -1.111337e+01 -2.640948e+00 -3.375518e+01
   226  1.905459e+00 -2.793749e-01  8.380169e-04 -5.538025e-04  2.165064e-03 -4.166807e-04  2.144959e-04 -1.419462e-03  4.267113e+04  3.378079e+00  1.194977e+05 -1.125465e+01 -2.848908e+00 -3.685922e+01
   227  1.917119e+00 -2.089861e-01  7.172234e-04 -4.739709e-04  2.054657e-03 -4.166807e-04  2.094892e-04 -1.478329e-03  3.652075e+04  3.378079e+00  1.134039e+05 -1.139593e+01 -3.056867e+00 -3.838782e+01
   228  1.928779e+00 -1.385974e-01  5.964300e-04 -3.941393e-04  2.167358e-03 -4.166804e-04  2.044824e-04 -1.507383e-03  3.037037e+04  3.378079e+00  1.196243e+05 -1.153721e+01 -3.264826e+00 -3.914227e+01
   229  1.940440e+00 -6.820862e-02  4.756366e-04 -3.143077e-04  2.056564e-03 -4.166807e-04  1.994760e-04 -1.521666e-03  2.421999e+04  3.378079e+00  1.135091e+05 -1.167850e+01 -3.472785e+00 -3.951315e+01
   230  1.952100e+00  2.180130e-03  3.548431e-04 -2.344761e-04  2.168877e-03 -4.166807e-04  1.944693e-04 -1.528388e-03  1.806961e+04  3.378079e+00  1.197081e+05 -1.181978e+01 -3.680744e+00 -3.968770e+01
   231  1.963760e+00  7.256888e-02  2.340497e-04 -1.546445e-04  2.057695e-03 -4.166805e-04  1.894626e-04 -1.530755e-03  1.191923e+04  3.378079e+00  1.135716e+05 -1.196106e+01 -3.888703e+00 -3.974916e+01
   232  1.975421e+00  1.429576e-01  1.132562e-04 -7.481294e-05  2.169621e-03 -4.166807e-04  1.844561e-04 -1.529667e-03  5.768845e+03  3.378079e+00  1.197492e+05 -1.210235e+01 -4.096662e+00 -3.972092e+01
   233  1.987081e+00  2.133464e-01 -7.537220e-06  5.018667e-06  2.058051e-03 -4.166807e-04  1.794494e-04 -1.524201e-03 -3.815364e+02  3.378079e+00  1.135912e+05 -1.224363e+01 -4.304621e+00 -3.957898e+01
   234  1.998741e+00  2.837352e-01 -1.283307e-04  8.485027e-05  2.169589e-03 -4.166805e-04  1.744426e-04 -1.511119e-03 -6.531917e+03  3.378079e+00  1.197474e+05 -1.238491e+01 -4.512581e+00 -3.923928e+01
   235  2.010402e+00  3.541239e-01 -2.491241e-04  1.646819e-04  2.057631e-03 -4.166807e-04  1.694361e-04 -1.483151e-03 -1.268230e+04  3.378079e+00  1.135681e+05 -1.252619e+01 -4.720540e+00 -3.851302e+01
   236  2.022062e+00  4.245127e-01 -3.699175e-04  2.445135e-04  2.168782e-03 -4.166807e-04  1.644295e-04 -1.425133e-03 -1.883268e+04  3.378079e+00  1.197029e+05 -1.266748e+01 -4.928499e+00 -3.700646e+01
   237  2.033722e+00  4.949014e-01 -4.907110e-04  3.243451e-04  2.056436e-03 -4.166807e-04  1.594229e-04 -1.305957e-03 -2.498306e+04  3.378079e+00  1.135021e+05 -1.280876e+01 -5.136458e+00 -3.391181e+01
   238  2.045383e+00  5.652902e-01 -6.115044e-04  4.041767e-04  2.167199e-03 -4.166804e-04  1.544161e-04 -1.062058e-03 -3.113344e+04  3.378079e+00  1.196155e+05 -1.295004e+01 -5.344417e+00 -2.757849e+01
   239  2.057043e+00  6.356789e-01 -7.322979e-04  4.840083e-04  2.054466e-03 -4.166807e-04  1.494096e-04 -5.636739e-04 -3.728382e+04  3.378079e+00  1.133934e+05 -1.309133e+01 -5.552376e+00 -1.463694e+01
   240  2.068704e+00  7.060677e-01 -8.530913e-04  5.638399e-04  2.164842e-03 -4.166807e-04  1.444029e-04  4.540425e-04 -4.343420e+04  3.378079e+00  1.194854e+05 -1.323261e+01 -5.760335e+00  1.179013e+01
   241  2.080364e+00  7.764564e-01 -9.738848e-04  6.436715e-04  2.051721e-03 -4.166805e-04  1.393962e-04  2.531615e-03 -4.958458e+04  3.378079e+00  1.132419e+05 -1.337389e+01 -5.968294e+00  6.573851e+01
   242 -1.025237e+00 -1.139680e+00  1.939675e-03 -1.282305e-03  2.870313e-03 -4.144174e-04  2.725702e-04 -1.822712e-03  9.873843e+04 -3.488813e+01  1.584229e+05 -9.521832e+00 -3.728231e-01 -4.733040e+01
   243 -1.013406e+00 -1.067668e+00  1.816083e-03 -1.200623e-03  2.871356e-03 -4.144171e-04  2.688305e-04 -1.615171e-03  9.244555e+04 -3.488813e+01  1.584805e+05 -9.627354e+00 -5.281526e-01 -4.194118e+01
   244 -1.001576e+00 -9.956566e-01  1.692491e-03 -1.118942e-03  2.876269e-03 -4.144174e-04  2.650911e-04 -1.515682e-03  8.615266e+04 -3.488813e+01  1.587516e+05 -9.732886e+00 -6.834821e-01 -3.935777e+01
   245 -9.897457e-01 -9.236447e-01  1.568898e-03 -1.037261e-03  2.876907e-03 -4.144174e-04  2.613515e-04 -1.468236e-03  7.985978e+04 -3.488813e+01  1.587869e+05 -9.838415e+00 -8.388118e-01 -3.812573e+01
   246 -9.779153e-01 -8.516328e-01  1.445306e-03 -9.555794e-04  2.881414e-03 -4.144171e-04  2.576118e-04 -1.445853e-03  7.356690e+04 -3.488813e+01  1.590356e+05 -9.943936e+00 -9.941413e-01 -3.754450e+01
   247 -9.660850e-01 -7.796209e-01  1.321714e-03 -8.738981e-04  2.881646e-03 -4.144174e-04  2.538724e-04 -1.435535e-03  6.727401e+04 -3.488813e+01  1.590484e+05 -1.004947e+01 -1.149471e+00 -3.727656e+01
   248 -9.542546e-01 -7.076090e-01  1.198122e-03 -7.922169e-04  2.885747e-03 -4.144174e-04  2.501328e-04 -1.431021e-03  6.098113e+04 -3.488813e+01  1.592748e+05 -1.015500e+01 -1.304801e+00 -3.715935e+01
   249 -9.424243e-01 -6.355971e-01  1.074530e-03 -7.105356e-04  2.885574e-03 -4.144171e-04  2.463930e-04 -1.429297e-03  5.468825e+04 -3.488813e+01  1.592652e+05 -1.026052e+01 -1.460130e+00 -3.711460e+01
   250 -9.305939e-01 -5.635852e-01  9.509375e-04 -6.288543e-04  2.889269e-03 -4.144174e-04  2.426536e-04 -1.428912e-03  4.839536e+04 -3.488813e+01  1.594692e+05 -1.036605e+01 -1.615460e+00 -3.710460e+01
   251 -9.187635e-01 -4.915733e-01  8.273453e-04 -5.471730e-04  2.888691e-03 -4.144174e-04  2.389140e-04 -1.429164e-03  4.210248e+04 -3.488813e+01  1.594372e+05 -1.047158e+01 -1.770789e+00 -3.711113e+01
   252 -9.069332e-01 -4.195614e-01  7.037531e-04 -4.654918e-04  2.891980e-03 -4.144172e-04  2.351743e-04 -1.429715e-03  3.580960e+04 -3.488813e+01  1.596188e+05 -1.057710e+01 -1.926119e+00 -3.712546e+01
   253 -8.951028e-01 -3.475495e-01  5.801609e-04 -3.838105e-04  2.890996e-03 -4.144174e-04  2.314349e-04 -1.430404e-03  2.951671e+04 -3.488813e+01  1.595645e+05 -1.068263e+01 -2.081448e+00 -3.714334e+01
   254 -8.832725e-01 -2.755376e-01  4.565687e-04 -3.021292e-04  2.893880e-03 -4.144174e-04  2.276953e-04 -1.431151e-03  2.322383e+04 -3.488813e+01  1.597236e+05 -1.078816e+01 -2.236778e+00 -3.716275e+01
   255 -8.714421e-01 -2.035257e-01  3.329765e-04 -2.204479e-04  2.892489e-03 -4.144174e-04  2.239557e-04 -1.431921e-03  1.693095e+04 -3.488813e+01  1.596469e+05 -1.089369e+01 -2.392108e+00 -3.718273e+01
   256 -8.596118e-01 -1.315138e-01  2.093843e-04 -1.387667e-04  2.894967e-03 -4.144171e-04  2.202160e-04 -1.432694e-03  1.063806e+04 -3.488813e+01  1.597837e+05 -1.099921e+01 -2.547437e+00 -3.720280e+01
   257 -8.477814e-01 -5.950190e-02  8.579215e-05 -5.708539e-05  2.893171e-03 -4.144174e-04  2.164766e-04 -1.433460e-03  4.345180e+03 -3.488813e+01  1.596846e+05 -1.110474e+01 -2.702767e+00 -3.722269e+01
   258 -8.359511e-01  1.250999e-02 -3.780003e-05  2.459588e-05  2.895244e-03 -4.144174e-04  2.127370e-04 -1.434213e-03 -1.947703e+03 -3.488813e+01  1.597989e+05 -1.121027e+01 -2.858096e+00 -3.724225e+01
   259 -8.241207e-01  8.452189e-02 -1.613922e-04  1.062771e-04  2.893042e-03 -4.144171e-04  2.089973e-04 -1.434953e-03 -8.240586e+03 -3.488813e+01  1.596774e+05 -1.131579e+01 -3.013426e+00 -3.726145e+01
   260 -8.122903e-01  1.565338e-01 -2.849844e-04  1.879584e-04  2.894709e-03 -4.144174e-04  2.052579e-04 -1.435672e-03 -1.453347e+04 -3.488813e+01  1.597694e+05 -1.142133e+01 -3.168755e+00 -3.728015e+01
   261 -8.004600e-01  2.285457e-01 -4.085766e-04  2.696397e-04  2.892102e-03 -4.144174e-04  2.015183e-04 -1.436362e-03 -2.082635e+04 -3.488813e+01  1.596255e+05 -1.152685e+01 -3.324085e+00 -3.729806e+01
   262 -7.886296e-01  3.005576e-01 -5.321688e-04  3.513210e-04  2.893363e-03 -4.144171e-04  1.977785e-04 -1.437003e-03 -2.711924e+04 -3.488813e+01  1.596951e+05 -1.163238e+01 -3.479415e+00 -3.731470e+01
   263 -7.767993e-01  3.725695e-01 -6.557610e-04  4.330023e-04  2.890350e-03 -4.144174e-04  1.940391e-04 -1.437556e-03 -3.341212e+04 -3.488813e+01  1.595288e+05 -1.173791e+01 -3.634744e+00 -3.732907e+01
   264 -7.649689e-01  4.445814e-01 -7.793532e-04  5.146835e-04  2.891205e-03 -4.144174e-04  1.902995e-04 -1.437942e-03 -3.970500e+04 -3.488813e+01  1.595760e+05 -1.184344e+01 -3.790074e+00 -3.733908e+01
   265 -7.531386e-01  5.165933e-01 -9.029454e-04  5.963648e-04  2.887787e-03 -4.144174e-04  1.865600e-04 -1.437995e-03 -4.599789e+04 -3.488813e+01  1.593873e+05 -1.194896e+01 -3.945404e+00 -3.734046e+01
   266 -7.413082e-01  5.886052e-01 -1.026538e-03  6.780461e-04  2.888236e-03 -4.144171e-04  1.828202e-04 -1.437373e-03 -5.229077e+04 -3.488813e+01  1.594122e+05 -1.205449e+01 -4.100733e+00 -3.732430e+01
   267 -7.294778e-01  6.606171e-01 -1.150130e-03  7.597273e-04  2.884412e-03 -4.144174e-04  1.790808e-04 -1.435360e-03 -5.858365e+04 -3.488813e+01  1.592011e+05 -1.216002e+01 -4.256063e+00 -3.727204e+01
   268 -7.176475e-01  7.326290e-01 -1.273722e-03  8.414086e-04  2.884456e-03 -4.144174e-04  1.753412e-04 -1.430477e-03 -6.487654e+04 -3.488813e+01  1.592035e+05 -1.226555e+01 -4.411392e+00 -3.714525e+01
   269 -7.058171e-01  8.046409e-01 -1.397314e-03  9.230899e-04  2.880226e-03 -4.144171e-04  1.716015e-04 -1.419653e-03 -7.116942e+04 -3.488813e+01  1.589700e+05 -1.237107e+01 -4.566722e+00 -3.686417e+01
   270 -6.939868e-01  8.766528e-01 -1.520906e-03  1.004771e-03  2.879864e-03 -4.144174e-04  1.678621e-04 -1.396508e-03 -7.746230e+04 -3.488813e+01  1.589501e+05 -1.247660e+01 -4.722051e+00 -3.626316e+01
   271 -6.821564e-01  9.486647e-01 -1.644498e-03  1.086452e-03  2.875228e-03 -4.144174e-04  1.641225e-04 -1.347796e-03 -8.375519e+04 -3.488813e+01  1.586942e+05 -1.258213e+01 -4.877381e+00 -3.499826e+01
   272 -6.703261e-01  1.020677e+00 -1.768091e-03  1.168134e-03  2.874461e-03 -4.144171e-04  1.603828e-04 -1.246026e-03 -9.004807e+04 -3.488813e+01  1.586518e+05 -1.268765e+01 -5.032711e+00 -3.235559e+01
   273 -6.584957e-01  1.092688e+00 -1.891683e-03  1.249815e-03  2.869419e-03 -4.144174e-04  1.566434e-04 -1.034122e-03 -9.634095e+04 -3.488813e+01  1.583736e+05 -1.279318e+01 -5.188040e+00 -2.685309e+01
   274 -6.466653e-01  1.164700e+00 -2.015275e-03  1.331496e-03  2.868246e-03 -4.144174e-04  1.529038e-04 -5.936038e-04 -1.026338e+05 -3.488813e+01  1.583088e+05 -1.289871e+01 -5.343370e+00 -1.541413e+01
   275 -6.348350e-01  1.236712e+00 -2.138867e-03  1.413178e-03  2.862799e-03 -4.144174e-04  1.491642e-04  3.214891e-04 -1.089267e+05 -3.488813e+01  1.580082e+05 -1.300424e+01 -5.498699e+00  8.348116e+00
   276 -2.394256e-01 -1.180501e+00  2.116240e-03 -1.398354e-03  3.876670e-03 -4.151716e-04  1.491582e-04  1.597495e-04  1.077668e+05  2.304614e+01  2.139674e+05 -1.303574e+01 -5.520231e+00  4.148221e+00
   277 -2.276043e-01 -1.108744e+00  1.993090e-03 -1.316965e-03  3.876867e-03 -4.151716e-04  1.532054e-04 -6.706812e-04  1.014964e+05  2.304614e+01  2.139782e+05 -1.292153e+01 -5.352126e+00 -1.741560e+01
   278 -2.157830e-01 -1.036987e+00  1.869939e-03 -1.235576e-03  3.883186e-03 -4.151714e-04  1.572524e-04 -1.072061e-03  9.522603e+04  2.304614e+01  2.143270e+05 -1.280732e+01 -5.184020e+00 -2.783824e+01
   279 -2.039617e-01 -9.652296e-01  1.746789e-03 -1.154187e-03  3.882980e-03 -4.151716e-04  1.612997e-04 -1.266220e-03  8.895564e+04  2.304614e+01  2.143156e+05 -1.269311e+01 -5.015915e+00 -3.287998e+01
   280 -1.921404e-01 -8.934726e-01  1.623639e-03 -1.072797e-03  3.888896e-03 -4.151716e-04  1.653469e-04 -1.360302e-03  8.268526e+04  2.304614e+01  2.146422e+05 -1.257891e+01 -4.847809e+00 -3.532300e+01
   281 -1.803191e-01 -8.217156e-01  1.500489e-03 -9.914082e-04  3.888287e-03 -4.151716e-04  1.693940e-04 -1.406055e-03  7.641487e+04  2.304614e+01  2.146086e+05 -1.246470e+01 -4.679704e+00 -3.651108e+01
   282 -1.684978e-01 -7.499586e-01  1.377338e-03 -9.100189e-04  3.893801e-03 -4.151716e-04  1.734412e-04 -1.428474e-03  7.014449e+04  2.304614e+01  2.149129e+05 -1.235049e+01 -4.511598e+00 -3.709323e+01
   283 -1.566765e-01 -6.782015e-01  1.254188e-03 -8.286297e-04  3.892789e-03 -4.151716e-04  1.774883e-04 -1.439631e-03  6.387411e+04  2.304614e+01  2.148570e+05 -1.223629e+01 -4.343493e+00 -3.738293e+01
   284 -1.448552e-01 -6.064445e-01  1.131038e-03 -7.472404e-04  3.897899e-03 -4.151714e-04  1.815353e-04 -1.445356e-03  5.760372e+04  2.304614e+01  2.151391e+05 -1.212207e+01 -4.175387e+00 -3.753159e+01
   285 -1.330339e-01 -5.346875e-01  1.007887e-03 -6.658512e-04  3.896485e-03 -4.151716e-04  1.855827e-04 -1.448463e-03  5.133334e+04  2.304614e+01  2.150610e+05 -1.200787e+01 -4.007282e+00 -3.761227e+01
   286 -1.212126e-01 -4.629305e-01  8.847369e-04 -5.844620e-04  3.901193e-03 -4.151716e-04  1.896298e-04 -1.450313e-03  4.506295e+04  2.304614e+01  2.153209e+05 -1.189366e+01 -3.839176e+00 -3.766031e+01
   287 -1.093912e-01 -3.911735e-01  7.615866e-04 -5.030727e-04  3.899375e-03 -4.151716e-04  1.936770e-04 -1.451564e-03  3.879257e+04  2.304614e+01  2.152205e+05 -1.177946e+01 -3.671071e+00 -3.769279e+01
   288 -9.756993e-02 -3.194165e-01  6.384363e-04 -4.216835e-04  3.903680e-03 -4.151716e-04  1.977241e-04 -1.452532e-03  3.252218e+04  2.304614e+01  2.154582e+05 -1.166525e+01 -3.502965e+00 -3.771794e+01
   289 -8.574863e-02 -2.476595e-01  5.152860e-04 -3.402942e-04  3.901460e-03 -4.151714e-04  2.017711e-04 -1.453373e-03  2.625180e+04  2.304614e+01  2.153356e+05 -1.155104e+01 -3.334860e+00 -3.773977e+01
   290 -7.392733e-02 -1.759025e-01  3.921356e-04 -2.589050e-04  3.905362e-03 -4.151716e-04  2.058184e-04 -1.454160e-03  1.998141e+04  2.304614e+01  2.155510e+05 -1.143684e+01 -3.166755e+00 -3.776021e+01
   291 -6.210602e-02 -1.041455e-01  2.689853e-04 -1.775157e-04  3.902739e-03 -4.151716e-04  2.098656e-04 -1.454927e-03  1.371103e+04  2.304614e+01  2.154062e+05 -1.132263e+01 -2.998649e+00 -3.778013e+01
   292 -5.028470e-02 -3.238846e-02  1.458350e-04 -9.612648e-05  3.906238e-03 -4.151716e-04  2.139128e-04 -1.455692e-03  7.440641e+03  2.304614e+01  2.155993e+05 -1.120842e+01 -2.830544e+00 -3.779998e+01
   293 -3.846339e-02  3.936855e-02  2.268469e-05 -1.473723e-05  3.903212e-03 -4.151716e-04  2.179599e-04 -1.456462e-03  1.170256e+03  2.304614e+01  2.154323e+05 -1.109421e+01 -2.662438e+00 -3.781998e+01
   294 -2.664208e-02  1.111256e-01 -1.004656e-04  6.665201e-05  3.906308e-03 -4.151716e-04  2.220071e-04 -1.457241e-03 -5.100129e+03  2.304614e+01  2.156032e+05 -1.098001e+01 -2.494333e+00 -3.784021e+01
   295 -1.482078e-02  1.828826e-01 -2.236160e-04  1.480413e-04  3.902879e-03 -4.151714e-04  2.260541e-04 -1.458030e-03 -1.137051e+04  2.304614e+01  2.154140e+05 -1.086579e+01 -2.326227e+00 -3.786072e+01
   296 -2.999475e-03  2.546396e-01 -3.467663e-04  2.294305e-04  3.905573e-03 -4.151716e-04  2.301014e-04 -1.458829e-03 -1.764090e+04  2.304614e+01  2.155626e+05 -1.075159e+01 -2.158122e+00 -3.788144e+01
   297  8.821835e-03  3.263966e-01 -4.699166e-04  3.108197e-04  3.901741e-03 -4.151716e-04  2.341486e-04 -1.459628e-03 -2.391128e+04  2.304614e+01  2.153511e+05 -1.063739e+01 -1.990016e+00 -3.790219e+01
   298  2.064315e-02  3.981536e-01 -5.930669e-04  3.922090e-04  3.904032e-03 -4.151716e-04  2.381957e-04 -1.460415e-03 -3.018167e+04  2.304614e+01  2.154776e+05 -1.052318e+01 -1.821911e+00 -3.792263e+01
   299  3.246445e-02  4.699106e-01 -7.162172e-04  4.735982e-04  3.899797e-03 -4.151716e-04  2.422429e-04 -1.461163e-03 -3.645205e+04  2.304614e+01  2.152439e+05 -1.040897e+01 -1.653805e+00 -3.794207e+01
   300  4.428576e-02  5.416676e-01 -8.393675e-04  5.549875e-04  3.901685e-03 -4.151716e-04  2.462900e-04 -1.461817e-03 -4.272244e+04  2.304614e+01  2.153481e+05 -1.029476e+01 -1.485700e+00 -3.795904e+01
   301  5.610707e-02  6.134246e-01 -9.625178e-04  6.363767e-04  3.897048e-03 -4.151714e-04  2.503370e-04 -1.462260e-03 -4.899282e+04  2.304614e+01  2.150921e+05 -1.018055e+01 -1.317594e+00 -3.797054e+01
   302  6.792837e-02  6.851816e-01 -1.085668e-03  7.177660e-04  3.898533e-03 -4.151716e-04  2.543843e-04 -1.462250e-03 -5.526321e+04  2.304614e+01  2.151741e+05 -1.006635e+01 -1.149489e+00 -3.797029e+01
   303  7.974969e-02  7.569386e-01 -1.208818e-03  7.991552e-04  3.893493e-03 -4.151716e-04  2.584315e-04 -1.461287e-03 -6.153359e+04  2.304614e+01  2.148959e+05 -9.952143e+00 -9.813834e-01 -3.794527e+01
   304  9.157100e-02  8.286957e-01 -1.331969e-03  8.805445e-04  3.894575e-03 -4.151716e-04  2.624787e-04 -1.458333e-03 -6.780398e+04  2.304614e+01  2.149556e+05 -9.837936e+00 -8.132779e-01 -3.786858e+01
   305  1.033923e-01  9.004527e-01 -1.455119e-03  9.619337e-04  3.889132e-03 -4.151716e-04  2.665258e-04 -1.451244e-03 -7.407436e+04  2.304614e+01  2.146552e+05 -9.723729e+00 -6.451724e-01 -3.768450e+01
   306  1.152136e-01  9.722097e-01 -1.578269e-03  1.043323e-03  3.889811e-03 -4.151714e-04  2.705728e-04 -1.435578e-03 -8.034475e+04  2.304614e+01  2.146927e+05 -9.609516e+00 -4.770670e-01 -3.727770e+01
   307  1.270349e-01  1.043967e+00 -1.701420e-03  1.124712e-03  3.883965e-03 -4.151716e-04  2.746201e-04 -1.402137e-03 -8.661513e+04  2.304614e+01  2.143700e+05 -9.495314e+00 -3.089616e-01 -3.640933e+01
   308  1.388562e-01  1.115724e+00 -1.824570e-03  1.206101e-03  3.884242e-03 -4.151716e-04  2.786673e-04 -1.331878e-03 -9.288552e+04  2.304614e+01  2.143853e+05 -9.381107e+00 -1.408561e-01 -3.458492e+01
   309  1.506775e-01  1.187481e+00 -1.947720e-03  1.287491e-03  3.877993e-03 -4.151716e-04  2.827144e-04 -1.185378e-03 -9.915590e+04  2.304614e+01  2.140404e+05 -9.266900e+00  2.724938e-02 -3.078075e+01
