1 -0.011640858110147829 -0.026153791493113997 0.999590150818321 -0.2763742367256135 -0.9606317648938563 -0.028353016616377652 0.9609795896359057 -0.27659101841428024 0.003954343909840047
2 -0.011425912196013892 -0.02621084824341132 0.9995911363977023 -0.27154230894641385 -0.9620094729387718 -0.028329285697247554 0.9623586768884763 -0.2717549731107543 0.003874481518072041
3 -0.011253912268014778 -0.026255549560815092 0.9995919145210824 -0.26592137508181923 -0.9635791269249622 -0.028303505597742827 0.9639290283694428 -0.2661313815989888 0.0038621231149629973
4 -0.011123308596912766 -0.026288509723578317 0.9995925101071791 -0.2597700148992722 -0.9652564411272233 -0.02827617763486264 0.9656064474541838 -0.25997868589351647 0.003907878707242268
5 -0.01103151425577503 -0.026310738520737786 0.9995929425179624 -0.25332397990501393 -0.9669689901286351 -0.028247713795839267 0.9673185963777953 -0.25353247754104596 0.004001991203182968
6 -0.010975340280928714 -0.026323446281007086 0.9995932263083865 -0.2467882691010657 -0.968658488251366 -0.028218493451605042 0.969007271458691 -0.24699758969364302 0.0041350387801041034
7 -0.010951369740102482 -0.02632788722697418 0.999593372254428 -0.24033420174691414 -0.9702808138229634 -0.028188894936148585 0.9706284247699986 -0.2405451822032846 0.004298412183525202
8 -0.010956251994520431 -0.026325247422517777 0.999593388278642 -0.23410027577389572 -0.9718045658993262 -0.02815930716135499 0.9721507195002318 -0.23431360832304374 0.004484588031991103
9 -0.010986916935288518 -0.026316573526823442 0.9995932800964922 -0.22819553805286882 -0.973208863630187 -0.028130129121672454 0.9735533288264279 -0.2284117897776898 0.004687240289730036
10 -0.011040720516768769 -0.026302733541030195 0.9995930515458478 -0.22270437345963015 -0.9744809145750526 -0.028101764551760163 0.9748235042983031 -0.2229240079875619 0.004901237633217648
11 -0.011115538471918072 -0.02628439940298537 0.9995927046314931 -0.21769190755083953 -0.9756136782898057 -0.02807461701807558 0.9759542398039754 -0.2179153071306814 0.005122570329895803
12 -0.011209826592664082 -0.026262042036937834 0.9995922393335256 -0.21320951852898248 -0.9766037834423886 -0.0280490886598978 0.9769421891782551 -0.2134370054935681 0.005348241723845429
13 -0.011322665375814764 -0.02623593097883932 0.9995916532136816 -0.2093002197214641 -0.9774497351012708 -0.02802558429367338 0.977785873938325 -0.20953207696228401 0.00557615015376224
14 -0.011453805819647828 -0.026206132096057315 0.9995909408216993 -0.2060038917253812 -0.9781503684762046 -0.028004521846704145 0.9784841372890225 -0.2062403822980095 0.005804979184086191
15 -0.011603732997218466 -0.026172497668776717 0.9995900928612226 -0.20336252524166146 -0.9787034522964211 -0.027986350072879328 0.9790347474466182 -0.20360391162461747 0.006034108326099683
16 -0.011773765868421182 -0.02613464281852933 0.9995890950195602 -0.2014258086679841 -0.9791043021985953 -0.027971575190716542 0.9794330104911332 -0.20167237257727974 0.006263553250878968
17 -0.011966216983930245 -0.026091900501505328 0.9995879262872844 -0.20025760025478884 -0.9793442128423602 -0.02796079956602555 0.9796702012367665 -0.20050966435660356 0.006493943972309868
18 -0.012184646467233523 -0.026043243196785793 0.9995865564693541 -0.1999441266644521 -0.979408431956816 -0.027954778201238054 0.9797315349639706 -0.20020208014824412 0.006726551973930065
19 -0.004970312615969286 -0.02068996347041664 0.9997735850701858 -0.20933432406631258 -0.9776127254044611 -0.021272044917251893 0.9778314971201324 -0.2093926563632411 0.000527921344573553
20 0.0012530332403230182 -0.022100090945047307 0.9997549779260514 -0.11136211087642582 -0.9935402513076942 -0.021823136635022857 0.9937791053191072 -0.11130747958544777 -0.0037060517386888754
21 0.005268893010622586 -0.022981875996898122 0.9997219974283381 -0.016471669593141537 -0.9996022339844537 -0.022892311244257686 0.9998504502510647 -0.01634647328792319 -0.005645347092094866
22 -0.004466051942174781 -0.02086149105667476 0.9997724003846785 -0.1991608779406462 -0.9797345793635052 -0.021333042383278853 0.9799566312230154 -0.19921082347680819 0.00022075264698389861
23 0.004648680290507859 -0.022127356624072832 0.9997443522523083 -0.10550574104783238 -0.9941859470965427 -0.02151374448342391 0.9944078279948849 -0.10537875822280982 -0.00695621577542005
24 0.013843845187375192 -0.02253748012094745 0.999650143770422 -0.008211499751409924 -0.999714799736061 -0.02242521929702447 0.999870451219687 -0.007898175642826778 -0.014024963431484388
25 -0.004053714963420679 -0.021037540617808485 0.9997704682974733 -0.18810174839686664 -0.9819158426608862 -0.02142452290258768 0.982141181116563 -0.1881454219913833 2.3208772034391158e-05
26 0.007750820036377859 -0.022186208489448973 0.9997238103304467 -0.09403996387014191 -0.9953392604626685 -0.02135981687493818 0.9955382513917114 -0.09384843490698809 -0.00980108572775079
27 0.021691232498647777 -0.02207668278885221 0.9995209405058654 0.006027674257972552 -0.9997351070511634 -0.022212223491553 0.9997465466685689 0.006506597147458971 -0.02155241559155951
28 -0.003727083024475327 -0.021219892060368138 0.9997678855779853 -0.17610943937297585 -0.9841347952225059 -0.02154460944397956 0.9843635376302118 -0.17614886038037197 -6.90712052371895e-05
29 0.010564690851209696 -0.022251956592869153 0.9996965728334812 -0.07744615755902193 -0.9967675193972957 -0.02136831659034163 0.9969405599064377 -0.07719690863208822 -0.012253869229247458
30 0.02880238225604164 -0.021546557463006218 0.9993528749335093 0.02568959260781717 -0.9994214678550535 -0.022288436959442624 0.9992549562589227 0.0263149283096883 -0.028232196868729922
31 -0.0034786810232892763 -0.021410420566738975 0.9997647186560916 -0.1631354218276209 -0.986365211573675 -0.02169109361798817 0.9865975536780247 -0.16317249550207738 -6.154804712767679e-05
32 0.013098539820428589 -0.022306989265000212 0.9996653572493663 -0.056216583217233676 -0.9981862736580148 -0.02153738266609736 0.9983326720216826 -0.05591566248071502 -0.014328805372056557
33 0.035171711248146026 -0.020914245440348995 0.9991624217641186 0.05019764146159614 -0.9984820493882423 -0.022667021002977975 0.9981198061954137 0.050952834927187746 -0.03406847653348585
34 -0.0032996522498947756 -0.021611020516974493 0.9997610094853893 -0.14913187593194513 -0.9885756223952925 -0.0218614360639704 0.9888118101418738 -0.14916836996486563 3.906374612759697e-05
35 0.015362559681044677 -0.022339795662085802 0.999632395078222 -0.03087019345368092 -0.9992843822136623 -0.021857598678521776 0.9994053346446468 -0.030523056754448028 -0.016041199773897535
36 0.04079608799183687 -0.020165156008358286 0.9989639861815445 0.07894166114629096 -0.9966059365902985 -0.02334140716491017 0.9960441221853711 0.07981211459504454 -0.0390657525697509
37 -0.003179633624187485 -0.021823506410886966 0.9997567826716406 -0.1340539333337721 -0.9907286298038779 -0.022052778615754658 0.9909689363889065 -0.13409144885064392 0.00022462719025541638
38 0.017368294909791054 -0.0223440365164628 0.9995994629670815 -0.001964769711643588 -0.9997490979589924 -0.022313242932433752 0.9998472293365157 -0.0015764397649686006 -0.01740783805533276
39 0.04567557130714535 -0.019301004220123995 0.9987698500765134 0.1112697657547724 -0.9934934077927748 -0.02428760797562826 0.9927400371772281 0.11224223763091364 -0.04323076077241265
40 -0.00310664298753549 -0.022049486213851388 0.9997520537248491 -0.1178625289615387 -0.9927803527531882 -0.022261973273856265 0.993025061635475 -0.1179024653896627 0.0004854059135766003
41 0.019128340890504948 -0.02231765910291411 0.9995679209873347 0.029897151207010905 -0.9992909991153343 -0.022883606288820652 0.9993699349712708 0.030321958697332542 -0.018447544451105045
42 0.049814966525290195 -0.018337528126469976 0.9985901081886878 0.14648788838499374 -0.9888845917875337 -0.025466893837076014 0.9879573713812707 0.14754998877470038 -0.04657502706382423
43 -0.00306699457091044 -0.022290203608715965 0.9997468381382276 -0.1005279642435195 -0.9946801117413484 -0.022485633441639806 0.9949295060200777 -0.10057147771262044 0.0008098897111455505
44 0.020656187833777956 -0.022262042975439322 0.9995387553000312 0.06407019271155436 -0.9976676152192401 -0.023544425001656835 0.9977315933206086 0.06452697874001267 -0.019181676272056632
45 0.05322564784317998 -0.01730176817162329 0.9984326112611753 0.18386835952836877 -0.9825846682370939 -0.02682901619044047 0.9815087655115571 0.18500815809994922 -0.04911745779703885
46 -0.003045264097457653 -0.02254634787038944 0.9997411607832716 -0.08203425986318072 -0.9963704994333198 -0.02272021275641389 0.9966248574941712 -0.08208221522780662 0.0011846383495250563
47 0.021966087094551657 -0.02218117214738071 0.9995126245425435 0.09987632516810169 -0.9947038328334232 -0.024269417327436003 0.9947573627215183 0.1003607520331823 -0.019634377063301896
48 0.05592712719624484 -0.016228906943830775 0.9983029495213281 0.22266716108265444 -0.9744832170574601 -0.028315985745410128 0.9732890073451804 0.22387291540682525 -0.05088640219432104
49 -0.0030243307942723267 -0.022817833971568544 0.9997350648427278 -0.06238432847713676 -0.9977880219771736 -0.02296211574173361 0.9980476185952771 -0.06243724570899962 0.00159416579140253
50 0.023072846091213187 -0.02208084755542673 0.9994899098762753 0.13662234189327108 -0.9903068929205915 -0.02503185030241021 0.9903544716256142 0.13713020821539698 -0.019832461419413635
51 0.05794793744612662 -0.015158815166856365 0.9982045115448424 0.2621477942256613 -0.964565468488251 -0.029866218084344014 0.9632863388050099 0.263407796624888 -0.05192072947158508
52 -0.0029855291001225277 -0.023103561532326074 0.9997286192064898 -0.0416059180290952 -0.998864527180209 -0.023207841907731546 0.9991296383357611 -0.04166391466941226 0.002020894225682527
53 0.023991491485431442 -0.021967971752608118 0.9994707682335595 0.17362228431646834 -0.9844741499736477 -0.025806015236682193 0.9845200407940087 0.17414952268306982 -0.019804873749232656
54 0.05932555139165005 -0.014132579289883863 0.998138642251011 0.3016083370968603 -0.9529140971315475 -0.03141869637070229 0.9515844103103747 0.3029108675676442 -0.05226965050269404
55 -0.002908946748852062 -0.023401169596229635 0.9997219229817562 -0.01975815790953326 -0.9995296481647723 -0.0234541603053409 0.9998005567236069 -0.01982089052326304 0.0024452145162600926
56 0.0247367769648695 -0.021849948100203482 0.9994551874063237 0.2102215161155446 -0.9772927045837968 -0.026568472469626615 0.9773407829551944 0.21076420316388148 -0.019581742446012736
57 0.06010525900579346 -0.01318935187972145 0.9981049037234714 0.34040762774236066 -0.9397016208530943 -0.0329167243340994 0.9383549460703372 0.3417409907562474 -0.051991253324703904
58 -0.002773906286639841 -0.023706814727882625 0.9997151056072783 0.003061618137560778 -0.9997144676638456 -0.02369830453797141 0.9999914659327312 0.00299500902378019 0.0028456954606522165
59 0.025322546461940282 -0.02173423481399346 0.9994430407370564 0.2458188637830259 -0.9689312947003978 -0.027298944276895793 0.9689849611057464 0.24637323147464923 -0.019193122821309413
60 0.06033812950209289 -0.012363844545909958 0.9981014204359361 0.377986781482663 -0.9251749870930065 -0.03431087701929633 0.923842683119029 0.37933939764477437 -0.051149958376654446
61 -0.0025596615925996486 -0.024015011522860015 0.9997083211387652 0.02671128828208135 -0.9993565285451171 -0.023938168947610538 0.9996399127740164 0.026642223552280783 0.0031994864193152658
62 0.02576098903610965 -0.021628080216540453 0.9994341386955063 0.2798837167699786 -0.9596260630109044 -0.027980784070754824 0.959688218397467 0.2804461540765689 -0.018667569010384386
63 0.060078341873895824 -0.011684682032868376 0.99812527322149 0.4138833382022292 -0.9096350947323051 -0.03556088848622063 0.9083452951363058 0.41524385924073715 -0.049813272996225864
64 -0.0022463272323199127 -0.024318585057796296 0.9997017357365907 0.050998311851951146 -0.9984061616344918 -0.02417247605298568 0.9986962131710606 0.0509288015868011 0.0034829537343712543
65 0.026061832669078886 -0.021538443880570985 0.9994282747216693 0.31196605016265794 -0.949662658788985 -0.028601014802721675 0.9497357339933247 0.3125330861477533 -0.018030686041359288
66 0.05938024207714629 -0.011173690198817428 0.9981728985993362 0.44773687528473344 -0.893414497732415 -0.03663639927449631 0.8921915026277278 0.4490942928705263 -0.0480482960155647
67 -0.0018160348780911118 -0.024608790509076932 0.9996955083659235 0.07567592983454068 -0.9968338632495757 -0.024400875447489003 0.9971308117097774 0.07560857430613648 0.003672578167201346
68 0.026231519491807898 -0.021472085604947597 0.9994252633013261 0.341698658643882 -0.9393573892365391 -0.029149990869387306 0.9394434171711051 0.342266920438548 -0.017303788816034855
69 0.0582954701554796 -0.010846045516292398 0.9982404527246979 0.4792864564944503 -0.876856312321285 -0.03751666514111023 0.8757203496438489 0.480630180948903 -0.04591838826308808
70 -0.001254277891621315 -0.024875651556107214 0.9996897662508255 0.10044214878773684 -0.994638143689743 -0.024623928693946095 0.9949421096394869 0.10038010299397761 0.0037461165285837266
71 0.02627238727752874 -0.021435786242887524 0.9994249690371403 0.3687921017103828 -0.9290398242576181 -0.029620780871089995 0.9291405423200403 0.3693582434595493 -0.016502745398814377
72 0.056870416780248095 -0.010711107067402494 0.9983241096360598 0.50836143834491 -0.8602965845419923 -0.038189457043494704 0.8592638731490668 0.5096813306476639 -0.04348031152247597
73 0.010296050189844206 0.04156181713308249 0.9990828828015649 0.1051294345811 -0.9936435819487291 0.04025213083499965 0.9944052460315898 0.10461858060925888 -0.014599974525924759
74 0.0208648290692357 0.046925280251126605 0.9986804679081617 0.22066200546853904 -0.9744807069831731 0.04117804099489737 0.9751271395313094 0.2195116620841093 -0.03068699982985869
75 0.029546328493889912 0.052633649135988475 0.9981766945041148 0.32861132463697157 -0.9436165638258814 0.0400297113875539 0.9440029723432368 0.32682943480057847 -0.04517641813012992
76 0.036322613444540915 0.058286168008597455 0.9976389078075453 0.4283233037967091 -0.9028614014963725 0.03715423411508453 0.9028952404222931 0.42596245410467815 -0.05775960972764171
77 0.04131280547226992 0.06358752940686227 0.9971207941909257 0.5197589894703154 -0.8536789964549982 0.03290537762104849 0.8533134505964424 0.5169030829038638 -0.06831806434373265
78 0.04470572809356878 0.06834018744620879 0.9966599302949031 0.6032175351354184 -0.797099059988135 0.02759880198816683 0.7963228008670695 0.599968921983338 -0.07685889326146336
79 0.046713575455004375 0.0724234110222648 0.9962794243605102 0.6791011799205809 -0.7337298627254357 0.021495952535021012 0.7325567754779722 0.6755703798130978 -0.0834579691851079
80 0.04754373530149299 0.07576809348712396 0.9959913600242263 0.7477373727306968 -0.6638294941200165 0.014806220252246826 0.6622902797530524 0.7440360197904999 -0.08821556891464195
81 0.04738405042282009 0.07833196212187654 0.9958006103009098 0.8092533467352806 -0.5874093441508947 0.007699558556413282 0.5855457049311144 0.8054901402961757 -0.09122423648555142
82 0.04639740424347571 0.0800768772884527 0.9957082778621446 0.8634944044279875 -0.5043583130466261 0.00032493432686499316 0.5022197670353317 0.8597734502672735 -0.0925468519966273
83 0.04472291507482026 0.08094851553913324 0.9957144162355094 0.9099822508257213 -0.41458524699130705 -0.007167716464208817 0.4122282911802207 0.906403006840317 -0.09220317316376692
84 0.04248230404202391 0.08085850392773673 0.9958198412292506 0.9479183915816477 -0.31817835298215624 -0.01460337614474337 0.3156675098019171 0.9445763272685438 -0.09016421251985689
85 0.03979072322919367 0.07966956194846073 0.9960268366082505 0.9762452239852788 -0.21557337965121406 -0.021757312142968305 0.2129834758633417 0.973232181385662 -0.08635485003446744
86 0.036771280889231636 0.077184954232244 0.9963384744864224 0.9937787534501462 -0.1077081285405552 -0.028332812027131133 0.10512688568029949 0.9911818409789684 -0.08066533345064425
87 0.03357166446348947 0.07314401485095658 0.996756187057113 0.9994161634400353 0.0038759555255977497 -0.03394568048463396 -0.006346306008391803 0.9973138573489526 -0.07297118842256319
88 0.020977149255457368 0.047285658129107296 0.9986611165677829 0.12141763778629672 -0.9916079280948957 0.044401285721741415 0.9923798246858455 0.12032366132496643 -0.026542420421748064
89 0.03312493803836022 0.05457757133668508 0.9979599326560883 0.2345941530545005 -0.9710364723755845 0.04531834803942485 0.9715288579515261 0.23261439771297435 -0.04496910210393035
90 0.042971895416727336 0.06216212973860238 0.9971405547016202 0.3400344269312689 -0.9393873963651793 0.04390794975597408 0.9394306811605726 0.3371753092630165 -0.061504521114889125
91 0.050418796300197244 0.06949467382321962 0.9963073999975326 0.43727072569733816 -0.8984158121641824 0.040538141317729155 0.8979155068422432 0.4336121755250621 -0.0756850302811612
92 0.05557313313540516 0.07617305214741768 0.9955447217478789 0.5263953648031586 -0.849493719863824 0.03561375893769624 0.8484217976851278 0.5220709588154369 -0.08730616916499281
93 0.05865719846165296 0.08192949592824392 0.9949104938463431 0.6077909538990061 -0.7935484137664259 0.029513918196770444 0.7919277046720659 0.6029663943419509 -0.09634333327791923
94 0.05994491598451829 0.08660609039762189 0.9944375255156295 0.681906853507004 -0.7310908542673099 0.02256559210109164 0.7289784977540742 0.676761071511013 -0.10288246643368916
95 0.05972303826635901 0.09012588688787884 0.994138060438744 0.7490924746013071 -0.6622946953170503 0.015039981734863487 0.6597678555339933 0.7438031063847265 -0.10706687506650539
96 0.05826988694424702 0.09246581700847178 0.9940094028531422 0.8094809238715459 -0.5871025016929662 0.007161451942814333 0.5842475966262702 0.804214352763501 -0.10905971137688854
97 0.05584548852129208 0.09363358155593197 0.9940392516479549 0.8629140535193955 -0.5053499445688935 -0.0008773613518339104 0.5022555302339078 0.8578194366702262 -0.10901924793462597
98 0.05268863689198011 0.09364860253333333 0.9942101622826126 0.9089056961544388 -0.41690678212844 -0.008897781370918756 0.4136596947256043 0.9041120916450921 -0.1070839983408189
99 0.04901801473026343 0.09252633597494515 0.9945029468950581 0.9466485796474854 -0.32183384108124646 -0.016716620061767565 0.318517975761655 0.9422642176618731 -0.10336558049348567
100 0.04503565372837228 0.09026514609600861 0.9948989864772827 0.9750777069999319 -0.2205476756371406 -0.024128573990391443 0.21724468970498054 0.9711904685340155 -0.09794804042790152
101 0.04093168246143543 0.08683510876743251 0.9953814651962455 0.9930037892307847 -0.11397016001068237 -0.030891377444892516 0.11076132873968042 0.9896820027223329 -0.09089258244396403
102 0.036889635891043826 0.08216827643538184 0.9959355044938726 0.9993191703027517 -0.0036237582725689096 -0.03671599435398787 0.0005921395496765343 0.9966118816889653 -0.08224601295584513
103 0.030363692654653048 0.052512415218035485 0.9981585507404834 0.1398317603445196 -0.9890219066470709 0.04777810137652494 0.9897096164872434 0.13812354766715657 -0.03737326066203086
104 0.04394789370089234 0.06157507387855293 0.9971344407431254 0.2502894671232491 -0.9669464717392018 0.04867959981623626 0.9671730792812705 0.24743288194571014 -0.057906853183585065
105 0.054846414936413096 0.07084827782351194 0.9959781083427818 0.3528063297883447 -0.9345128192078237 0.04704768216951377 0.9340875571539858 0.34880698425588924 -0.07625039871640772
106 0.0629037737611738 0.07966865092520312 0.9948346703379215 0.44714642098142704 -0.8934133949023719 0.043273363776335255 0.8922461507062407 0.442114704424968 -0.09182262619376425
107 0.06822575556146011 0.0875510638028623 0.993820938351097 0.5335676374486147 -0.8449121093324408 0.03780348887218541 0.8430010809871905 0.5276915185317962 -0.10435918131163889
108 0.07106659276563351 0.09417617955408697 0.9930158038003626 0.6125600930952003 -0.7898132914311415 0.031066010781989947 0.7872227586521388 0.6060740976838586 -0.11381790885802334
109 0.07175281102720348 0.09936079276382975 0.9924610657204836 0.6846358920875852 -0.7285083306786481 0.023437307807129975 0.7253449037355477 0.6777927743736671 -0.1202984855753228
110 0.0706370439754685 0.10302515827715965 0.9921674378754697 0.7501752046009715 -0.6610635721690625 0.015235352078924487 0.6574553752311236 0.7432232304718716 -0.12398249580750216
111 0.06807271291100885 0.10516424397851087 0.9921222644136982 0.8093198320677609 -0.5873296893129039 0.006726475557057001 0.5834102460351097 0.8024863349864821 -0.12509263360093067
112 0.06440151321055651 0.10582508684149677 0.9922970805616532 0.8619050611516097 -0.5070662663914854 -0.0018620013531457098 0.5029633293366729 0.8553857916067982 -0.12386701279913345
113 0.05994769001805321 0.10508989380094909 0.9926542140556323 0.9074272700677508 -0.4200822413400074 -0.01032763516711289 0.41591107703316654 0.9013806214533687 -0.12054439542944483
114 0.05501499376076554 0.10306334057038564 0.9931522029840015 0.9450537477085015 -0.32639227720301034 -0.018479592104523938 0.3222526406464644 0.9395988661193168 -0.11535686535128628
115 0.04988372705273597 0.09986195202478249 0.9937500713525147 0.9736883922997105 -0.22638078384291163 -0.02612767512570288 0.22235675945680952 0.9689062551374458 -0.10852714075012548
116 0.044806602951182044 0.09560311901773481 0.994410585204148 0.9921074039042732 -0.12095027707158262 -0.03307460649246018 0.11711220026239273 0.9880440648626905 -0.10026793325541798
117 0.04000351091273535 0.09039123016420773 0.9951025799504568 0.9991673390316612 -0.011613959133457794 -0.039111949141353256 0.008021703500136385 0.9958386121569331 -0.0907805640559052
118 0.03845885699013729 0.057241258949786405 0.997619343533823 0.1602742976409081 -0.9857857994362859 0.05038359996543524 0.986323002791036 0.15795504393214832 -0.04708649765768664
119 0.05333884065351553 0.06791915831837982 0.9962639991543715 0.267611963582215 -0.9621619238517974 0.05126664839327077 0.9620492736993309 0.2638776614704832 -0.06949658086164393
120 0.06517881640416555 0.07869462711329232 0.9947657400391571 0.36678884184954674 -0.9289885949342508 0.04945842675171689 0.9280181395785431 0.36164533198368065 -0.08941468820944969
121 0.07379110098055855 0.08881175890153709 0.9933113031154394 0.4578362249551474 -0.8878779528556111 0.0453732515007352 0.8859688846313379 0.45142575504034377 -0.10617873210468648
122 0.07928865495663999 0.09772662937194788 0.9920498047511347 0.5411997354245992 -0.8399662992884932 0.039490029576302384 0.8371476306909734 0.5337659805300367 -0.11948942403952717
123 0.08195533062800082 0.1050868731495122 0.9910802555158251 0.617489965340355 -0.7859164973188383 0.03227075992374205 0.7822975562314012 0.60933735182881 -0.12930013604258425
124 0.08216066785862727 0.110695618033495 0.990452474783726 0.6872890162798204 -0.7259833151700024 0.024125384885849994 0.7217225455520576 0.6787449493314524 -0.13572715645331512
125 0.08030950976829869 0.11447510920791437 0.9901746472277563 0.7510114629972944 -0.6601094579257324 0.015404090484687554 0.6553870345738007 0.7423954154820953 -0.13898518620244363
126 0.07681499417856502 0.11643698198072548 0.9902231495458825 0.8088085829386238 -0.5880371370914438 0.0064032465292472905 0.5830335606413775 0.800409117032358 -0.13934529965993997
127 0.07208514173459674 0.11666095304998222 0.9905523481243043 0.8605066356663262 -0.5094324748421384 -0.002623652117724267 0.5043134564091303 0.8525659948705929 -0.13711003637586924
128 0.0665156960076607 0.11528095707758908 0.9911034068753329 0.9055777182023247 -0.4240256835216402 -0.011454955673289689 0.4189327612876408 0.8982830960500598 -0.1326002295270692
129 0.060484024822037505 0.11247631736527824 0.9918118575482312 0.9431511569977146 -0.3317682746070242 -0.01989238593408663 0.3268142864000891 0.9366316725352734 -0.1261488494144001
130 0.05434069806928797 0.10846457046933736 0.9926139861427725 0.9720807337249514 -0.23299920514441674 -0.027756396070637727 0.22826768420891877 0.9664092338936812 -0.118097658702132
131 0.0483972175882324 0.10349176012760505 0.9934521452568349 0.9910833050702788 -0.12859581982239027 -0.03488549175775291 0.12414343212868804 0.9862821962855752 -0.10879263554768864
132 0.04291073023846549 0.0978156815782135 0.9942790160049597 0.9989519194384503 -0.020067728730103013 -0.041138168576771904 0.01592896357700505 0.9950022003498306 -0.09857428375777279
133 0.04527483521307033 0.06146530482541097 0.9970818449852292 0.18264846426784967 -0.9817900305663617 0.05222905686587362 0.9821352899662171 0.17975080579296976 -0.055676925379843874
134 0.061311874568716535 0.07360459862512596 0.9954010333017059 0.28642756425863436 -0.9566295834393339 0.05309510826387312 0.9561381199752135 0.2818549328110484 -0.07973513893098522
135 0.07398747135556967 0.08569832536691797 0.9935701540966869 0.38184788643257594 -0.9228081249597897 0.0511601029628734 0.9212589460674903 0.37560745671179546 -0.10099996412431823
136 0.08310376754219166 0.09692479895185258 0.9918161861798972 0.46923133646497317 -0.881831107588663 0.046859903630362465 0.8791562527216584 0.46149700003043853 -0.11876364032529826
137 0.08878812795897767 0.10670492987210436 0.9903184973908798 0.5492206743380103 -0.8346859187767994 0.04069481386407483 0.8309472421358902 0.5402901766057938 -0.13271475370145858
138 0.09135085980299602 0.11467089140286713 0.9891944232951001 0.6225492116416301 -0.7818783740951938 0.0331464508905734 0.7772306604204691 0.6127942515943897 -0.14281353477606237
139 0.09119485042337766 0.12062292400048201 0.9885006876385225 0.689868601662402 -0.7235150408797072 0.024643418212531677 0.7181676765885665 0.6796882342856979 -0.14919481384073147
140 0.08876390229001446 0.12448959685275662 0.9882425359827853 0.7516269254358247 -0.6594050492584541 0.01555461257457486 0.6535885055676379 0.7414090107949148 -0.15210109829310234
141 0.08451611304886197 0.12629780589696835 0.9883854970914557 0.8079840617884038 -0.5891717687498732 0.006195385707071984 0.5831112951495842 0.7980761186339045 -0.15184112201645805
142 0.07891109764446307 0.12615355626982455 0.9888671897221704 0.8587555923774999 -0.5123756735977862 -0.00316254100128519 0.5062725266384859 0.8494447888742923 -0.14876719875494387
143 0.07240263891092936 0.12423187795413801 0.9896081539572731 0.9033852590164548 -0.42865395225228103 -0.012282630429685464 0.4226735521303723 0.8948867133433636 -0.14326492456636422
144 0.06543064029569154 0.1207726637932334 0.9905214762895259 0.9409559378924713 -0.3378796039361803 -0.020959393808735464 0.3321456822772135 0.9334084512817612 -0.13574943395973296
145 0.05840821655611205 0.11607788807987586 0.9915212575319048 0.9702567879690789 -0.24033231027062898 -0.02901975258179241 0.23492604291278704 0.9637252225291698 -0.12666274046633216
146 0.0517020581487337 0.11050434858125402 0.9925299421820069 0.989924559443304 -0.13685592923322257 -0.03632934412691566 0.1318190570219862 0.984408067611366 -0.11646670179708223
147 0.04560747919913126 0.10444539240762017 0.9934843319579424 0.9986638630940666 -0.028958138328958723 -0.04280087352562753 0.024299102681718067 0.9941089408255714 -0.10562654675565322
148 0.05083293500540543 0.0651724911175682 0.9965784259757315 0.20685029648539857 -0.976917725453626 0.053335846655107724 0.9770511591327441 0.20343132525755464 -0.06314054435397365
149 0.06788952141245104 0.07862031713024795 0.9945902968643557 0.3065993351492406 -0.9502948016470454 0.054190752427388474 0.949414483020157 0.30126173951722146 -0.0886199962459145
150 0.0812989070186449 0.09185152167554156 0.9924483793545444 0.3978510260599608 -0.9159648481644221 0.052181969972048846 0.9138408224524721 0.3906042689129431 -0.11101016316704944
151 0.09087223137751727 0.10400547853072714 0.9904166284953344 0.4812270985034994 -0.8752937708857185 0.047762896840150657 0.8718731084454745 0.47227499942750945 -0.12959015273303642
152 0.09675646550645074 0.11449028551709567 0.9887012495718378 0.5575638819079219 -0.8290988496468903 0.04144412028228573 0.8244760178285773 0.5472541201639485 -0.14405632228095547
153 0.09928440736045942 0.12293861540242912 0.9874354172795384 0.6277096634208346 -0.7777171677319905 0.033713283183840335 0.7720901404001901 0.6164755500892672 -0.15438494498800778
154 0.09888286460189488 0.1291573594507955 0.9866815877413653 0.6923784665542306 -0.721101137573786 0.025004168488560456 0.7147266877206531 0.6806846008905225 -0.1607303206317163
155 0.09602221163466004 0.13308516182625657 0.9864421293590758 0.7520471739677989 -0.6589224530471429 0.015692322880417303 0.6520772829962997 0.7403442041186079 -0.1633575110858055
156 0.09119181445063786 0.13476284425895207 0.9866727060096667 0.8068820998262449 -0.5906809976179396 0.006102133484732135 0.5836311591726322 0.7955720802418303 -0.1626029986885133
157 0.08488909858534555 0.13431686100976142 0.9872957114207739 0.8566873461903688 -0.5158242473377144 -0.0034837818220622065 0.5088031366045915 0.8460994780207378 -0.15885541059203598
158 0.07761307499299507 0.13195350136476347 0.9882127726697889 0.9008768269361859 -0.4338855107663418 -0.01281819942194249 0.42707979732073664 0.8912528468535801 -0.1525490402980898
159 0.06985540681905063 0.1279599838888441 0.9893161601132937 0.9384823110826696 -0.3446455299304045 -0.02168894842822426 0.3381880747795173 0.9299708066504869 -0.1441635351077592
160 0.06208405437398195 0.12270690967736825 0.9904991592676484 0.9682181478552809 -0.24831041697494524 -0.029925824724117204 0.24227915377963952 0.9608771779676938 -0.13422317424596536
161 0.05471712799644299 0.11664464184082536 0.9916652980888494 0.9886241057216069 -0.14567974981020632 -0.03741374187900785 0.14010143999964528 0.9824313910014588 -0.12328888224395795
162 0.04808869534541048 0.11028499138739106 0.9927359659318585 0.9982939941425893 -0.03825696669875019 -0.044107887705563606 0.03311462877358236 0.9931634433333186 -0.11193657216251535
163 0.05516400436803952 0.06834659385261332 0.996135370183606 0.23276044409049682 -0.9710484381526234 0.053735522963360656 0.97096833536881 0.22889664451471756 -0.06947530382103632
164 0.07310252378831972 0.08295022761493544 0.9938688448454398 0.32798278293881516 -0.9431051494683484 0.05458911193630432 0.9418510047303067 0.3219812677546859 -0.09614961312245145
165 0.08714683683231716 0.09714185257132765 0.991447875235573 0.4146649816041839 -0.9084548499408528 0.05256176034100047 0.9057915774952446 0.4065381237940092 -0.11945029108680855
166 0.09713280360359101 0.11004830856453357 0.9891686348880007 0.4937216547078963 -0.8682877203497315 0.048118212377053174 0.8641783069116017 0.4837001183294788 -0.1386724536144269
167 0.10323001413802714 0.1210853714538995 0.9872597920511773 0.5661663818015598 -0.8232320761470406 0.04176813283310635 0.8178014381858187 0.5546415794208949 -0.15353672550468855
168 0.10578911096424122 0.12990013717949508 0.9858674446202914 0.6329458334206826 -0.7734494555096482 0.03399281875964748 0.7669343100662485 0.6204046213017576 -0.16404228086267852
169 0.10525187977111718 0.13631420173056596 0.9850586176523733 0.694823668379604 -0.7187378153860235 0.025219488369845156 0.7114366533038317 0.6817876437283718 -0.17036283983063447
170 0.10210402460541815 0.14027937305202662 0.9848332171771557 0.7522978711811519 -0.6586331622201906 0.015819944378496233 0.6508630279680072 0.7392726527607807 -0.17278097031894105
171 0.0968538202446846 0.14184919199597917 0.9851386421383025 0.8055380722558115 -0.5925124244751002 0.006118904234406452 0.5845748469190251 0.7929740434419822 -0.1716520165243391
172 0.09002387343862217 0.14116544046043905 0.9858843850222585 0.85433689190833 -0.519707165797372 -0.0035967962519142817 0.511863436216655 0.8426011988114384 -0.16738889576672952
173 0.08214636103225788 0.1384568627427484 0.9869557601678982 0.8980792828453291 -0.4396392701341131 -0.013073403534042538 0.43209440761618007 0.8874384538182805 -0.16046000620541692
174 0.07375419210874201 0.13404583024378922 0.9882267121165265 0.9357447934792724 -0.3519851958726073 -0.022093061421096828 0.34487969007006036 0.9263574565365009 -0.1513930714940536
175 0.06536230318669212 0.1283566691623217 0.989571793658088 0.9659669057361665 -0.25686292328126464 -0.030485663284559445 0.25027126551929063 0.9578862166901444 -0.1407774468102588
176 0.05743599606217288 0.12191679878534513 0.9908770864896814 0.9871753396693862 -0.15501463777831456 -0.03814853631648366 0.14894950521897762 0.980360523607714 -0.12925667737734167
177 0.050348071718607786 0.11533993047641172 0.9920492790743383 0.9978332573990621 -0.047933332447533374 -0.045068681685306096 0.04235400928595938 0.9921688848568929 -0.11750336939523956
178 0.058309082086466776 0.0709684618712675 0.9957728296985513 0.26023578181404894 -0.9640634290604857 0.05347001600681322 0.9637828535566837 0.2560179332932843 -0.07468218678085832
179 0.07698984416445855 0.08657422447522053 0.9932660608074991 0.35042133479138987 -0.9350147464485246 0.054335182403503976 0.9334224402801518 0.3438783616052564 -0.10232409491967881
180 0.09157143780190974 0.10155304293563037 0.9906067086636375 0.43215323458531296 -0.9002797280069859 0.05234494414094949 0.897138926597404 0.4233005915542544 -0.12632638510412578
181 0.10192633774418544 0.11504463139083528 0.9881172776863106 0.5066145521658931 -0.8608372850342888 0.04796732459233845 0.856126577795486 0.4957054583953478 -0.1460252762683508
182 0.10824758858506053 0.1264906186706106 0.9860439051856897 0.5749678910829443 -0.8171126119367268 0.041700163519722167 0.8109835903328441 0.5624296425351942 -0.1611785141034088
183 0.1108985058876366 0.13556415294915375 0.9845424733484422 0.6382343656070578 -0.7690906194102812 0.03400755347370248 0.7618125858438193 0.6245974540216191 -0.17181270174135838
184 0.11032756228373859 0.14210798454215795 0.9836834601282538 0.697210313714371 -0.7164200394416501 0.025300307048198297 0.7083259189460998 0.6830429326299998 -0.17812002900677207
185 0.10702583437130071 0.14608946676862916 0.9834649655561628 0.7524049677536935 -0.6585079723865185 0.015937841853901707 0.6499478711994451 0.7382581648736803 -0.18039580571802527
186 0.10150959703531112 0.14757378686619949 0.983828124796043 0.8039875123739828 -0.5946134626278888 0.006237788740170356 0.585917982021736 0.7903523312369247 -0.1790064547772921
187 0.09431526204335601 0.14671371034542544 0.9846723914797103 0.8517397733275266 -0.5239532466280002 -0.0035148086650503467 0.5154066257603477 0.8390161396210782 -0.1743786901478401
188 0.08599691546267216 0.1437527790848726 0.9858700061551127 0.8950206079152632 -0.44583343113578294 -0.013063808353146059 0.4376558487417924 0.883497419456939 -0.16700199961386805
189 0.07711843680767112 0.1390375595926845 0.9872797494767388 0.9327594164773421 -0.3598160611743426 -0.02218722816916386 0.3521542526751452 0.9226055273753201 -0.1574370451301647
190 0.06823356735488126 0.13303222001366466 0.9887601371031615 0.9635066779900776 -0.26591648640640775 -0.030713250003794896 0.2588417697253512 0.9547726696421021 -0.1463218628569961
191 0.05984988813758429 0.1263253979036333 0.9901817432847405 0.985572796873591 -0.16480435584655176 -0.03854589935091066 0.15831693829999982 0.9782031579066244 -0.13436639799005595
192 0.05237806528180377 0.11961648466628441 0.9914375597451489 0.9972730603289582 -0.05795222672698962 -0.04569444779727096 0.05199020503372778 0.9911273561018604 -0.12232572324366951
193 0.06032013703055693 0.0730175397232969 0.9955048568246021 0.2891011558104835 -0.955852825198357 0.0525918080062068 0.9553962543246949 0.2846292596573232 -0.07876662852545288
194 0.0795987762711758 0.08946935433079432 0.9928037416588248 0.37374218685967325 -0.9259893803929634 0.05348312968408894 0.9241108226708961 0.36679544985602897 -0.1071460936638982
195 0.09461879339402654 0.10506563248263541 0.9899537851878148 0.4501738095065799 -0.8914497332044545 0.05158405183814654 0.8879137487228093 0.44077044597015663 -0.13164569415015862
196 0.10529716553139135 0.11898277587654503 0.9872971214258487 0.5198053543834288 -0.8529711392267233 0.047356406119807126 0.8477705470735423 0.5082158347503329 -0.15166332722068734
197 0.11184919243876901 0.13070378954300113 0.9850920147630342 0.5839098767580345 -0.8107684915979028 0.04127600824302931 0.8040764975891362 0.5705882687465285 -0.16700303468388622
198 0.11464533202587532 0.139937089194189 0.9835009196297347 0.6435534674549477 -0.7646553512152714 0.03378059183265128 0.7567663988123354 0.6290626399061608 -0.17772116560190981
199 0.11413319068546439 0.14655139395835165 0.982596714686559 0.6995453839669802 -0.7141416923549161 0.025256662704053606 0.7054146798546548 0.6844883725596222 -0.18402662110747517
200 0.11080056430101326 0.15053125130764045 0.9823764946955587 0.7523949332955023 -0.6585168513457839 0.016044339964351402 0.6493266506942663 0.7373573752756467 -0.1862229895173399
201 0.10516226716597453 0.15195251688408976 0.9827773553440793 0.8022667311707387 -0.5969309131859444 0.006448018270174112 0.587629976789076 0.7877714881204989 -0.1846810571858546
202 0.09775840152769487 0.15097534372064303 0.9836918930840001 0.8489330381003659 -0.528490402723099 -0.0032543895370775477 0.5193803921524495 0.8354066912695938 -0.1798323342159504
203 0.08915452945590627 0.14785157259006543 0.98498293506037 0.8917310877060478 -0.4523843612069357 -0.012808471961257981 0.44369712315507037 0.8794818373440337 -0.17217595850140371
204 0.07993545605158098 0.14294228358185684 0.986497757944857 0.9295449720496887 -0.3680524053111877 -0.02199026788815294 0.35993953353718916 0.9187518329282686 -0.16229171786624688
205 0.07068517671319095 0.13673869559989763 0.9880820486774684 0.9608437108438721 -0.2753932513758021 -0.03062548658293969 0.2679234389238885 0.9515571902005165 -0.15085073633527507
206 0.0619477940492242 0.12987550846651835 0.9895932614529054 0.9838129531090885 -0.17498725178386082 -0.03862039626812081 0.16815036160297084 0.975967117280954 -0.1386132817557362
207 0.054169920624882746 0.12312179161460471 0.9909120264327728 0.9966057250152829 -0.06827294342703982 -0.04599819629692853 0.061989100382699766 0.9900403171716889 -0.12640222232352352
208 0.06126071762575615 0.0744737150664488 0.995339535153798 0.31914178029618473 -0.9463248792534511 0.05116392259515591 0.9457249328136373 0.3145200926334323 -0.0817402152217507
209 0.0809850340048772 0.09161118579140855 0.9924962543531943 0.3977527600020421 -0.9160124242749188 0.05209587780951867 0.9139114651748202 0.3905491380247541 -0.11062189932438689
210 0.09634040961168251 0.10765782881343891 0.989509129503629 0.46857733812539454 -0.8819871688108833 0.05033798017682331 0.8781536332961181 0.45881197232432686 -0.13541702396924923
211 0.10729221328898175 0.12184833323951698 0.9867326713220267 0.5331923217165063 -0.8447241918054301 0.04633560014961087 0.8391628739583947 0.5211468348415972 -0.15560092385481558
212 0.11407499604727339 0.13371971605251798 0.9844317816972635 0.5929346090203929 -0.8042298133938773 0.0405334019579396 0.7971295030938507 0.5790798259197808 -0.17102956033992367
213 0.11706061989456673 0.14302244329557282 0.982772299153606 0.6488823423880425 -0.760158178694214 0.03333540312195537 0.7518301117984753 0.6338013285549821 -0.18178932563556183
214 0.11668902151774126 0.14965440795208915 0.9818285137628372 0.7018365762676801 -0.7118957240865463 0.02509777360948692 0.7027155131844559 0.6861545279365296 -0.1881033527667839
215 0.11343728681775923 0.15361824816624364 0.9815973796775133 0.7522949997966786 -0.6586287736570066 0.016136040158106785 0.64898706862336 0.7366203719293968 -0.19027930107674917
216 0.10781065742809157 0.1549995272220026 0.9820142609483216 0.8004134303224925 -0.5994105115692838 0.0067364070267243404 0.5896738104276829 0.7852911467609992 -0.18868654460372083
217 0.10034400741233282 0.15396283642147637 0.9829682218553594 0.8459561699163418 -0.5332448979957838 -0.002835020624189003 0.5237263013797447 0.8318325094407646 -0.18375374140564601
