 The Effective Stiffness Matrix
 --------------------------------------------
       3.8848322E+007      6.1576594E+003     -1.9749130E+006     -1.1673973E+005
       6.1576594E+003      4.4663972E+001     -6.0260307E+002      4.4484958E+002
      -1.9749130E+006     -6.0260307E+002      3.9083079E+005      4.1702060E+004
      -1.1673973E+005      4.4484958E+002      4.1702060E+004      3.8700426E+005

 The Effective Compliance Matrix
 --------------------------------------------
       3.4918060E-008     -2.4228098E-006      1.7328066E-007     -5.3540745E-009
      -2.4228098E-006      2.3393020E-002      2.7084361E-005     -3.0538907E-005
       1.7328066E-007      2.7084361E-005      3.5141687E-006     -3.5753562E-007
      -5.3540745E-009     -3.0538907E-005     -3.5753562E-007      2.6559660E-006

 Tension Center Location
 --------------------------------------------
       4.6861157E-003     -4.9785917E-002

 The extension stiffness EA       2.7967988E+007                                                                                                                                                                                                                                           
 The torsional stiffness GJ       4.2747795E+001                                                                                                                                                                                                                                           
 Principal bending stiffness EI22       2.7445377E+005                                                                                                                                                                                                                                           
 Principal bending stiffness EI33       3.9579917E+005                                                                                                                                                                                                                                           
 The principal bending axes rotated from the user coordinate system by    160.09913872488383      degrees about the positive direction of x1 axis.

 The Effective Timoshenko Stiffness Matrix (1-extension; 2,3-shear; 4-torsion; 5,6-bending)
 --------------------------------------------
       3.8865625E+007      7.7789863E+003     -4.9062933E+004      1.8614120E+004     -1.9732311E+006     -1.1390759E+005
       7.7789863E+003      1.7599553E+006     -1.8366610E+006      6.3854833E+005      1.2358513E+005      1.4947027E+005
      -4.9062933E+004     -1.8366610E+006      2.0137909E+006     -6.8922133E+005     -1.3166424E+005     -1.6113340E+005
       1.8614120E+004      6.3854833E+005     -6.8922133E+005      2.3709798E+005      4.4870246E+004      5.5887210E+004
      -1.9732311E+006      1.2358513E+005     -1.3166424E+005      4.4870246E+004      3.9958370E+005      5.2340764E+004
      -1.1390759E+005      1.4947027E+005     -1.6113340E+005      5.5887210E+004      5.2340764E+004      3.9997159E+005

 The Effective Timoshenko Compliance Matrix (1-extension; 2,3-shear; 4-torsion; 5,6-bending)
 --------------------------------------------
       3.4918060E-008      2.9234859E-007     -5.5082262E-007     -2.4228098E-006      1.7328066E-007     -5.3540745E-009
       2.9234859E-007      3.3380966E-004     -6.3482134E-004     -2.7446153E-003     -3.2352012E-006      3.5152110E-006
      -5.5082262E-007     -6.3482134E-004      1.3045420E-003      5.5023421E-003      6.5243777E-006     -7.0569330E-006
      -2.4228098E-006     -2.7446153E-003      5.5023421E-003      2.3393020E-002      2.7084361E-005     -3.0538907E-005
       1.7328066E-007     -3.2352012E-006      6.5243777E-006      2.7084361E-005      3.5141687E-006     -3.5753562E-007
      -5.3540745E-009      3.5152110E-006     -7.0569330E-006     -3.0538907E-005     -3.5753562E-007      2.6559660E-006

 Shear Center Location
 --------------------------------------------
      -2.3521299E-001     -1.1732625E-001

 Principal shear stiffness GA22       4.5808428E+004                                                                                                                                                                                                                                           
 Principal shear stiffness GA33       3.5229662E+006                                                                                                                                                                                                                                           
 The principal shear axes rotated from the user coordinate system by    43.037888335756207      degrees about the positive direction of x1 axis.

 Effective Mass Matrix =
 --------------------------------------------
       1.8809672E+000      0.0000000E+000      0.0000000E+000      0.0000000E+000     -1.2542976E-001      8.5620293E-003
       0.0000000E+000      1.8809672E+000      0.0000000E+000      1.2542976E-001      0.0000000E+000      0.0000000E+000
       0.0000000E+000      0.0000000E+000      1.8809672E+000     -8.5620293E-003      0.0000000E+000      0.0000000E+000
       0.0000000E+000      1.2542976E-001     -8.5620293E-003      3.7420758E-002      0.0000000E+000      0.0000000E+000
      -1.2542976E-001      0.0000000E+000      0.0000000E+000      0.0000000E+000      1.8798341E-002      4.8629484E-004
       8.5620293E-003      0.0000000E+000      0.0000000E+000      0.0000000E+000      4.8629484E-004      1.8622418E-002

 Mass Center Location
 --------------------------------------------
      -4.5519291E-003     -6.6683652E-002

 Mass per unit span       1.8809672E+000                                                                                                                                                                                                                                           
 Mass moment of inertia i11       2.9017670E-002                                                                                                                                                                                                                                           
 Mass moments of inertia  i22       1.0299298E-002                                                                                                                                                                                                                                           
 Mass moments of inertia  i33       1.8718372E-002                                                                                                                                                                                                                                           
 The principal inertial axes rotated from the user coordinate system by    172.72709318767707      degrees about the positive direction of x1 axis.
 Mass-Weighted Radius of Gyration       1.2420545E-001                                                                                                                                                                                                                                           
