nodes:
 - [-2.152979329 0.128576668 48.275862069]
 - [-2.153398015 0.121565885 48.275862069]
 - [-2.152560642 0.135587450 48.275862069]
 - [-2.081319651 0.125384087 48.275862069]
 - [-2.080207943 0.143999328 48.275862069]
 - [-1.891618083 0.130363380 48.275862069]
 - [-1.889403570 0.167444767 48.275862069]
 - [-1.557275119 0.107605415 48.275862069]
 - [-1.560357864 0.213390975 48.275862069]
 - [-1.370711891 0.079915497 48.275862069]
 - [-1.399018443 0.238552970 48.275862069]
 - [-1.179483668 0.033746207 48.275862069]
 - [-1.204773060 0.269151856 48.275862069]
 - [-0.981119626 -0.027188138 48.275862069]
 - [-0.987017722 0.302978808 48.275862069]
 - [-0.773148937 -0.099173220 48.275862069]
 - [-0.755148436 0.337825003 48.275862069]
 - [-0.553100778 -0.178494723 48.275862069]
 - [-0.518561208 0.371481615 48.275862069]
 - [-0.318504321 -0.261438330 48.275862069]
 - [-0.286652045 0.401739820 48.275862069]
 - [-0.066888741 -0.344289724 48.275862069]
 - [-0.068816954 0.426390794 48.275862069]
 - [0.090710694 -0.380965756 48.275862069]
 - [-0.067205909 -0.215829481 48.272844828]
 - [0.095931778 0.438273905 48.275862069]
 - [0.234282037 -0.407991379 48.275862069]
 - [-0.067524726 -0.087387478 48.271034483]
 - [0.245169175 0.445223024 48.275862069]
 - [-0.068491304 0.297925420 48.272844828]
 - [0.368058880 -0.426194216 48.275862069]
 - [-0.067845214 0.041045917 48.270431034]
 - [0.382722730 0.446889667 48.275862069]
 - [-0.068167399 0.169480338 48.271034483]
 - [0.496274816 -0.436401889 48.275862069]
 - [0.512419937 0.442925352 48.275862069]
 - [0.623163438 -0.439442018 48.275862069]
 - [0.638088287 0.432981594 48.275862069]
 - [0.752958339 -0.436142228 48.275862069]
 - [0.763555273 0.416709909 48.275862069]
 - [0.889893111 -0.427330139 48.275862069]
 - [0.892648389 0.393761814 48.275862069]
 - [1.093681615 -0.396885118 48.275862069]
 - [0.890296677 -0.290463325 48.272844828]
 - [1.122713567 0.329314381 48.275862069]
 - [0.892133414 0.256897099 48.272844828]
 - [1.270881598 -0.354605126 48.275862069]
 - [0.890722456 -0.153617458 48.271034483]
 - [1.307458261 0.257860573 48.275862069]
 - [0.891640790 0.120052490 48.271034483]
 - [1.419349139 -0.304088726 48.275862069]
 - [0.891170482 -0.016782274 48.270431034]
 - [1.451102493 0.181283151 48.275862069]
 - [1.536940312 -0.248934481 48.275862069]
 - [1.557866282 0.101464874 48.275862069]
 - [1.621511196 -0.192740953 48.275862069]
 - [1.631969650 0.020288501 48.275862069]
 - [1.670917866 -0.139106706 48.275862069]
 - [1.677632615 -0.060363208 48.275862069]
 - [1.679463947 -0.113360073 48.275862069]
 - [1.681518054 -0.088945420 48.275862069]
 - [1.682763583 -0.100495221 48.275862069]
elements:
 - [1 2]
 - [1 3]
 - [2 4]
 - [3 5]
 - [4 6]
 - [5 7]
 - [6 8]
 - [7 9]
 - [8 10]
 - [9 11]
 - [10 12]
 - [11 13]
 - [12 14]
 - [13 15]
 - [14 16]
 - [15 17]
 - [16 18]
 - [17 19]
 - [18 20]
 - [19 21]
 - [20 22]
 - [21 23]
 - [22 24]
 - [22 25]
 - [23 26]
 - [23 30]
 - [24 27]
 - [25 28]
 - [26 29]
 - [27 31]
 - [28 32]
 - [29 33]
 - [30 34]
 - [31 35]
 - [32 34]
 - [33 36]
 - [35 37]
 - [36 38]
 - [37 39]
 - [38 40]
 - [39 41]
 - [40 42]
 - [41 43]
 - [41 44]
 - [42 45]
 - [42 46]
 - [43 47]
 - [44 48]
 - [45 49]
 - [46 50]
 - [47 51]
 - [48 52]
 - [49 53]
 - [50 52]
 - [51 54]
 - [53 55]
 - [54 56]
 - [55 57]
 - [56 58]
 - [57 59]
 - [58 60]
 - [59 61]
 - [60 62]
 - [61 62]
sets:
  element:
  - name: layup_0
    labels:
    - 1
    - 2
    - 3
    - 4
    - 5
    - 6
    - 7
    - 8
  - name: layup_1
    labels:
    - 9
    - 11
    - 13
    - 15
    - 17
    - 19
    - 21
  - name: layup_2
    labels:
    - 23
    - 25
    - 27
    - 29
    - 30
    - 32
    - 34
    - 36
    - 37
    - 38
    - 39
    - 40
    - 41
    - 42
  - name: layup_3
    labels:
    - 43
    - 47
    - 51
    - 55
    - 57
    - 59
  - name: layup_4
    labels:
    - 61
    - 62
    - 63
    - 64
  - name: layup_5
    labels:
    - 45
    - 49
    - 53
    - 56
    - 58
    - 60
  - name: layup_6
    labels:
    - 10
    - 12
    - 14
    - 16
    - 18
    - 20
    - 22
  - name: layup_7
    labels:
    - 44
    - 46
    - 48
    - 50
    - 52
    - 54
  - name: layup_8
    labels:
    - 24
    - 26
    - 28
    - 31
    - 33
    - 35
sections:
- type: shell
  elementSet: layup_0
  layup:
  - - glass_triax
    - 0.004
    - 0
  - - glass_uni
    - 0.01
    - 0
  - - glass_triax
    - 0.003
    - 0
- type: shell
  elementSet: layup_1
  layup:
  - - glass_triax
    - 0.004
    - 0
  - - medium_density_foam
    - 0.047
    - 0
  - - glass_triax
    - 0.003
    - 0
- type: shell
  elementSet: layup_2
  layup:
  - - glass_triax
    - 0.004
    - 0
  - - carbon_uni_industry_baseline
    - 0.04
    - 0
  - - glass_triax
    - 0.003
    - 0
- type: shell
  elementSet: layup_3
  layup:
  - - glass_triax
    - 0.004
    - 0
  - - medium_density_foam
    - 0.07100000000000001
    - 0
  - - glass_triax
    - 0.003
    - 0
- type: shell
  elementSet: layup_4
  layup:
  - - glass_triax
    - 0.004
    - 0
  - - glass_uni
    - 0.005
    - 0
  - - glass_triax
    - 0.003
    - 0
- type: shell
  elementSet: layup_5
  layup:
  - - glass_triax
    - 0.004
    - 0
  - - medium_density_foam
    - 0.036000000000000004
    - 0
  - - glass_triax
    - 0.003
    - 0
- type: shell
  elementSet: layup_6
  layup:
  - - glass_triax
    - 0.004
    - 0
  - - medium_density_foam
    - 0.07
    - 0
  - - glass_triax
    - 0.003
    - 0
- type: shell
  elementSet: layup_7
  layup:
  - - glass_biax
    - 0.002
    - 0
  - - medium_density_foam
    - 0.042
    - 0
  - - glass_biax
    - 0.002
    - 0
- type: shell
  elementSet: layup_8
  layup:
  - - glass_biax
    - 0.002
    - 0
  - - medium_density_foam
    - 0.026000000000000002
    - 0
  - - glass_biax
    - 0.002
    - 0
elementOrientations:
 - [0.02151988140091484, -0.006760751001401304, 0.9997455611056182, -0.0596035910518126, -0.9982071528096356, -0.005467358906215333, 0.9979901335375109, -0.05947076866476623, -0.021884264579898897]
 - [0.00033638461863789114, -0.0029822942213991767, 0.9999954963731413, 0.9906683930506391, -0.13629228824723597, -0.0007397126446436811, 0.13629388047837163, 0.990664180277812, 0.002908617994512398]
 - [0.015457231313277621, -0.006868613251683278, 0.9998569378426727, 0.9984761967358446, 0.05308618772276499, -0.015071205160397474, -0.05297507481874157, 0.9985663116814342, 0.007678712319560998]
 - [0.0006505852126837524, -0.0008654360230529491, 0.999999413879514, 0.9559222553152493, -0.29361858658189394, -0.0008760174991010367, 0.29361917262312587, 0.9559222649536631, 0.0006362656443885609]
 - [0.015440473756184266, -0.006482103601169754, 0.9998597772203299, 0.9995337059587516, 0.026445817593915236, -0.015263989784892807, -0.026343166524708708, 0.9996292317978167, 0.006887416987405459]
 - [0.0005864205441882846, -0.0013079023789226093, 0.9999989727506291, 0.9720921179974038, -0.23459783715314578, -0.0008768867589212422, 0.23459874304494321, 0.9720916336407969, 0.00113382860233198]
 - [0.015438539501873549, -0.005695844127083787, 0.999864595261643, 0.997580988423677, -0.06769698258284503, -0.015788922851730468, 0.06777774733412884, 0.997689669140088, 0.004636923274440544]
 - [0.0003796893063122455, -0.0026945566294579305, 0.9999962975934469, 0.9892157429733921, -0.14646371757209234, -0.0007702522721887134, 0.14646525079223102, 0.9892123729510934, 0.002609887130868245]
 - [0.00033971266238428614, -0.0029985207109772603, 0.9999954467240604, 0.9911324172062942, -0.13287584859553073, -0.0007351345634974216, 0.13287744789134043, 0.9911281540414254, 0.0029267914720210674]
 - [0.0012694059327635582, -0.008745666650697067, 0.9999609501992627, -0.9873750424009087, -0.15839983660432677, -0.00013193758391627484, 0.15839480500439823, -0.9873363181198986, -0.008836326672390548]
 - [0.0004526648708719248, -0.0018342836916770524, 0.9999982152473341, 0.9733534655456629, -0.22930828464929462, -0.0008612209047589236, 0.22930945511418285, 0.9733521181949195, 0.0016816065830271142]
 - [0.0012305554184242728, -0.008484324331446842, 0.9999632503117306, -0.9870761111404472, -0.16025208203159094, -0.00014498410990544363, 0.16024742290974314, -0.9870396579900829, -0.008571872934596568]
 - [0.0005992499527536369, -0.0010554466994381064, 0.9999992634656083, 0.9576570792504749, -0.28790996529468416, -0.0008777502285937351, 0.2879106796576747, 0.9576568998948833, 0.0008382259703883627]
 - [0.0011458523292498643, -0.007941272120929757, 0.9999678110917074, -0.987394929177961, -0.15827582911398833, -0.00012550668959520023, 0.15827173107061515, -0.9873630022010047, -0.00802253255088257]
 - [0.000894891046990244, -1.5766288614520244e-05, 0.999999599460639, 0.9475257130985005, -0.31967842506907956, -0.0008529727614075396, 0.3196783104735022, 0.947526096894844, -0.00027113839664787175]
 - [0.0010467663232670136, -0.0072981097387416465, 0.9999728205678917, -0.9882121371949157, -0.15309070852566142, -8.28478571003319e-05, 0.1530871522398954, -0.9881851914278782, -0.0073723308204946625]
 - [0.001257364904765191, 0.0011217565586838514, 0.9999985803468517, 0.9436108987084587, -0.33105559570807347, -0.000815100599175564, 0.3310542113795117, 0.9436105839871634, -0.001474759402041241]
 - [0.0009665858534305308, -0.006755070643645114, 0.9999767170951468, -0.9894468624158332, -0.14489619026648018, -2.2399182830731396e-05, 0.14489296797033102, -0.9894238035679451, -0.00682383806147952]
 - [0.0015590853003239664, 0.0020681657613455503, 0.9999966459660806, 0.9455999295564952, -0.3253308022977733, -0.0008014356117778022, 0.32532805362553513, 0.9455980074887379, -0.0024628758698445647]
 - [0.0009182310774605653, -0.006394834531998612, 0.9999791312537465, -0.991035754265312, -0.13359689617850654, 5.567094517367357e-05, 0.1335937521722973, -0.9910151237104193, -0.00646018248574449]
 - [0.0017850147763640177, 0.002855393447529465, 0.9999943302091807, 0.952790703431392, -0.3036267120519573, -0.0008337764876575173, 0.30362260979209327, 0.9527867896107596, -0.0032625704989565543]
 - [0.0008781454331155095, -0.006050386904403744, 0.9999813106648067, -0.9929138624051388, -0.11883618329008509, 0.0001529207445875696, 0.118833037091152, -0.9928954397918002, -0.0061118684819420595]
 - [-0.008403375048656719, 0.006371816255848393, 0.9999443900764644, 0.9737750789733134, -0.22730886918831336, 0.00963190317883995, 0.22735760127672866, 0.9738018679104757, -0.004294554198066768]
 - [-0.007861121376445053, -2.1044040288439723e-05, 0.999969100686543, 0.002662395667489014, -0.9999964558183677, -1.145537499185585e-07, 0.999965556616834, 0.002662312500769805, 0.00786114954276475]
 - [-0.028142288240160216, 0.015232261636885323, 0.999487863767256, 0.9395284127066229, 0.34181138105981373, 0.021244799244892514, -0.3413127207262873, 0.9396451234287382, -0.023930497007187388]
 - [-0.007973552510756673, -2.0123996062196865e-05, 0.999968210522406, 0.002356136141075281, -0.9999972243064962, -1.33720746993164e-06, 0.9999654349440499, 0.002356050578444237, 0.00797357779349319]
 - [-0.008139864854587698, 0.007358584972983008, 0.9999397951013571, 0.9861384632369268, -0.1656666247566954, 0.009246662448494326, 0.16572469316568722, 0.9861543594533869, -0.00590807974042061]
 - [-0.007884164510134666, -2.086767477810146e-05, 0.999968919274253, 0.002602010010832572, -0.9999966147661596, -3.529401233568681e-07, 0.999965534152993, 0.002601926355835039, 0.007884192118292836]
 - [-0.027625415239592315, 0.01421781868630592, 0.9995172284981603, 0.9663881245506137, 0.2560505454353018, 0.023067529339575694, -0.255598961579244, 0.9665588299809216, -0.020813433775434154]
 - [-0.007865317533735946, 0.009255971246066471, 0.9999262291671245, 0.9940175944584999, -0.10886282187807099, 0.008826546305277898, 0.10893648923583563, 0.9940136885420819, -0.00834435761070248]
 - [-0.007906932183776284, -2.0687399450692657e-05, 0.9999687395091271, 0.0025411696831033974, -0.9999967712229316, -5.944948881329842e-07, 0.9999655108452906, 0.002541085544260948, 0.007906959224247272]
 - [-0.027212702158200316, 0.013169510614245055, 0.9995429119509729, 0.9837877178917952, 0.17766335599169444, 0.02444295528413328, -0.1772602464358626, 0.9840031991451806, -0.017790702783968205]
 - [-0.007951628979467234, -2.031546854809369e-05, 0.9999683850921761, 0.0024182109005596595, -0.9999970761231552, -1.086727629611104e-06, 0.9999654613298468, 0.0024181258077900277, 0.007951654856970873]
 - [-0.00771853712942002, 0.010864777525466105, 0.9999111864530285, 0.998427816173468, -0.055433289528455686, 0.0083094105166333, 0.055518646198023394, 0.9984032787513151, -0.010419832194530425]
 - [-0.007929421305352216, -2.0503300745266933e-05, 0.999968561434497, 0.002479896078044765, -0.9999969250526415, -8.391232832206817e-07, 0.9999654866010147, 0.0024798114599074357, 0.007929447768854224]
 - [-0.033465211577952333, 0.021327401977152112, 0.9992123005342497, 0.6733205608132075, 0.7393196766888107, 0.006770380117840861, -0.738592920356153, 0.6730167587702832, -0.03910166766407914]
 - [-0.007681065935076062, 0.011824467294508834, 0.9999005866581449, 0.999963153225326, -0.00374221796490297, 0.007725800694170735, 0.003833199416141254, 0.999923085931065, -0.011795287378094956]
 - [-0.03048469419865045, 0.01860869052622745, 0.9993619965040265, 0.8245953553399036, 0.5655339664702118, 0.014623020219071858, -0.5649010385646964, 0.8245150389200725, -0.03258476980367906]
 - [-0.00769660657574221, 0.0125032111302996, 0.9998922101700006, 0.9988145281293048, 0.048159376998657355, 0.007086099416080366, -0.048065586910508294, 0.9987614050004798, -0.012859052702902786]
 - [-0.028989240475151754, 0.016638503569901035, 0.9994412359591878, 0.8976236955529744, 0.4403655634982424, 0.018704856767602855, -0.4398082822304452, 0.8976643753006074, -0.027700978280112174]
 - [-0.00776421541170732, 0.014019634565094766, 0.9998715751563808, 0.9946785325837734, 0.10283556506548293, 0.006281988113209314, -0.10273428724643144, 0.9945995658576995, -0.014743467015722269]
 - [-0.028157876277904736, 0.015279098688930966, 0.9994867098399918, 0.9398311216280771, 0.3409769398648947, 0.02126474311347763, -0.34047701364824684, 0.9399474855669468, -0.023960958944618308]
 - [-0.028568352386661718, -0.004903496809921141, 0.9995798142024213, -0.9619356956636322, 0.2720210903340922, -0.02615805462138693, -0.27177852499790234, -0.9622787964683035, -0.012488042980304183]
 - [-0.007483636965687632, 1.5859779903407218e-05, 0.9999719970710342, 0.002727886945025344, 0.9999962792991118, 4.554922237313624e-06, -0.9999682764020972, 0.002727844643585427, -0.007483652384999479]
 - [-0.008203711829901756, -0.006457384771186164, 0.9999454991618938, -0.9989075426397519, -0.045952237695531604, -0.008491943722478898, 0.04600456900813564, -0.9989227668006625, -0.006073351437671634]
 - [-0.008248036002001042, 2.2274320286407653e-05, 0.9999659841244423, 0.0038904493250226527, 0.9999924321252236, 9.814748236889222e-06, -0.999958416288477, 0.003890397940379357, -0.008248060239011751]
 - [-0.036353140381108415, -0.010894880315323513, 0.9992796159070523, -0.48927492348357543, 0.872090192021293, -0.00829133465771174, -0.8713716190205952, -0.48922387366437814, -0.0370338089081805]
 - [-0.007640369915726814, 1.705915146786049e-05, 0.9999708118022926, 0.0029548891778859603, 0.9999956342902219, 5.517530433222095e-06, -0.9999664461258174, 0.002954845085969964, -0.007640386967991221]
 - [-0.008169964208798989, -0.006917364359923427, 0.9999426992358806, -0.999939032389736, -0.007372094013469413, -0.008220932631713583, 0.007428538773241227, -0.9999488998444714, -0.006856712880515128]
 - [-0.008099077960437854, 2.0908973959922373e-05, 0.9999672017116387, 0.0036526343798269716, 0.9999933290711699, 8.674420631678082e-06, -0.9999605308202311, 0.0036525848344802613, -0.008099100304902329]
 - [-0.033142327329193595, -0.009212851659635677, 0.9994081796260734, -0.6739001417523609, 0.7386590208049882, -0.01553865919451343, -0.7380787119849425, -0.6740163012477617, -0.0306894210915525]
 - [-0.007795211471491578, 1.8300805915388174e-05, 0.9999696167100258, 0.0031847491958055148, 0.9999949286521311, 6.525278618765637e-06, -0.9999645453968229, 0.0031847032985739465, -0.007795230222739416]
 - [-0.008155553389305887, -0.007528590690606229, 0.999938401738391, -0.9992341121414281, 0.03833263174654631, -0.007861200691768384, -0.03827108676072278, -0.9992366734991251, -0.007835448459165695]
 - [-0.007948125595362416, 1.958426325900374e-05, 0.9999684129591178, 0.0034173655742523686, 0.9999941607605064, 7.577741246151452e-06, -0.9999625737556642, 0.0034173178586254186, -0.007948146110940598]
 - [-0.031387170520721944, -0.008120007691292353, 0.9994743173297633, -0.7991578958916197, 0.6007811478181153, -0.020215584592754215, -0.6003011768777254, -0.7993723024357557, -0.025345988593399225]
 - [-0.008163891397747255, -0.008081111921721533, 0.999934021077068, -0.9959269562771835, 0.08985913550550638, -0.007404966351630988, -0.089793366334666, -0.9959216994303876, -0.00878179742289779]
 - [-0.030038519873749014, -0.006832497728511905, 0.9995253895217389, -0.8799146005420151, 0.4745651287397593, -0.02319987795661045, -0.474181382043602, -0.8801938738476913, -0.020267248560525294]
 - [-0.008203967205249556, -0.0086664320947233, 0.9999287914030892, -0.9894065579602382, 0.14500893757118688, -0.006860837394180452, -0.1449391527068133, -0.989392389792454, -0.009764273316938415]
 - [-0.029017161032261027, -0.0054835463089180836, 0.9995638724391284, -0.9306058647792785, 0.36516725268952993, -0.02501203713399111, -0.36487083852239977, -0.9309257802226013, -0.015699137329868385]
 - [-0.008339425487174115, -0.009761524586443268, 0.9999175799136111, -0.9795794487109949, 0.20096160086303816, -0.006207949873301748, -0.2008844385352144, -0.9795504824236031, -0.011238093169147444]
 - [-0.008303886858474534, -0.00955877607386226, 0.9999198344182457, -0.9838044869150705, 0.1791285293652855, -0.006457669332378116, -0.17905244200741283, -0.9837792434115492, -0.010891429831856371]
 - [-0.00819451304363078, -0.008563909442796256, 0.9999297522381426, -0.9902088379965118, 0.1394222369338183, -0.00692076599578913, -0.1393531740204578, -0.9901959903490954, -0.009622556157184986]
 - [-0.00819174790691609, -0.008530834909304657, 0.9999300576150214, -0.9910948504236443, 0.13297446586835107, -0.006984904491916346, -0.1329055782499891, -0.9910827494628172, -0.009544159850876447]
 - [-0.008316997351241721, -0.009629407795968594, 0.9999190477536465, -0.9819373494342177, 0.18909988219842258, -0.006346364206910191, -0.18902346240920329, -0.9819106420943006, -0.011028218387158993]
materials:
- name: Gelcoat
  density: 1235.0
  elastic:
    E:
    - 3440000000.0
    - 3440000000.0
    - 3440000000.0
    G:
    - 1323000000.0
    - 1323000000.0
    - 1323000000.0
    nu:
    - 0.3
    - 0.3
    - 0.3
- name: Adhesive
  density: 1100.0
  elastic:
    E:
    - 3900000000.0
    - 3900000000.0
    - 3900000000.0
    G:
    - 1500000000.0
    - 1500000000.0
    - 1500000000.0
    nu:
    - 0.3
    - 0.3
    - 0.3
- name: glass_uni
  density: 1940.0
  elastic:
    E:
    - 43700000000.0
    - 16500000000.0
    - 15450000000.0
    G:
    - 3265000000.0
    - 3495000000.0
    - 3480000000.0
    nu:
    - 0.262
    - 0.264
    - 0.35
- name: carbon_uni_industry_baseline
  density: 1600.0
  elastic:
    E:
    - 157599000000.0
    - 9100000000.0
    - 9100000000.0
    G:
    - 4131000000.0
    - 4131000000.0
    - 2689000000.0
    nu:
    - 0.3133
    - 0.3133
    - 0.47066
- name: glass_biax
  density: 1940.0
  elastic:
    E:
    - 11023100000.0
    - 11023100000.0
    - 16047700000.0
    G:
    - 13231400000.0
    - 3487480000.0
    - 3487480000.0
    nu:
    - 0.688074
    - 0.117173
    - 0.117173
- name: glass_triax
  density: 1940.0
  elastic:
    E:
    - 28211400000.0
    - 16238800000.0
    - 15835500000.0
    G:
    - 8248220000.0
    - 3491240000.0
    - 3491240000.0
    nu:
    - 0.497511
    - 0.18091
    - 0.27481
- name: medium_density_foam
  density: 130.0
  elastic:
    E:
    - 142500000.0
    - 142500000.0
    - 142500000.0
    G:
    - 54000000.0
    - 54000000.0
    - 54000000.0
    nu:
    - 0.3194
    - 0.3194
    - 0.3194
- name: resin
  density: 1150.0
  elastic:
    E:
    - 1000000.0
    - 1000000.0
    - 1000000.0
    G:
    - 312500.0
    - 312500.0
    - 312500.0
    nu:
    - 0.3
    - 0.3
    - 0.3
- name: steel
  density: 7800
  elastic:
    E:
    - 200000000000.0
    - 200000000000.0
    - 200000000000.0
    G:
    - 79300000000.0
    - 79300000000.0
    - 79300000000.0
    nu:
    - 0.3
    - 0.3
    - 0.3
