nodes:
 - [-2.405298420 0.198544558 37.931034483]
 - [-2.406330836 0.186037190 37.931034483]
 - [-2.404266003 0.211051926 37.931034483]
 - [-2.333728625 0.189345894 37.931034483]
 - [-2.331295170 0.218826355 37.931034483]
 - [-2.121091398 0.192441486 37.931034483]
 - [-2.116974440 0.242317007 37.931034483]
 - [-1.773607480 0.166481554 37.931034483]
 - [-1.774379919 0.283472104 37.931034483]
 - [-1.584621775 0.144763554 37.931034483]
 - [-1.550199631 0.312958677 37.931034483]
 - [-1.352230776 0.083134522 37.931034483]
 - [-1.320776105 0.344499247 37.931034483]
 - [-1.089226033 -0.007085707 37.931034483]
 - [-1.083004309 0.377149148 37.931034483]
 - [-0.808399096 -0.114577297 37.931034483]
 - [-0.833779210 0.409963715 37.931034483]
 - [-0.522541514 -0.228020415 37.931034483]
 - [-0.569995775 0.441998282 37.931034483]
 - [-0.244444838 -0.336095223 37.931034483]
 - [-0.288548972 0.472308183 37.931034483]
 - [0.013099382 -0.427481887 37.931034483]
 - [0.013666233 0.499948752 37.931034483]
 - [0.162471879 -0.469450969 37.931034483]
 - [0.013193033 -0.272893057 37.928663793]
 - [0.156422174 0.508385546 37.931034483]
 - [0.306391841 -0.503291298 37.931034483]
 - [0.013287004 -0.118326507 37.927241379]
 - [0.297840600 0.513920460 37.931034483]
 - [0.013570909 0.345355393 37.928663793]
 - [0.445434173 -0.529578578 37.931034483]
 - [0.013381302 0.036229356 37.926767241]
 - [0.437705263 0.516047152 37.931034483]
 - [0.013475935 0.190786125 37.927241379]
 - [0.580173778 -0.548888513 37.931034483]
 - [0.575799915 0.514259278 37.931034483]
 - [0.711185562 -0.561796809 37.931034483]
 - [0.711908306 0.508050495 37.931034483]
 - [0.839044428 -0.568879169 37.931034483]
 - [0.845814190 0.496914460 37.931034483]
 - [0.964325282 -0.570711297 37.931034483]
 - [0.977301317 0.480344831 37.931034483]
 - [1.260666828 -0.552316195 37.931034483]
 - [0.966427549 -0.395510555 37.928663793]
 - [1.293560335 0.413026549 37.931034483]
 - [0.975077699 0.305149737 37.928663793]
 - [1.520909867 -0.506903217 37.931034483]
 - [0.968553762 -0.220337218 37.927241379]
 - [1.557751904 0.325277918 37.931034483]
 - [0.972878675 0.129979789 37.927241379]
 - [1.739699861 -0.442707769 37.931034483]
 - [0.970704083 -0.045178150 37.926767241]
 - [1.770375413 0.222288541 37.931034483]
 - [1.911682271 -0.367965253 37.931034483]
 - [1.931930252 0.109248023 37.931034483]
 - [2.031502556 -0.290911072 37.931034483]
 - [2.042915810 -0.008654032 37.931034483]
 - [2.093806178 -0.219780630 37.931034483]
 - [2.103831477 -0.126228020 37.931034483]
 - [2.104281159 -0.186919266 37.931034483]
 - [2.106550383 -0.157684630 37.931034483]
 - [2.107566151 -0.173968347 37.931034483]
elements:
 - [1 2]
 - [1 3]
 - [2 4]
 - [3 5]
 - [4 6]
 - [5 7]
 - [6 8]
 - [7 9]
 - [8 10]
 - [9 11]
 - [10 12]
 - [11 13]
 - [12 14]
 - [13 15]
 - [14 16]
 - [15 17]
 - [16 18]
 - [17 19]
 - [18 20]
 - [19 21]
 - [20 22]
 - [21 23]
 - [22 24]
 - [22 25]
 - [23 26]
 - [23 30]
 - [24 27]
 - [25 28]
 - [26 29]
 - [27 31]
 - [28 32]
 - [29 33]
 - [30 34]
 - [31 35]
 - [32 34]
 - [33 36]
 - [35 37]
 - [36 38]
 - [37 39]
 - [38 40]
 - [39 41]
 - [40 42]
 - [41 43]
 - [41 44]
 - [42 45]
 - [42 46]
 - [43 47]
 - [44 48]
 - [45 49]
 - [46 50]
 - [47 51]
 - [48 52]
 - [49 53]
 - [50 52]
 - [51 54]
 - [53 55]
 - [54 56]
 - [55 57]
 - [56 58]
 - [57 59]
 - [58 60]
 - [59 61]
 - [60 62]
 - [61 62]
sets:
  element:
  - name: layup_0
    labels:
    - 1
    - 2
    - 3
    - 4
    - 5
    - 6
    - 7
    - 8
  - name: layup_1
    labels:
    - 9
    - 11
    - 13
    - 15
    - 17
    - 19
    - 21
  - name: layup_2
    labels:
    - 23
    - 25
    - 27
    - 29
    - 30
    - 32
    - 34
    - 36
    - 37
    - 38
    - 39
    - 40
    - 41
    - 42
  - name: layup_3
    labels:
    - 43
    - 47
    - 51
    - 55
    - 57
    - 59
  - name: layup_4
    labels:
    - 61
    - 62
    - 63
    - 64
  - name: layup_5
    labels:
    - 45
    - 49
    - 53
    - 56
    - 58
    - 60
  - name: layup_6
    labels:
    - 10
    - 12
    - 14
    - 16
    - 18
    - 20
    - 22
  - name: layup_7
    labels:
    - 44
    - 46
    - 48
    - 50
    - 52
    - 54
  - name: layup_8
    labels:
    - 24
    - 26
    - 28
    - 31
    - 33
    - 35
sections:
- type: shell
  elementSet: layup_0
  layup:
  - - glass_triax
    - 0.005
    - 0
  - - glass_uni
    - 0.01
    - 0
  - - glass_triax
    - 0.003
    - 0
- type: shell
  elementSet: layup_1
  layup:
  - - glass_triax
    - 0.005
    - 0
  - - medium_density_foam
    - 0.048
    - 0
  - - glass_triax
    - 0.003
    - 0
- type: shell
  elementSet: layup_2
  layup:
  - - glass_triax
    - 0.005
    - 0
  - - carbon_uni_industry_baseline
    - 0.04
    - 0
  - - glass_triax
    - 0.003
    - 0
- type: shell
  elementSet: layup_3
  layup:
  - - glass_triax
    - 0.005
    - 0
  - - medium_density_foam
    - 0.067
    - 0
  - - glass_triax
    - 0.003
    - 0
- type: shell
  elementSet: layup_4
  layup:
  - - glass_triax
    - 0.005
    - 0
  - - glass_uni
    - 0.005
    - 0
  - - glass_triax
    - 0.003
    - 0
- type: shell
  elementSet: layup_5
  layup:
  - - glass_triax
    - 0.005
    - 0
  - - medium_density_foam
    - 0.038
    - 0
  - - glass_triax
    - 0.003
    - 0
- type: shell
  elementSet: layup_6
  layup:
  - - glass_triax
    - 0.005
    - 0
  - - medium_density_foam
    - 0.077
    - 0
  - - glass_triax
    - 0.003
    - 0
- type: shell
  elementSet: layup_7
  layup:
  - - glass_biax
    - 0.002
    - 0
  - - medium_density_foam
    - 0.052000000000000005
    - 0
  - - glass_biax
    - 0.002
    - 0
- type: shell
  elementSet: layup_8
  layup:
  - - glass_biax
    - 0.002
    - 0
  - - medium_density_foam
    - 0.03
    - 0
  - - glass_biax
    - 0.002
    - 0
elementOrientations:
 - [0.013936643061464889, -0.00501806579076512, 0.9998902884796397, -0.08223432314080029, -0.9966055649579374, -0.003855384863521902, 0.9965155724210997, -0.08217156996547526, -0.014301993275667899]
 - [0.0027848079661366137, -0.004115604684487014, 0.9999876532451153, 0.9924978389842546, -0.12221851982523928, -0.0032669593374467037, 0.12223045633628592, 0.9924946827111006, 0.003744373647848084]
 - [0.015190784617122477, -0.004585556675323364, 0.9998740984407454, 0.9988477377198257, 0.04559839436256055, -0.014966071079033406, -0.04552402568647098, 0.9989493275945149, 0.005272948298981058]
 - [0.0032818955388557204, -0.0009522346066013453, 0.9999941611884176, 0.9459341575838646, -0.3243407447810331, -0.0034133255031014932, 0.3243421013032035, 0.9459398366302897, -0.0001637012029483474]
 - [0.015194355920138609, -0.00459984718646986, 0.9998739785363123, 0.9997782783950449, 0.014649678895689584, -0.015125506857419908, -0.014578257701550554, 0.9998821072077019, 0.004821419736225978]
 - [0.003077794841659634, -0.0018881722271845282, 0.9999934809710278, 0.9666078695211464, -0.25623673204885095, -0.0034588623441827956, 0.2562415925619869, 0.9666122138451211, 0.0010364780416641593]
 - [0.015199077754983397, -0.004699659914950364, 0.9998734426076543, 0.9971047908776288, -0.07444173880585402, -0.015506886613413819, 0.0745051947469318, 0.9972142902707747, 0.0035546076403662175]
 - [0.0029763883222752832, -0.0033402037985845933, 0.9999899920254895, 0.9934569360535457, -0.11415853988409676, -0.0033382598209340795, 0.11416854785647401, 0.9934569295194006, 0.0029785684865372445]
 - [0.002760496385338534, -0.0041684437061307224, 0.9999875017902848, 0.9919162564186352, -0.1268521461223282, -0.0032669981021423767, 0.12686417899527994, 0.9919128777776949, 0.003784572185233888]
 - [0.003827561931188254, -0.006501414055536108, 0.9999715402874929, -0.9909751747217194, -0.13401367852626042, 0.002921823594572344, 0.13399086855051204, -0.9909581553139056, -0.006955685583808767]
 - [0.0028638322851553735, -0.00262672030180077, 0.9999924493740431, 0.9672795747233094, -0.25368960291175924, -0.003436524053095804, 0.25369671418395634, 0.9672821127855774, 0.0018142484212159864]
 - [0.003807829013718066, -0.006324573506747106, 0.9999727497327917, -0.9902499570329865, -0.13927193116347264, 0.0028899457029458943, 0.139249858292105, -0.9902339768761496, -0.006793232343589102]
 - [0.0032098547045222824, -0.001182514210456085, 0.9999941492293437, 0.9473848326184866, -0.32007856230303433, -0.0034194851169824033, 0.32008073318651753, 0.9473902657374966, 9.289034831679969e-05]
 - [0.003770780043358507, -0.00604650218126928, 0.9999746101922973, -0.9903302179432886, -0.13869994271780137, 0.0028957414382885863, 0.13867891204600438, -0.9903159928535188, -0.006511040798986227]
 - [0.003435628681406874, -0.0004251203768589627, 0.9999940078461611, 0.9355023471589693, -0.35330445828366225, -0.003364255779012493, 0.3533037714426809, 0.935508299818635, -0.0008161218197716062]
 - [0.0037182685656962375, -0.005659143571502275, 0.9999770740236549, -0.9910511746164204, -0.13345031018016854, 0.0029298471342075823, 0.13343067027593908, -0.991039347759136, -0.006104704977285629]
 - [0.0035969390865402662, 4.874329526507527e-05, 0.9999935298057175, 0.9311797485450799, -0.3645451632003135, -0.0033316492580271807, 0.36454264212671944, 0.9311857073706341, -0.001356635515752597]
 - [0.003645722806875521, -0.0050962264225282265, 0.999980368398033, -0.9922710863165206, -0.12405312829774344, 0.0029854011079653003, 0.12403547865609765, -0.9922624903904179, -0.005509101447496375]
 - [0.003856213875110466, 0.0007675793294461888, 0.9999922701883865, 0.9339416602617541, -0.35740999595332307, -0.0033271639821646545, 0.3574046793790871, 0.9339472713245748, -0.002095123698823959]
 - [0.0035671304311009184, -0.004425239373191647, 0.9999838462880176, -0.9938554751976104, -0.11064337981085072, 0.003055638028868327, 0.11062807057984493, -0.9938503206019113, -0.004792727747229704]
 - [0.00424779492026216, 0.0019140377771250862, 0.9999891462899501, 0.9438066595246777, -0.33048084382891424, -0.003376580962764543, 0.3304707939821381, 0.9438107587443135, -0.003210296450292887]
 - [0.0035287682102474265, -0.004012940164024835, 0.9999857219511478, -0.9956555334810925, -0.09306018919627221, 0.00314003745761578, 0.09304625969591444, -0.995652397927105, -0.004323893917115267]
 - [-0.007997346168144518, 0.0062754310186048925, 0.999948329374972, 0.9596951901031563, -0.28088442993457186, 0.009438173191720713, 0.28092914506532285, 0.9597210823910566, -0.0037761709449505645]
 - [-0.007674009398460322, 1.9352628445466685e-06, 0.9999705543544805, -0.00047041815560239507, -0.9999998893519707, -1.6747800318776105e-06, 0.9999704437064684, -0.0004704171561138443, 0.0076740094597290845]
 - [-0.02263401068295329, 0.01421537818964411, 0.9996427484773394, 0.9587438190886682, 0.2837215942649383, 0.017673321901583293, -0.2833690013386772, 0.9588013245561812, -0.020050663570906315]
 - [-0.007950557518856989, 3.0010702054660246e-06, 0.9999683938135909, -0.0007209788077702504, -0.9999997400910158, -2.7312003784180934e-06, 0.999968133904625, -0.0007209777349453592, 0.00795055761614368]
 - [-0.0078120087065952065, 0.006776723784213561, 0.9999465228374566, 0.9749976058492853, -0.2220280643174745, 0.009121800458033007, 0.2220780068087087, 0.9750167253284365, -0.004872804293553542]
 - [-0.007729696152793649, 2.1376781209289827e-06, 0.9999701254501634, -0.0005191571355268793, -0.9999998652361669, -1.8753051042659785e-06, 0.9999699906863475, -0.0005191561214798106, 0.007729696220901016]
 - [-0.021973988799014847, 0.012677200030909918, 0.9996781644187479, 0.9832979869268695, 0.18097471457459482, 0.01931894381713849, -0.18067156035698193, 0.9834060409027497, -0.01644220162123003]
 - [-0.007570462793560374, 0.007909981690884636, 0.9999400583448693, 0.9846712306646533, -0.17419686688300154, 0.008832840398363078, 0.17425629284031166, 0.9846790765309251, -0.006469980506605693]
 - [-0.007785198302105957, 2.345481531345125e-06, 0.9999696948817476, -0.0005685972900684275, -0.9999998383463821, -2.081224576823857e-06, 0.9999695332281471, -0.0005685962614063559, 0.0077851983772349274]
 - [-0.021564654406146546, 0.01155578482671763, 0.9997006699594544, 0.9973806877260527, 0.06930161034943713, 0.020713535528263494, -0.06904150513603623, 0.9975288219595528, -0.013019981894660962]
 - [-0.00789563283312216, 2.7771965606121627e-06, 0.9999688290014103, -0.0006695231283181911, -0.9999997758662169, -2.5091910702856323e-06, 0.9999686048676455, -0.0006695220702651018, 0.007895632922841435]
 - [-0.007400167054003709, 0.008942884235208745, 0.9999326289051318, 0.9912350189719963, -0.13183563314308228, 0.00851486919150544, 0.13190289872159242, 0.991231249837957, -0.007888894315622352]
 - [-0.007840511830615073, 2.5586600168541535e-06, 0.9999692627114531, -0.0006187242227049316, -0.999999808587522, -2.2925255269394664e-06, 0.9999690712989926, -0.0006187231793734831, 0.007840511912948205]
 - [-0.027058707317924875, 0.01821290466089133, 0.9994679166747154, 0.6443233223746154, 0.7647451528653152, 0.0035081922898522605, -0.7642743503496765, 0.6440754158270743, -0.03242801450538192]
 - [-0.007310517120804216, 0.009665565981722555, 0.9999265638904088, 0.995857587182271, -0.09056016397441803, 0.008156148136977555, 0.0906323473762665, 0.9958440809359563, -0.008963485588111443]
 - [-0.024071916312177397, 0.015701255197458346, 0.999586921398176, 0.8484603803436379, 0.5291200798442854, 0.012121224884723385, -0.5287111932162858, 0.8484016806270491, -0.026058827237812304]
 - [-0.007269351002379259, 0.010216187549873143, 0.9999213899342037, 0.9989265325619914, -0.04567328302209035, 0.007728761974642218, 0.04574865112416818, 0.9989041899651487, -0.00987320567947918]
 - [-0.02326971151071551, 0.015096935493673087, 0.9996152275075185, 0.9201344985479916, 0.39129521899479325, 0.015509873424777287, -0.39091050779947567, 0.9201413663837296, -0.022996538031613355]
 - [-0.00723921156241794, 0.011105185967102926, 0.9999121304697679, 0.9999256433926108, 0.009893375854372439, 0.0071294319603379085, -0.00981333286032435, 0.9998893918623399, -0.011175980464026309]
 - [-0.022630394329840743, 0.014204148850746277, 0.9996429899758722, 0.9587627988699577, 0.28365738462162593, 0.01767437842369744, -0.28330506658992355, 0.9588204890932636, -0.020037687976265695]
 - [-0.022681565819075135, -0.002481396257605975, 0.9997396607340372, -0.9773974070889874, 0.21029852331443394, -0.021652706701318466, -0.2101900454058656, -0.9776340694576787, -0.007195210066355037]
 - [-0.007319318331971607, 8.341082161830123e-05, 0.9999732099520416, 0.011863152846568836, 0.9999296303204571, 3.4253318442021435e-06, -0.9999028418719961, 0.0118628601032293, -0.007319792789212031]
 - [-0.008049775443698923, -0.0053082731382888704, 0.999953510595165, -0.9991421730971537, -0.04057970474168272, -0.008258662226693067, 0.04062165745021706, -0.9991622039485717, -0.004977062048041041]
 - [-0.007958371329944905, 9.427647837989996e-05, 0.9999683272172775, 0.012763386973771754, 0.9999185446322926, 7.307205349909931e-06, -0.9998868737405908, 0.012763040875242888, -0.007958926365057961]
 - [-0.026893456489055736, -0.005100848360762983, 0.9996252914687944, -0.4622039206681733, 0.8867383864064431, -0.007910106969397757, -0.8863657697119406, -0.46224345903354713, -0.02620509232307565]
 - [-0.007448974868478401, 8.554857132987053e-05, 0.9999722523424591, 0.012040369649771966, 0.9999275121135065, 4.146155879750701e-06, -0.9998997661126366, 0.01204006644232921, -0.007449464944455462]
 - [-0.008045951687400807, -0.005109140480015903, 0.9999545786409494, -0.9998517587131734, -0.015181648644075165, -0.008122693064567883, 0.01522245905290406, -0.9998716988834133, -0.0049862322829312454]
 - [-0.007832428574622349, 9.206861400501812e-05, 0.9999693218224217, 0.012580621367217219, 0.999920860830536, 6.475689173980831e-06, -0.9998901844845954, 0.012580286137053795, -0.00783296700310267]
 - [-0.025008247047707814, -0.004251923143929089, 0.9996782025878022, -0.6843118578944494, 0.7290547132831168, -0.014018066368782733, -0.7287605016222051, -0.6844422153763242, -0.021142021807326498]
 - [-0.0075777196763471815, 8.770432681301097e-05, 0.9999712848239483, 0.0122190566502916, 0.9999253445285885, 4.894947359407323e-06, -0.9998966310669737, 0.012218742870467621, -0.007578225622250324]
 - [-0.008038853354097451, -0.005104017446873695, 0.9999546618935549, -0.9998378983660225, 0.016152011505674024, -0.007955470780287459, -0.016110674342396398, -0.9998565204719239, -0.005233033729173517]
 - [-0.007705541230759227, 8.98777825259316e-05, 0.9999703078373502, 0.012399159102024462, 0.9999231274560039, 5.671526695057651e-06, -0.9998934370661225, 0.01239883464635847, -0.007706063295127232]
 - [-0.024027139288965473, -0.003685139016445818, 0.9997045145081711, -0.8176273527383342, 0.5754808612838583, -0.01752969908733352, -0.5752462156604703, -0.8178069442395426, -0.016840229270690434]
 - [-0.00804300016959667, -0.005435676647445572, 0.9999528806737124, -0.9985989919771389, 0.05234528116622418, -0.007747564899430402, -0.05230070143424291, -0.9986142523312058, -0.005849074326150351]
 - [-0.023345876975726935, -0.003098206981415029, 0.9997226471085543, -0.8985432157792916, 0.4384460915846983, -0.01962432549445413, -0.43826368707120167, -0.898752149309031, -0.013019781378855197]
 - [-0.008074442266280573, -0.006029534693770535, 0.9999492227575686, -0.9957626135476252, 0.09165559342145867, -0.007487967371932709, -0.0916057904441164, -0.9957725126282292, -0.006744053022608284]
 - [-0.0228859696208265, -0.0025949943818052343, 0.9997347140110089, -0.9479736666186381, 0.3176634998776389, -0.02087649978098167, -0.3175250538022642, -0.9481999614267277, -0.009730023546819743]
 - [-0.008123268450399491, -0.006536431689027541, 0.9999456423078493, -0.9912324411630867, 0.13193388725291352, -0.00719006120994984, -0.13187971828734724, -0.991236966852584, -0.007550857523470685]
 - [-0.007993458354652186, -0.0048372196560005805, 0.9999563520121926, -0.9917869565561546, 0.12769177762330947, -0.007310453643881249, -0.12765084186409617, -0.9918021028579231, -0.005818190267481859]
 - [-0.008031878192766975, -0.005272268353461376, 0.9999538449944104, -0.9961142801021328, 0.08774687248623692, -0.0075383914394307186, -0.08770307810622474, -0.9961288518837776, -0.005956553987019148]
 - [-0.00798780517223088, -0.004435571544903678, 0.9999582594656644, -0.9964095856576747, 0.08432318187464875, -0.007585420755393366, -0.08428601650352167, -0.9964285858522952, -0.005093203153529732]
 - [-0.008063265776329862, -0.00576232523628341, 0.9999508884704744, -0.9914386486179056, 0.13037231313535794, -0.007243341386213324, -0.1303241718627873, -0.9914483625361472, -0.006764218555842968]
materials:
- name: Gelcoat
  density: 1235.0
  elastic:
    E:
    - 3440000000.0
    - 3440000000.0
    - 3440000000.0
    G:
    - 1323000000.0
    - 1323000000.0
    - 1323000000.0
    nu:
    - 0.3
    - 0.3
    - 0.3
- name: Adhesive
  density: 1100.0
  elastic:
    E:
    - 3900000000.0
    - 3900000000.0
    - 3900000000.0
    G:
    - 1500000000.0
    - 1500000000.0
    - 1500000000.0
    nu:
    - 0.3
    - 0.3
    - 0.3
- name: glass_uni
  density: 1940.0
  elastic:
    E:
    - 43700000000.0
    - 16500000000.0
    - 15450000000.0
    G:
    - 3265000000.0
    - 3495000000.0
    - 3480000000.0
    nu:
    - 0.262
    - 0.264
    - 0.35
- name: carbon_uni_industry_baseline
  density: 1600.0
  elastic:
    E:
    - 157599000000.0
    - 9100000000.0
    - 9100000000.0
    G:
    - 4131000000.0
    - 4131000000.0
    - 2689000000.0
    nu:
    - 0.3133
    - 0.3133
    - 0.47066
- name: glass_biax
  density: 1940.0
  elastic:
    E:
    - 11023100000.0
    - 11023100000.0
    - 16047700000.0
    G:
    - 13231400000.0
    - 3487480000.0
    - 3487480000.0
    nu:
    - 0.688074
    - 0.117173
    - 0.117173
- name: glass_triax
  density: 1940.0
  elastic:
    E:
    - 28211400000.0
    - 16238800000.0
    - 15835500000.0
    G:
    - 8248220000.0
    - 3491240000.0
    - 3491240000.0
    nu:
    - 0.497511
    - 0.18091
    - 0.27481
- name: medium_density_foam
  density: 130.0
  elastic:
    E:
    - 142500000.0
    - 142500000.0
    - 142500000.0
    G:
    - 54000000.0
    - 54000000.0
    - 54000000.0
    nu:
    - 0.3194
    - 0.3194
    - 0.3194
- name: resin
  density: 1150.0
  elastic:
    E:
    - 1000000.0
    - 1000000.0
    - 1000000.0
    G:
    - 312500.0
    - 312500.0
    - 312500.0
    nu:
    - 0.3
    - 0.3
    - 0.3
- name: steel
  density: 7800
  elastic:
    E:
    - 200000000000.0
    - 200000000000.0
    - 200000000000.0
    G:
    - 79300000000.0
    - 79300000000.0
    - 79300000000.0
    nu:
    - 0.3
    - 0.3
    - 0.3
