nodes:
 - [-2.481680899 0.236486912 31.034482759]
 - [-2.483311651 0.219373896 31.034482759]
 - [-2.480050148 0.253599929 31.034482759]
 - [-2.407173435 0.222903725 31.034482759]
 - [-2.403491830 0.261538285 31.034482759]
 - [-2.208226563 0.225375579 31.034482759]
 - [-2.202786564 0.282462637 31.034482759]
 - [-1.855291086 0.198569357 31.034482759]
 - [-1.854234993 0.320723771 31.034482759]
 - [-1.620253484 0.162353288 31.034482759]
 - [-1.634942509 0.345670416 31.034482759]
 - [-1.376536567 0.094869811 31.034482759]
 - [-1.391659459 0.375748548 31.034482759]
 - [-1.121475209 0.002860778 31.034482759]
 - [-1.127695625 0.408697709 31.034482759]
 - [-0.852404286 -0.106931960 31.034482759]
 - [-0.846360786 0.442257443 31.034482759]
 - [-0.566658674 -0.227766550 31.034482759]
 - [-0.550964724 0.474167293 31.034482759]
 - [-0.261573249 -0.352901141 31.034482759]
 - [-0.244817218 0.502166800 31.034482759]
 - [0.065517115 -0.475593879 31.034482759]
 - [0.068771949 0.523995508 31.034482759]
 - [0.204313365 -0.517047236 31.034482759]
 - [0.066055459 -0.308976336 31.032543103]
 - [0.222469565 0.529452773 31.034482759]
 - [0.346851330 -0.552368515 31.034482759]
 - [0.066595399 -0.142383177 31.031379310]
 - [0.358531694 0.533064375 31.034482759]
 - [0.068225212 0.357374940 31.032543103]
 - [0.490245916 -0.581462597 31.034482759]
 - [0.067136978 0.024198092 31.030991379]
 - [0.484336100 0.534018579 31.034482759]
 - [0.067680236 0.190779966 31.031379310]
 - [0.631612027 -0.604234361 31.034482759]
 - [0.607260544 0.531503652 31.034482759]
 - [0.768064570 -0.620588687 31.034482759]
 - [0.734682789 0.524707858 31.034482759]
 - [0.896718450 -0.630430456 31.034482759]
 - [0.873980598 0.512819462 31.034482759]
 - [1.014688573 -0.633664548 31.034482759]
 - [1.032531732 0.495026730 31.034482759]
 - [1.337999618 -0.618649477 31.034482759]
 - [1.017598829 -0.445521488 31.032543103]
 - [1.353195411 0.432402535 31.034482759]
 - [1.029493525 0.306892335 31.032543103]
 - [1.616940100 -0.572847782 31.034482759]
 - [1.020534229 -0.257408379 31.031379310]
 - [1.636252838 0.338597545 31.034482759]
 - [1.026481354 0.118784424 31.031379310]
 - [1.848223264 -0.505241170 31.034482759]
 - [1.023494996 -0.069311111 31.030991379]
 - [1.873814022 0.222881850 31.034482759]
 - [2.028562352 -0.424811345 31.034482759]
 - [2.057988974 0.094525540 31.034482759]
 - [2.154670608 -0.340540012 31.034482759]
 - [2.180887704 -0.037201294 31.034482759]
 - [2.223261277 -0.261408878 31.034482759]
 - [2.234620223 -0.163028562 31.034482759]
 - [2.233395092 -0.228407834 31.034482759]
 - [2.236537395 -0.194131438 31.034482759]
 - [2.237234746 -0.213192896 31.034482759]
elements:
 - [1 2]
 - [1 3]
 - [2 4]
 - [3 5]
 - [4 6]
 - [5 7]
 - [6 8]
 - [7 9]
 - [8 10]
 - [9 11]
 - [10 12]
 - [11 13]
 - [12 14]
 - [13 15]
 - [14 16]
 - [15 17]
 - [16 18]
 - [17 19]
 - [18 20]
 - [19 21]
 - [20 22]
 - [21 23]
 - [22 24]
 - [22 25]
 - [23 26]
 - [23 30]
 - [24 27]
 - [25 28]
 - [26 29]
 - [27 31]
 - [28 32]
 - [29 33]
 - [30 34]
 - [31 35]
 - [32 34]
 - [33 36]
 - [35 37]
 - [36 38]
 - [37 39]
 - [38 40]
 - [39 41]
 - [40 42]
 - [41 43]
 - [41 44]
 - [42 45]
 - [42 46]
 - [43 47]
 - [44 48]
 - [45 49]
 - [46 50]
 - [47 51]
 - [48 52]
 - [49 53]
 - [50 52]
 - [51 54]
 - [53 55]
 - [54 56]
 - [55 57]
 - [56 58]
 - [57 59]
 - [58 60]
 - [59 61]
 - [60 62]
 - [61 62]
sets:
  element:
  - name: layup_0
    labels:
    - 1
    - 2
    - 3
    - 4
    - 5
    - 6
    - 7
    - 8
  - name: layup_1
    labels:
    - 9
    - 11
    - 13
    - 15
    - 17
    - 19
    - 21
  - name: layup_2
    labels:
    - 23
    - 25
    - 27
    - 29
    - 30
    - 32
    - 34
    - 36
    - 37
    - 38
    - 39
    - 40
    - 41
    - 42
  - name: layup_3
    labels:
    - 43
    - 47
    - 51
    - 55
    - 57
    - 59
  - name: layup_4
    labels:
    - 61
    - 62
    - 63
    - 64
  - name: layup_5
    labels:
    - 45
    - 49
    - 53
    - 56
    - 58
    - 60
  - name: layup_6
    labels:
    - 10
    - 12
    - 14
    - 16
    - 18
    - 20
    - 22
  - name: layup_7
    labels:
    - 44
    - 46
    - 48
    - 50
    - 52
    - 54
  - name: layup_8
    labels:
    - 24
    - 26
    - 28
    - 31
    - 33
    - 35
sections:
- type: shell
  elementSet: layup_0
  layup:
  - - glass_triax
    - 0.005
    - 0
  - - glass_uni
    - 0.01
    - 0
  - - glass_triax
    - 0.004
    - 0
- type: shell
  elementSet: layup_1
  layup:
  - - glass_triax
    - 0.005
    - 0
  - - medium_density_foam
    - 0.046
    - 0
  - - glass_triax
    - 0.004
    - 0
- type: shell
  elementSet: layup_2
  layup:
  - - glass_triax
    - 0.005
    - 0
  - - carbon_uni_industry_baseline
    - 0.035
    - 0
  - - glass_triax
    - 0.004
    - 0
- type: shell
  elementSet: layup_3
  layup:
  - - glass_triax
    - 0.005
    - 0
  - - medium_density_foam
    - 0.058
    - 0
  - - glass_triax
    - 0.004
    - 0
- type: shell
  elementSet: layup_4
  layup:
  - - glass_triax
    - 0.005
    - 0
  - - glass_uni
    - 0.005
    - 0
  - - glass_triax
    - 0.004
    - 0
- type: shell
  elementSet: layup_5
  layup:
  - - glass_triax
    - 0.005
    - 0
  - - medium_density_foam
    - 0.036000000000000004
    - 0
  - - glass_triax
    - 0.004
    - 0
- type: shell
  elementSet: layup_6
  layup:
  - - glass_triax
    - 0.005
    - 0
  - - medium_density_foam
    - 0.076
    - 0
  - - glass_triax
    - 0.004
    - 0
- type: shell
  elementSet: layup_7
  layup:
  - - glass_biax
    - 0.003
    - 0
  - - medium_density_foam
    - 0.054
    - 0
  - - glass_biax
    - 0.003
    - 0
- type: shell
  elementSet: layup_8
  layup:
  - - glass_biax
    - 0.003
    - 0
  - - medium_density_foam
    - 0.032
    - 0
  - - glass_biax
    - 0.003
    - 0
elementOrientations:
 - [0.000540201887177279, -0.004698072027742193, 0.9999888180880537, -0.09520288740170524, -0.9954471441422914, -0.0046253053233085714, 0.9954577431575382, -0.09519932425273687, -0.000985012448113146]
 - [0.0001940521381607314, -0.0023778341148501074, 0.9999971541202953, 0.9901117150120935, -0.14028013201364425, -0.0005256976749261624, 0.14028098281512918, 0.9901089992860165, 0.002327099753909783]
 - [0.009281818333069519, -0.0045780617228657105, 0.9999464431654794, 0.9988840067185005, 0.04635366566871314, -0.009059735154393728, -0.046309707086381886, 0.9989146004688964, 0.005003198940549542]
 - [0.0004182928356092198, -0.0006482581351040658, 0.9999997023962024, 0.9406604419216065, -0.3393487242852349, -0.0006134572773191489, 0.33934902097243647, 0.9406604185822713, 0.00046784364370462006]
 - [0.009284315064884722, -0.004968009314353417, 0.9999445586517425, 0.9998802661193681, 0.012426120882949832, -0.009221981612619428, -0.012379617071506182, 0.999910451192133, 0.005082782496630847]
 - [0.00033279170460502426, -0.0011579744126218644, 0.999999274172207, 0.9637512767813888, -0.26680157422230855, -0.0006296782834500118, 0.2668021097216512, 0.9637507868156362, 0.0010272099679677561]
 - [0.009255537815479284, -0.0054875762052767245, 0.9999421090878898, 0.9970916696557126, -0.07559890829872949, -0.009644032726173772, 0.0756474541734846, 0.9971232078190899, 0.004771907966314489]
 - [4.132594093037207e-05, -0.0029069261791994537, 0.999995774027248, 0.9883811781980133, -0.15199478148502765, -0.0004826854314029142, 0.1519955422901395, 0.9883770212735158, 0.002866869794570432]
 - [0.00022024965012821304, -0.002304846969520842, 0.9999973195816768, 0.9907729164478127, -0.1355313487700888, -0.0005305978289160923, 0.1355322084361762, 0.9907703776259199, 0.0022537292218100533]
 - [0.0009055247354976002, -0.006222185013473845, 0.9999802320239195, -0.9930408005694867, -0.11777071241891693, 0.00016643513652071632, 0.11776734874007869, -0.9930213208738266, -0.006285527880284031]
 - [0.00031092928812095834, -0.001238574796923601, 0.9999991846273925, 0.964421245891383, -0.26436956511099735, -0.0006273088033442892, 0.26437012652016945, 0.964420654577397, 0.0011123076080979157]
 - [0.0008518691373966544, -0.005690341143407204, 0.9999834470313219, -0.9919096642216272, -0.1269456694388521, 0.00012261509389445131, 0.1269428703894485, -0.9918933496240376, -0.00575244547078467]
 - [0.00042392052903590145, -0.0006433833891533264, 0.9999997031745557, 0.9420220773057078, -0.335550335062342, -0.0006152301917948559, 0.33555063129135065, 0.9420220584982948, 0.00046383468119640136]
 - [0.0007797464729998354, -0.005080375566013671, 0.9999867908025313, -0.9917812602543422, -0.1279449748828052, 0.00012333104458592595, 0.1279426582643414, -0.9917682557867774, -0.0051383859243293245]
 - [0.0008802751343987889, 0.0006813725489516479, 0.9999993804233767, 0.9284121857686743, -0.3715514703438971, -0.0005640935386892091, 0.3715508557814395, 0.9284121071037029, -0.0009596620979880154]
 - [0.0006985636245864579, -0.004406435869128328, 0.9999900476163718, -0.9924319437357563, -0.12279582196537349, 0.00015218645590211444, 0.12279392925438727, -0.9924221729842495, -0.004458868409022187]
 - [0.0013958337743575258, 0.0020461299971081533, 0.9999969324953498, 0.9237606209603255, -0.38297005015784774, -0.000505811318114492, 0.3829678404397272, 0.9237584933488464, -0.002424696847271899]
 - [0.0006132722453123239, -0.0036534023509089196, 0.999993138250666, -0.9936693333325864, -0.11234418726488929, 0.00019895267044974757, 0.11234268953308318, -0.993662637034851, -0.0036991714503951047]
 - [0.0016068906166479017, 0.0026249997259409643, 0.999995263628276, 0.9275343623855157, -0.37373753774303026, -0.000509387742036146, 0.37373443044044113, 0.9275307877683715, -0.0030353327895511653]
 - [0.0005321079806889081, -0.002830962088931036, 0.999995851248768, -0.9953089774663293, -0.09674695850089818, 0.0002557259393690037, 0.09674583317139542, -0.9953049842507957, -0.0028691618107055976]
 - [0.0015591228536467566, 0.002571025852650466, 0.9999954794707786, 0.9392287881242828, -0.3432913414409495, -0.0005817647844164628, 0.3432882938501081, 0.9392254493558714, -0.002950014871720727]
 - [0.00047077572388515163, -0.002017577922869132, 0.9999978538724686, -0.9971339912121348, -0.07565515987274635, 0.0003167869760782611, 0.07565435836471565, -0.9971320003710415, -0.002047412139466725]
 - [-0.0076315860027806465, 0.006927225490298285, 0.9999468848104326, 0.9618127220501469, -0.2735525383954577, 0.009235607174828927, 0.27360198573396416, 0.9618321175155298, -0.004575053882035071]
 - [-0.007577172579485321, 2.162987211697365e-05, 0.9999712925818667, -0.0031209837605506454, -0.999995129716286, -2.018523744703731e-06, 0.9999664223943057, -0.0031209094598676134, 0.007577203182984729]
 - [-0.010510397462230647, 0.009468751076713917, 0.9998999321423288, 0.9608149376642146, 0.27708982471459553, 0.007475600373700602, -0.2769913123303663, 0.9607973625029798, -0.012010041666021045]
 - [-0.007944964281929437, 2.359807219663166e-05, 0.999968437994765, -0.003352141028351207, -0.9999943815548749, -3.034796910355517e-06, 0.9999628196553533, -0.003352059339411578, 0.007944998747649595]
 - [-0.00756885426594591, 0.007177312095164053, 0.9999455978382972, 0.970305968055349, -0.2417103479891155, 0.009079429010302282, 0.24176236431933185, 0.9703219021881705, -0.005134718362032836]
 - [-0.007651132421778333, 2.201256491447694e-05, 0.999970729415672, -0.003165829659434121, -0.9999949887462858, -2.209792027108092e-06, 0.999965718259997, -0.0031657539011615307, 0.0076511637680434525]
 - [-0.009997307158099438, 0.00792886567110381, 0.9999185901555971, 0.9866378570807657, 0.1627028553614792, 0.008574370664760904, -0.162621624714125, 0.9866432556635614, -0.009449509455367646]
 - [-0.007738832768711622, 0.0062145963366328, 0.9999507434167697, 0.979304364811519, -0.20220012726239667, 0.008835700095494439, 0.20224507788444407, 0.9793245056299996, -0.004521188347310278]
 - [-0.007724896168227467, 2.240073250950729e-05, 0.9999701622935545, -0.003211381391300729, -0.9999948434985882, -2.4070426249297047e-06, 0.9999650058920809, -0.0032113041651998407, 0.007724928272085]
 - [-0.009743610816345376, 0.00676687238658681, 0.9999296332674431, 0.9992939560979093, 0.036352475910100504, 0.009491406713201806, -0.03628569076715293, 0.9993161196204678, -0.007116299055080624]
 - [-0.007871816637443352, 2.3193491323783822e-05, 0.9999690165024556, -0.003304550527111652, -0.9999945399540259, -2.819538491508306e-06, 0.9999635565602579, -0.003304470335468517, 0.007871850301026592]
 - [-0.00780627424152659, 0.005602014380434726, 0.9999538386932404, 0.9874606383582184, -0.15763143087897466, 0.008591838698831511, 0.1576722860100842, 0.9874821261339004, -0.0043012545176704595]
 - [-0.007798459106255883, 2.2794375706240115e-05, 0.9999695912956474, -0.0032576260996263684, -0.9999946939186132, -2.6102885394694107e-06, 0.999964285316112, -0.0032575473956658434, 0.0077984919825504]
 - [-0.011360968335625797, 0.009366078579068545, 0.9998915966096167, 0.6256613086998462, 0.7800947938938487, -0.00019833232166301104, -0.7800120865694795, 0.6255912316455247, -0.014722625233380169]
 - [-0.007700925191711514, 0.006031555096483935, 0.9999521569026738, 0.9936016185634763, -0.11263397011225955, 0.008331408331768306, 0.11267883270264964, 0.9936182411368406, -0.00512557712844124]
 - [-0.010516127292617635, 0.008622707297319933, 0.9999075257170683, 0.843316851067757, 0.5373999941220192, 0.004234976129323165, -0.537313781483341, 0.8432834014947279, -0.012923041110893936]
 - [-0.007546869579234048, 0.007067700454275129, 0.9999465447561903, 0.9973393083163449, -0.07245463152240686, 0.008039307061351236, 0.07250757785658317, 0.9973466669023573, -0.00650208982794281]
 - [-0.010713885751728124, 0.009571727604750568, 0.9998967920154357, 0.9193100913359792, 0.3934869057900623, 0.0060836616931879296, -0.39338806364699663, 0.9192803908505953, -0.01301515953200209]
 - [-0.007497706008518691, 0.007469744260246802, 0.9999439920942051, 0.9991285589758382, -0.04100384662749466, 0.007797897191800843, 0.041059798385706024, 0.9991310662182592, -0.0071558000314270835]
 - [-0.010501193771326118, 0.009437114629594638, 0.9999003279311619, 0.9607704990722458, 0.27724392405336196, 0.007473599397994766, -0.2771457613636641, 0.9607532188043721, -0.011978293500884795]
 - [-0.011024354040327948, 8.606107849364926e-05, 0.9999392262590183, -0.9813784291322163, 0.19177840084325729, -0.010836226464323166, -0.19176767832973488, -0.9814382494907633, -0.002029774502162474]
 - [-0.007376859017145214, 0.00011245906432710529, 0.9999727842816525, 0.015364421909834856, 0.9998819603026026, 8.954089848163749e-07, -0.9998547476960931, 0.015364010361361433, -0.007377716123450991]
 - [-0.007982572251951035, -0.0018083710533443832, 0.9999665036061834, -0.9994034963306826, -0.033586142347122594, -0.008038816097276006, 0.033599554494805235, -0.9994341903479049, -0.0015391885454253572]
 - [-0.007873207459855827, 0.000123326644451615, 0.9999689982168612, 0.01620259955009399, 0.9998687292588487, 4.256104322095892e-06, -0.9998377310204459, 0.016202130749808752, -0.00787417215031124]
 - [-0.007757198493655664, 0.004680899740563814, 0.9999589566822975, -0.4059964500642863, 0.9138444711975712, -0.007427314240630671, -0.9138417305019113, -0.4060374017738393, -0.005188444277633608]
 - [-0.007477443999405834, 0.00011461311875981377, 0.9999720369565681, 0.015530367393281147, 0.9998793965705534, 1.528199181930826e-06, -0.9998514367244095, 0.015529944543967018, -0.007478322177858442]
 - [-0.007982656726388858, -0.001458005067461312, 0.9999670751643837, -0.9998684027706928, -0.014111627201128572, -0.008002444534021342, 0.014122830182805367, -0.9998993630355805, -0.0013451649222367373]
 - [-0.007775263306268579, 0.00012113426207172583, 0.9999697648464222, 0.016033365783495804, 0.9998714573229328, 3.545056688319709e-06, -0.9998412256264345, 0.01603290857596816, -0.007776206043040998]
 - [-0.009233849022487046, 0.0036749971628187825, 0.9999506139945528, -0.6886839829465882, 0.7250054746601138, -0.009024042646557139, -0.7250028328669164, -0.6887332982430254, -0.004163679410080599]
 - [-0.007577376635931182, 0.00011677719727865822, 0.9999712844509107, 0.015697203572059285, 0.9998767913074399, 2.180876908606963e-06, -0.9998480790416787, 0.01569676934356528, -0.007578276112701088]
 - [-0.007973496901125338, -0.0011081065868034188, 0.9999675971985091, -0.9998475695517157, 0.015541897885790563, -0.007955317192563434, -0.015532578945377391, -0.9998786033863809, -0.0012318609522496034]
 - [-0.007676651445564642, 0.00011895101096232428, 0.999970527002291, 0.01586488500733293, 0.9998741447880143, 2.8532361610724766e-06, -0.9998446751602409, 0.015864439324912962, -0.007677572443080044]
 - [-0.010194876383688817, 0.002415381520660196, 0.9999451137075627, -0.8234581411416307, 0.5672929741924806, -0.009765818932339791, -0.567285425762985, -0.8235125058940871, -0.003794516168076822]
 - [-0.007953465974408222, -0.0007970563914305055, 0.9999680530297467, -0.9987220365413787, 0.04991817504273282, -0.007903766636454796, -0.049910280560565685, -0.9987529927371991, -0.001193060289194725]
 - [-0.010730706431477118, 0.001364054401175368, 0.9999414939360565, -0.900286464818947, 0.435177111050687, -0.010254914986535886, -0.43516563881272224, -0.9003438350836688, -0.0034417181097283435]
 - [-0.007928821097114458, -0.0005731183634649267, 0.999968402166464, -0.9966284164876286, 0.08167061957941223, -0.007855529700514185, -0.08166353681644388, -0.9966592102784463, -0.0012187377785756845]
 - [-0.010961773948980048, 0.0006280806697494974, 0.9999397206964846, -0.949569407413601, 0.3133774786550802, -0.01060643087787903, -0.31336525017313904, -0.9496284333287712, -0.002838766892336342]
 - [-0.007907819335286769, -0.00044388179835224773, 0.9999686341892473, -0.9943285393551075, 0.10606443253606011, -0.00781613553751254, -0.10605763629884309, -0.9943591600220478, -0.001280102710596784]
 - [-0.007930962668757374, -0.0008145763923198228, 0.9999682176431646, -0.9939319459300014, 0.10972030329556538, -0.007793709292083265, -0.10971046755413606, -0.9939621680476728, -0.0016798211281689476]
 - [-0.007932469085019666, -0.0006473237892051383, 0.9999683279515044, -0.9965660931346454, 0.08242794558002184, -0.007852120847652428, -0.08242025205351164, -0.9965968165508902, -0.0012989580696564865]
 - [-0.007959712377852243, -0.0011538562948811288, 0.9999676552741653, -0.9964554186716585, 0.08375684851587062, -0.007835108587518446, -0.08374509883420386, -0.9964855538051413, -0.001816446781264375]
 - [-0.00790783933771324, -0.00045437357559601155, 0.9999686293187716, -0.9942016703582894, 0.10724732092556077, -0.0078135018446731, -0.10724040625527236, -0.9942322694918645, -0.0012998335511037286]
materials:
- name: Gelcoat
  density: 1235.0
  elastic:
    E:
    - 3440000000.0
    - 3440000000.0
    - 3440000000.0
    G:
    - 1323000000.0
    - 1323000000.0
    - 1323000000.0
    nu:
    - 0.3
    - 0.3
    - 0.3
- name: Adhesive
  density: 1100.0
  elastic:
    E:
    - 3900000000.0
    - 3900000000.0
    - 3900000000.0
    G:
    - 1500000000.0
    - 1500000000.0
    - 1500000000.0
    nu:
    - 0.3
    - 0.3
    - 0.3
- name: glass_uni
  density: 1940.0
  elastic:
    E:
    - 43700000000.0
    - 16500000000.0
    - 15450000000.0
    G:
    - 3265000000.0
    - 3495000000.0
    - 3480000000.0
    nu:
    - 0.262
    - 0.264
    - 0.35
- name: carbon_uni_industry_baseline
  density: 1600.0
  elastic:
    E:
    - 157599000000.0
    - 9100000000.0
    - 9100000000.0
    G:
    - 4131000000.0
    - 4131000000.0
    - 2689000000.0
    nu:
    - 0.3133
    - 0.3133
    - 0.47066
- name: glass_biax
  density: 1940.0
  elastic:
    E:
    - 11023100000.0
    - 11023100000.0
    - 16047700000.0
    G:
    - 13231400000.0
    - 3487480000.0
    - 3487480000.0
    nu:
    - 0.688074
    - 0.117173
    - 0.117173
- name: glass_triax
  density: 1940.0
  elastic:
    E:
    - 28211400000.0
    - 16238800000.0
    - 15835500000.0
    G:
    - 8248220000.0
    - 3491240000.0
    - 3491240000.0
    nu:
    - 0.497511
    - 0.18091
    - 0.27481
- name: medium_density_foam
  density: 130.0
  elastic:
    E:
    - 142500000.0
    - 142500000.0
    - 142500000.0
    G:
    - 54000000.0
    - 54000000.0
    - 54000000.0
    nu:
    - 0.3194
    - 0.3194
    - 0.3194
- name: resin
  density: 1150.0
  elastic:
    E:
    - 1000000.0
    - 1000000.0
    - 1000000.0
    G:
    - 312500.0
    - 312500.0
    - 312500.0
    nu:
    - 0.3
    - 0.3
    - 0.3
- name: steel
  density: 7800
  elastic:
    E:
    - 200000000000.0
    - 200000000000.0
    - 200000000000.0
    G:
    - 79300000000.0
    - 79300000000.0
    - 79300000000.0
    nu:
    - 0.3
    - 0.3
    - 0.3
