nodes:
 - [-1.309402935 -0.019800246 75.862068966]
 - [-1.309365135 -0.022299960 75.862068966]
 - [-1.309440735 -0.017300532 75.862068966]
 - [-1.276667805 -0.018606525 75.862068966]
 - [-1.276777600 -0.011345697 75.862068966]
 - [-1.169928769 -0.008829434 75.862068966]
 - [-1.170199157 0.009051483 75.862068966]
 - [-1.012890267 -0.006340416 75.862068966]
 - [-1.017989482 0.040451987 75.862068966]
 - [-0.920461120 -0.009505998 75.862068966]
 - [-0.922825483 0.060461340 75.862068966]
 - [-0.809712532 -0.025060237 75.862068966]
 - [-0.811512146 0.086242976 75.862068966]
 - [-0.685640124 -0.049518799 75.862068966]
 - [-0.688141372 0.115522458 75.862068966]
 - [-0.553239517 -0.079397355 75.862068966]
 - [-0.556805058 0.146025350 75.862068966]
 - [-0.417506333 -0.111211571 75.862068966]
 - [-0.421595104 0.175477216 75.862068966]
 - [-0.283436194 -0.141477116 75.862068966]
 - [-0.286603409 0.201603619 75.862068966]
 - [-0.156024719 -0.166709660 75.862068966]
 - [-0.155921870 0.222130122 75.862068966]
 - [-0.062074141 -0.179423227 75.862068966]
 - [-0.155997827 -0.101896660 75.857327586]
 - [-0.047213245 0.235493018 75.862068966]
 - [0.038417015 -0.184608093 75.862068966]
 - [-0.155974837 -0.037092689 75.854482759]
 - [0.054076393 0.242645017 75.862068966]
 - [-0.155929266 0.157313659 75.857327586]
 - [0.140833493 -0.183347113 75.862068966]
 - [-0.155955748 0.027707114 75.853534483]
 - [0.149167448 0.243683899 75.862068966]
 - [-0.155940558 0.092507610 75.854482759]
 - [0.240560035 -0.176723141 75.862068966]
 - [0.239280327 0.238707444 75.862068966]
 - [0.332981385 -0.165819032 75.862068966]
 - [0.325635436 0.227813433 75.862068966]
 - [0.413482284 -0.151717641 75.862068966]
 - [0.409453181 0.211099646 75.862068966]
 - [0.477447476 -0.135501822 75.862068966]
 - [0.491953968 0.188663863 75.862068966]
 - [0.549075655 -0.114357857 75.862068966]
 - [0.479835233 -0.081469116 75.857327586]
 - [0.561053165 0.162800125 75.862068966]
 - [0.609568782 -0.092698586 75.862068966]
 - [0.482234745 -0.027443849 75.854482759]
 - [0.616794258 0.137927566 75.862068966]
 - [0.489505624 0.134627834 75.857327586]
 - [0.659022807 -0.070963101 75.862068966]
 - [0.484646193 0.026578030 75.853534483]
 - [0.660990115 0.113248801 75.862068966]
 - [0.487069759 0.080600574 75.854482759]
 - [0.697533684 -0.049590494 75.862068966]
 - [0.695453605 0.087966445 75.862068966]
 - [0.725197362 -0.029019859 75.862068966]
 - [0.721997597 0.061283112 75.862068966]
 - [0.742109793 -0.009690288 75.862068966]
 - [0.742434960 0.032401419 75.862068966]
 - [0.746420489 0.005300882 75.862068966]
 - [0.746171162 0.017814336 75.862068966]
 - [0.747636137 0.011305443 75.862068966]
elements:
 - [1 2]
 - [1 3]
 - [2 4]
 - [3 5]
 - [4 6]
 - [5 7]
 - [6 8]
 - [7 9]
 - [8 10]
 - [9 11]
 - [10 12]
 - [11 13]
 - [12 14]
 - [13 15]
 - [14 16]
 - [15 17]
 - [16 18]
 - [17 19]
 - [18 20]
 - [19 21]
 - [20 22]
 - [21 23]
 - [22 24]
 - [22 25]
 - [23 26]
 - [23 30]
 - [24 27]
 - [25 28]
 - [26 29]
 - [27 31]
 - [28 32]
 - [29 33]
 - [30 34]
 - [31 35]
 - [32 34]
 - [33 36]
 - [35 37]
 - [36 38]
 - [37 39]
 - [38 40]
 - [39 41]
 - [40 42]
 - [41 43]
 - [41 44]
 - [42 45]
 - [42 49]
 - [43 46]
 - [44 47]
 - [45 48]
 - [46 50]
 - [47 51]
 - [48 52]
 - [49 53]
 - [50 54]
 - [51 53]
 - [52 55]
 - [54 56]
 - [55 57]
 - [56 58]
 - [57 59]
 - [58 60]
 - [59 61]
 - [60 62]
 - [61 62]
sets:
  element:
  - name: layup_0
    labels:
    - 1
    - 2
    - 3
    - 4
    - 5
    - 6
    - 7
    - 8
    - 61
    - 62
    - 63
    - 64
  - name: layup_1
    labels:
    - 9
    - 11
    - 13
    - 15
    - 17
    - 19
    - 21
    - 45
    - 49
    - 52
    - 56
    - 58
    - 60
  - name: layup_2
    labels:
    - 23
    - 27
    - 30
    - 34
    - 37
    - 39
    - 41
  - name: layup_3
    labels:
    - 43
    - 47
    - 50
    - 54
    - 57
    - 59
  - name: layup_4
    labels:
    - 25
    - 29
    - 32
    - 36
    - 38
    - 40
    - 42
  - name: layup_5
    labels:
    - 10
    - 12
    - 14
    - 16
    - 18
    - 20
    - 22
  - name: layup_6
    labels:
    - 44
    - 46
    - 48
    - 51
    - 53
    - 55
  - name: layup_7
    labels:
    - 24
    - 26
    - 28
    - 31
    - 33
    - 35
sections:
- type: shell
  elementSet: layup_0
  layup:
  - - glass_triax
    - 0.001
    - 0
  - - glass_uni
    - 0.005
    - 0
  - - glass_triax
    - 0.001
    - 0
- type: shell
  elementSet: layup_1
  layup:
  - - glass_triax
    - 0.001
    - 0
  - - medium_density_foam
    - 0.02
    - 0
  - - glass_triax
    - 0.001
    - 0
- type: shell
  elementSet: layup_2
  layup:
  - - glass_triax
    - 0.001
    - 0
  - - carbon_uni_industry_baseline
    - 0.02
    - 0
  - - glass_triax
    - 0.001
    - 0
- type: shell
  elementSet: layup_3
  layup:
  - - glass_triax
    - 0.001
    - 0
  - - medium_density_foam
    - 0.038
    - 0
  - - glass_triax
    - 0.001
    - 0
- type: shell
  elementSet: layup_4
  layup:
  - - glass_triax
    - 0.001
    - 0
  - - carbon_uni_industry_baseline
    - 0.015
    - 0
  - - glass_triax
    - 0.001
    - 0
- type: shell
  elementSet: layup_5
  layup:
  - - glass_triax
    - 0.001
    - 0
  - - medium_density_foam
    - 0.025
    - 0
  - - glass_triax
    - 0.001
    - 0
- type: shell
  elementSet: layup_6
  layup:
  - - glass_biax
    - 0.001
    - 0
  - - medium_density_foam
    - 0.022
    - 0
  - - glass_biax
    - 0.001
    - 0
- type: shell
  elementSet: layup_7
  layup:
  - - glass_biax
    - 0.001
    - 0
  - - medium_density_foam
    - 0.02
    - 0
  - - glass_biax
    - 0.001
    - 0
elementOrientations:
 - [0.037139217256901794, -0.005145504199513218, 0.9992968539568602, 0.01513282788311261, -0.99986918319674, -0.005710868037828574, 0.9991955144323882, 0.0153342844638475, -0.03705649279380159]
 - [-0.009418225689006984, 0.007857390630463753, 0.9999247763893799, 0.9909639597138014, -0.13372580086150931, 0.010384639247056241, 0.13379733769105603, 0.990987220702885, -0.006526931159225582]
 - [0.03316796554728611, -0.00573004766126151, 0.999433365770452, 0.993099173014304, 0.1127386652240623, -0.032311389970137244, -0.11248963783282226, 0.9936081520988524, 0.009429817757730075]
 - [0.013412331520908158, -0.0009286942334928006, 0.9999096193607669, 0.983632347941681, -0.17969109809134817, -0.013360888797560819, 0.17968726567541887, 0.9837226472912708, -0.0014965828895467678]
 - [0.03312915340199691, -0.005358000924773359, 0.9994367168665345, 0.9952611124941172, 0.09164663412456524, -0.03249942169655699, -0.09142087918981921, 0.9957771770229163, 0.008368785361823849]
 - [0.01328101180013791, -0.0021426022014300835, 0.9999095078962751, 0.9917506264902416, -0.12747511678697296, -0.013445796977521173, 0.12749239028968642, 0.9918394546780008, 0.0004319285453159064]
 - [0.03308550088721842, -0.004812063471136569, 0.9994409405643697, 0.9993233980234033, 0.016233250115319904, -0.03300345063250813, -0.016065360064461843, 0.999856652543675, 0.005345892830573344]
 - [0.013270384598505736, -0.003916709299542443, 0.9999042735586592, 0.9996046493857703, -0.024737964846107047, -0.013363308782762462, 0.024787936964548406, 0.9996862970369931, 0.003586878518422956]
 - [-0.009419043299031595, 0.007872377050741368, 0.9999246508127008, 0.9913746110138907, -0.13064801583235117, 0.010367091980219302, 0.130719785267524, 0.9913975598308887, -0.006573895418375923]
 - [0.014158633076920292, -0.00841422145652745, 0.999864357793933, -0.9763919931940408, -0.21567198347942848, 0.01201129337824459, 0.21554166357333862, -0.9764296167258192, -0.011269198938171823]
 - [-0.009456286491905845, 0.007800140155996224, 0.9999248654070614, 0.998762483099099, -0.04875407389748251, 0.009825611030413654, 0.04882705192314168, 0.9987803552793509, -0.007329454860301638]
 - [0.01410956920838226, -0.008117792238723076, 0.9998675019750981, -0.9716226650545593, -0.23624208447739997, 0.011792975623167504, 0.23611504994182284, -0.9716603207762174, -0.0112207049702137]
 - [-0.009487815796460748, 0.007939387617310865, 0.9999234708094786, 0.999844727844194, 0.014924817575053748, 0.009368565659748423, -0.014849294716655099, 0.9998570977617818, -0.008079758771427636]
 - [0.013983683156989488, -0.007561058716461508, 0.9998736355142342, -0.9703125798623178, -0.24156901152672472, 0.011743510162427336, 0.2414496924129307, -0.9703541843373932, -0.01071461490739709]
 - [-0.00953392293551133, 0.008258190438838176, 0.9999204501379774, 0.9975882433992096, 0.06883106444700746, 0.008943220827611743, -0.06875173412459684, 0.9975941493702578, -0.008894503757543708]
 - [0.013831091359283667, -0.006910742263762414, 0.9998804641321758, -0.9715599445120023, -0.23649930627464655, 0.011804759694537925, 0.23638945647309653, -0.9716070809607014, -0.00998524388180961]
 - [-0.009605501881790388, 0.00869772498332919, 0.9999160384320843, 0.9927937675337358, 0.1195338054123592, 0.008497323685207283, -0.11944986178212962, 0.9927920320710449, -0.009783229347997668]
 - [0.013691224070008022, -0.006292318461006243, 0.9998864721116345, -0.974914892671367, -0.22225691134491127, 0.01195062370748385, 0.22215648185691658, -0.974967831309221, -0.009177444151397054]
 - [-0.009712787925674714, 0.009206682696706376, 0.9999104453621996, 0.9846528223617949, 0.17434296285147416, 0.007959316498346119, -0.17425407072910012, 0.9846419492881114, -0.010758742326411589]
 - [0.013601838959421936, -0.005843523534475612, 0.9998904156004417, -0.9801395704986341, -0.19793473080262652, 0.012176398681282423, 0.1978418871717406, -0.980197783906286, -0.008419744980133441]
 - [-0.009886286501244559, 0.009793272541830942, 0.9999031718882266, 0.9692103453974505, 0.24612977543778863, 0.007172169650692079, -0.24603570414427636, 0.9691874047137973, -0.011925050539304304]
 - [0.013602383657885565, -0.005760251707696055, 0.9998908913771978, -0.9869592226670816, -0.16048424993990634, 0.012501932395257495, 0.16039472544698472, -0.98702159298644, -0.007868101886525033]
 - [-0.026683738872937412, 0.0027938771485325337, 0.9996400213728137, 0.19101172054159135, 0.9815849301259175, 0.00235532703437202, -0.9812250000359254, 0.19100580933619987, -0.026726019238213532]
 - [-0.0008299890562637772, 5.388012571039431e-07, 0.9999996555588786, -0.0003725995599668516, -0.9999999305847549, 2.2954774162198863e-07, 0.9999995861437814, -0.00037259924110612805, 0.0008299891994069947]
 - [-0.010013892291655046, -0.008929564746286247, 0.9999099883662596, -0.9915368485639524, -0.12935144542533666, -0.011085193108019737, 0.12943878823999042, -0.9915586046421153, -0.007558681045321216]
 - [-0.0007101896526372782, 3.9409846562678877e-07, 0.9999997478152194, -0.0001841062995679647, -0.9999999830524002, 2.6334813637140436e-07, 0.9999997308677275, -0.00018410606611203638, 0.0007101897131572785]
 - [-0.026706554688210742, 0.00279914432168343, 0.9996393973467393, 0.2983710446764884, 0.9544352480502019, 0.00529877136805131, -0.9540762441416026, 0.298404963213443, -0.02632486076386965]
 - [-0.0008056784636205285, 5.089745308747961e-07, 0.9999996754409243, -0.0003377343054422714, -0.9999999429677394, 2.3686932228088015e-07, 0.9999996184088034, -0.0003377340049870257, 0.0008056785895690243]
 - [-0.010099826997042058, -0.008208910851904304, 0.9999153000515869, -0.9969008662843618, -0.077935715958368, -0.01070920069590148, 0.07801702568105463, -0.9969245899067201, -0.007396333091444373]
 - [-0.02665860798267036, 0.0027879819468080947, 0.9996407083432981, 0.19100736960027903, 0.9815857747081971, 0.002356193729593387, -0.9812265301034261, 0.1910015550909814, -0.026700235467464483]
 - [-0.0007815331047192628, 4.795341234685923e-07, 0.9999996946028413, -0.00030142885580848947, -0.9999999545702914, 2.4395754679335876e-07, 0.9999996491732639, -0.0003014285730920742, 0.0007815332137598638]
 - [-0.010155525652117274, -0.007610491353366056, 0.9999194696174732, -0.9997765015186401, -0.018465316454054734, -0.010294615068056772, 0.018542176514018936, -0.9998005363619344, -0.00742126542518256]
 - [-0.0007337788083827802, 4.220414396632409e-07, 0.9999997307842051, -0.00022458954586042335, -0.9999999747797348, 2.5724244874397125e-07, 0.9999997055640548, -0.00022458929663831285, 0.0007337788846627789]
 - [-0.02667992073548664, 0.002791291618720111, 0.9996401305072977, 0.2999267894501141, 0.9539472692721452, 0.005341200086523313, -0.9535890639052522, 0.29996135774348764, -0.026288420663636493]
 - [-0.0007575632153193515, 4.5053784019033827e-07, 0.9999997130488446, -0.00026370579679170145, -0.999999965229594, 2.5076408529344255e-07, 0.9999996782785618, -0.0002637055311513712, 0.0007575633077880114]
 - [-0.010186558260193646, -0.007185128960897134, 0.9999223009577429, -0.9988217657007963, 0.04752236783683203, -0.009833865848383886, -0.0474480178000605, -0.9988443314536036, -0.007660752564143443]
 - [-0.02663259233047023, 0.002781877847114283, 0.9996414188004626, 0.19103927128032192, 0.981579561868128, 0.002358082156706192, -0.9812210259948786, 0.1910335700300289, -0.02667345622785901]
 - [-0.010206642141614665, -0.006954477517857415, 0.9999237269405337, -0.9930706172239634, 0.11714884140715048, -0.009321918438787746, -0.11707507703439757, -0.9930900181752992, -0.008101983582676392]
 - [-0.02665206697697488, 0.0027830302820629664, 0.9996408965565106, 0.30150446709657286, 0.953449561862438, 0.005384171722438011, -0.9530921905286324, 0.3015396951095729, -0.026250497644032075]
 - [-0.010230474619297556, -0.006893149841846757, 0.9999239080421679, -0.9824172419033486, 0.18649269320965522, -0.00876573958243548, -0.18641807905909122, -0.9824321655283217, -0.008679858020219415]
 - [-0.026605689524510815, 0.0027755627896310082, 0.9996421527407325, 0.19110618092671802, 0.9815665303449668, 0.002360957040784838, -0.9812087264677838, 0.19110060899365214, -0.026645681558658197]
 - [-0.010262158178874013, -0.006920936395561184, 0.9999233914400245, -0.9678568371688386, 0.25136828326276756, -0.008193223728279691, -0.25129232152026526, -0.9678667712081751, -0.009278056694049078]
 - [-0.023544562150532633, -0.0013457584017789472, 0.9997218825890845, -0.814801394536877, 0.5794478225418142, -0.01840946529125914, -0.5792618933210603, -0.8150082268823268, -0.014739371093305753]
 - [-0.018790184649553995, 0.0007665207353717804, 0.9998231550663336, 0.04232743191700487, 0.9991037922239963, 2.951170692946372e-05, -0.9989270831587996, 0.042320501055537765, -0.018805789594197944]
 - [-0.02326060294409158, 0.006542022553619344, 0.9997080305227044, 0.8029022615442866, 0.595927393803735, 0.014781736073866205, -0.5956566987432833, 0.8030116706843032, -0.019114235194150692]
 - [-0.019717020335080576, 0.000848801132324542, 0.9998052403572129, 0.04682553171414981, 0.9989030803305379, 7.54045811110917e-05, -0.9987084703199395, 0.046817898743978965, -0.019735137911992502]
 - [-0.023618513621590703, -0.0015579506339454701, 0.9997198300544652, -0.8783247114312281, 0.47764574112912056, -0.020006180806511648, -0.47748075050577343, -0.878551147498559, -0.012649668984137176]
 - [-0.01898260266241424, 0.0007826793199531445, 0.999819507815907, 0.043200526345083215, 0.9990664207502055, 3.811667939785236e-05, -0.9988860672367339, 0.04319345254150905, -0.0189986930570429]
 - [-0.022952348368365277, 0.0061768573161527975, 0.9997174781597414, 0.8746869981269445, 0.48438685236706486, 0.017088960225888697, -0.48414444643314036, 0.8748321117149414, -0.016520632564308937]
 - [-0.02376356490159158, -0.0019289720985376153, 0.9997157456246302, -0.9177736666062519, 0.3965455431017911, -0.02105063253732958, -0.39639221721330997, -0.9180130234984408, -0.011193695545592318]
 - [-0.0191715757933337, 0.0007989964458328601, 0.9998158891947461, 0.044087455121170196, 0.999027674336663, 4.7015082291702284e-05, -0.9988437049821856, 0.044080239497519824, -0.019188160498130855]
 - [-0.022888396871055018, 0.006166374032606007, 0.9997190090820335, 0.9158867105281354, 0.4010105316013645, 0.018495594684753664, -0.40078380052919393, 0.9160526891921016, -0.01482618822537442]
 - [-0.019538860621929586, 0.0008320676147736317, 0.9998087520066429, 0.0459005463171102, 0.9989460123228513, 6.566630974918022e-05, -0.9987549112637133, 0.045893050974606796, -0.019556459261699445]
 - [-0.02396816817072691, -0.0024588019156701977, 0.9997096984663492, -0.9416187798091361, 0.33597775323391055, -0.021749088317600054, -0.3358267416768547, -0.9418667122395998, -0.010368025350759095]
 - [-0.01935702122162649, 0.0008154625562176129, 0.9998123027599958, 0.04498765525195793, 0.9989875413219241, 5.620061204722243e-05, -0.998799988288124, 0.044980299069672935, -0.01937410878585895]
 - [-0.022926352449024964, 0.00635975410261916, 0.9997169278806561, 0.941421265121023, 0.3366716324172097, 0.019447712036733338, -0.3364526473982863, 0.9416006401087912, -0.013705860257531873]
 - [-0.023740812261623858, -0.0014067861691915498, 0.9997171573929459, -0.6036217079178714, 0.7971613741319639, -0.013212771183624348, -0.796917315386904, -0.6037646599004559, -0.019774425195607702]
 - [-0.022922183756971765, 0.0064483183082333275, 0.9997164561428442, 0.9582269070220187, 0.28529975689919757, 0.020130657522166712, -0.2850890530182239, 0.9584166462996428, -0.012718645561454658]
 - [-0.023565088786489476, -0.00128937100165312, 0.999721473267882, -0.7215599429270176, 0.6921643839380959, -0.016115656075845308, -0.6919508185945324, -0.721738736060367, -0.017241273628711595]
 - [-0.02385417859156813, 0.007058007353582255, 0.9996905334631904, 0.6649462169691309, 0.7468161058110645, 0.010593990732404059, -0.7465102187526724, 0.6649931493131291, -0.02250788005218141]
 - [0.013254406069516209, -0.003848925576528394, 0.999904748709421, 0.9993337904100443, -0.033956098798797435, -0.013377544582615638, 0.03400435361005907, 0.9994159139848997, 0.003396293463382409]
 - [0.013241525292463474, -0.002335120623053247, 0.9999096005237696, 0.9909771068130514, -0.1333562279294587, -0.013434665788918637, 0.13337554416144937, 0.9910654184684793, 0.0005482112140573436]
 - [0.01326488322963415, -0.0021270082526396567, 0.9999097552823438, 0.9902273814541298, -0.13881398302655062, -0.013431721215143395, 0.1388300251797175, 0.9903161888771677, 0.00026487053685508003]
 - [0.01324130860249492, -0.004087747999973082, 0.9999039744209351, 0.9994788498312538, -0.029387936111408674, -0.013355820869777954, 0.02943970934787451, 0.9995597228417121, 0.003696482938171538]
materials:
- name: Gelcoat
  density: 1235.0
  elastic:
    E:
    - 3440000000.0
    - 3440000000.0
    - 3440000000.0
    G:
    - 1323000000.0
    - 1323000000.0
    - 1323000000.0
    nu:
    - 0.3
    - 0.3
    - 0.3
- name: Adhesive
  density: 1100.0
  elastic:
    E:
    - 3900000000.0
    - 3900000000.0
    - 3900000000.0
    G:
    - 1500000000.0
    - 1500000000.0
    - 1500000000.0
    nu:
    - 0.3
    - 0.3
    - 0.3
- name: glass_uni
  density: 1940.0
  elastic:
    E:
    - 43700000000.0
    - 16500000000.0
    - 15450000000.0
    G:
    - 3265000000.0
    - 3495000000.0
    - 3480000000.0
    nu:
    - 0.262
    - 0.264
    - 0.35
- name: carbon_uni_industry_baseline
  density: 1600.0
  elastic:
    E:
    - 157599000000.0
    - 9100000000.0
    - 9100000000.0
    G:
    - 4131000000.0
    - 4131000000.0
    - 2689000000.0
    nu:
    - 0.3133
    - 0.3133
    - 0.47066
- name: glass_biax
  density: 1940.0
  elastic:
    E:
    - 11023100000.0
    - 11023100000.0
    - 16047700000.0
    G:
    - 13231400000.0
    - 3487480000.0
    - 3487480000.0
    nu:
    - 0.688074
    - 0.117173
    - 0.117173
- name: glass_triax
  density: 1940.0
  elastic:
    E:
    - 28211400000.0
    - 16238800000.0
    - 15835500000.0
    G:
    - 8248220000.0
    - 3491240000.0
    - 3491240000.0
    nu:
    - 0.497511
    - 0.18091
    - 0.27481
- name: medium_density_foam
  density: 130.0
  elastic:
    E:
    - 142500000.0
    - 142500000.0
    - 142500000.0
    G:
    - 54000000.0
    - 54000000.0
    - 54000000.0
    nu:
    - 0.3194
    - 0.3194
    - 0.3194
- name: resin
  density: 1150.0
  elastic:
    E:
    - 1000000.0
    - 1000000.0
    - 1000000.0
    G:
    - 312500.0
    - 312500.0
    - 312500.0
    nu:
    - 0.3
    - 0.3
    - 0.3
- name: steel
  density: 7800
  elastic:
    E:
    - 200000000000.0
    - 200000000000.0
    - 200000000000.0
    G:
    - 79300000000.0
    - 79300000000.0
    - 79300000000.0
    nu:
    - 0.3
    - 0.3
    - 0.3
