nodes:
 - [-1.178950845 -0.037511889 79.310344828]
 - [-1.178871340 -0.040010624 79.310344828]
 - [-1.179030350 -0.035013153 79.310344828]
 - [-1.149759865 -0.036109563 79.310344828]
 - [-1.149984424 -0.029051949 79.310344828]
 - [-1.054677484 -0.025888662 79.310344828]
 - [-1.055220055 -0.008836347 79.310344828]
 - [-0.915093405 -0.021505329 79.310344828]
 - [-0.920572997 0.021630792 79.310344828]
 - [-0.832985787 -0.023005905 79.310344828]
 - [-0.835873676 0.040999950 79.310344828]
 - [-0.733358199 -0.034997555 79.310344828]
 - [-0.736543528 0.065920692 79.310344828]
 - [-0.621538397 -0.054397689 79.310344828]
 - [-0.626522280 0.094139744 79.310344828]
 - [-0.502854137 -0.078123719 79.310344828]
 - [-0.509749662 0.123403834 79.310344828]
 - [-0.382633172 -0.103093055 79.310344828]
 - [-0.390165403 0.151459688 79.310344828]
 - [-0.266203260 -0.126223108 79.310344828]
 - [-0.271709233 0.176054033 79.310344828]
 - [-0.158892154 -0.144431289 79.310344828]
 - [-0.158320879 0.194933598 79.310344828]
 - [-0.068294526 -0.154684224 79.310344828]
 - [-0.158787017 -0.087864983 79.305387931]
 - [-0.058596638 0.208445331 79.310344828]
 - [0.025053731 -0.157951046 79.310344828]
 - [-0.158685859 -0.031306529 79.302413793]
 - [0.033271922 0.216114667 79.310344828]
 - [-0.158406190 0.138364135 79.305387931]
 - [0.117782804 -0.155382273 79.310344828]
 - [-0.158588673 0.025248314 79.301422414]
 - [0.118703832 0.218144419 79.310344828]
 - [-0.158495453 0.081803788 79.302413793]
 - [0.206522879 -0.148128422 79.310344828]
 - [0.199118121 0.214737399 79.310344828]
 - [0.287904144 -0.137340009 79.310344828]
 - [0.275933819 0.206096418 79.310344828]
 - [0.358556786 -0.124167552 79.310344828]
 - [0.350569956 0.192424289 79.310344828]
 - [0.415110991 -0.109761567 79.310344828]
 - [0.424445560 0.173923824 79.310344828]
 - [0.481653391 -0.089381952 79.310344828]
 - [0.416640711 -0.062476764 79.305387931]
 - [0.486836832 0.152121906 79.310344828]
 - [0.422863368 0.126635011 79.305387931]
 - [0.534009158 -0.070931447 79.310344828]
 - [0.418180692 -0.015198250 79.302413793]
 - [0.537150636 0.130869276 79.310344828]
 - [0.421291904 0.079354091 79.302413793]
 - [0.574587740 -0.053585758 79.310344828]
 - [0.419731051 0.032077519 79.301422414]
 - [0.577012603 0.109690705 79.310344828]
 - [0.605798586 -0.036520587 79.310344828]
 - [0.608048365 0.088110965 79.310344828]
 - [0.630051143 -0.018911638 79.310344828]
 - [0.631883554 0.065654826 79.310344828]
 - [0.649754860 0.000065386 79.310344828]
 - [0.650143803 0.041847058 79.310344828]
 - [0.654110174 0.012731208 79.310344828]
 - [0.654355452 0.026882623 79.310344828]
 - [0.655731594 0.020864085 79.310344828]
elements:
 - [1 2]
 - [1 3]
 - [2 4]
 - [3 5]
 - [4 6]
 - [5 7]
 - [6 8]
 - [7 9]
 - [8 10]
 - [9 11]
 - [10 12]
 - [11 13]
 - [12 14]
 - [13 15]
 - [14 16]
 - [15 17]
 - [16 18]
 - [17 19]
 - [18 20]
 - [19 21]
 - [20 22]
 - [21 23]
 - [22 24]
 - [22 25]
 - [23 26]
 - [23 30]
 - [24 27]
 - [25 28]
 - [26 29]
 - [27 31]
 - [28 32]
 - [29 33]
 - [30 34]
 - [31 35]
 - [32 34]
 - [33 36]
 - [35 37]
 - [36 38]
 - [37 39]
 - [38 40]
 - [39 41]
 - [40 42]
 - [41 43]
 - [41 44]
 - [42 45]
 - [42 46]
 - [43 47]
 - [44 48]
 - [45 49]
 - [46 50]
 - [47 51]
 - [48 52]
 - [49 53]
 - [50 52]
 - [51 54]
 - [53 55]
 - [54 56]
 - [55 57]
 - [56 58]
 - [57 59]
 - [58 60]
 - [59 61]
 - [60 62]
 - [61 62]
sets:
  element:
  - name: layup_0
    labels:
    - 1
    - 2
    - 3
    - 4
    - 5
    - 6
    - 7
    - 8
    - 61
    - 62
    - 63
    - 64
  - name: layup_1
    labels:
    - 9
    - 11
    - 13
    - 15
    - 17
    - 19
    - 21
  - name: layup_2
    labels:
    - 23
    - 25
    - 27
    - 29
    - 30
    - 32
    - 34
    - 36
    - 37
    - 38
    - 39
    - 40
    - 41
    - 42
  - name: layup_3
    labels:
    - 43
    - 47
    - 51
    - 55
    - 57
    - 59
  - name: layup_4
    labels:
    - 45
    - 49
    - 53
    - 56
    - 58
    - 60
  - name: layup_5
    labels:
    - 10
    - 12
    - 14
    - 16
    - 18
    - 20
    - 22
  - name: layup_6
    labels:
    - 44
    - 46
    - 48
    - 50
    - 52
    - 54
  - name: layup_7
    labels:
    - 24
    - 26
    - 28
    - 31
    - 33
    - 35
sections:
- type: shell
  elementSet: layup_0
  layup:
  - - glass_triax
    - 0.001
    - 0
  - - glass_uni
    - 0.005
    - 0
  - - glass_triax
    - 0.001
    - 0
- type: shell
  elementSet: layup_1
  layup:
  - - glass_triax
    - 0.001
    - 0
  - - medium_density_foam
    - 0.02
    - 0
  - - glass_triax
    - 0.001
    - 0
- type: shell
  elementSet: layup_2
  layup:
  - - glass_triax
    - 0.001
    - 0
  - - carbon_uni_industry_baseline
    - 0.015
    - 0
  - - glass_triax
    - 0.001
    - 0
- type: shell
  elementSet: layup_3
  layup:
  - - glass_triax
    - 0.001
    - 0
  - - medium_density_foam
    - 0.032
    - 0
  - - glass_triax
    - 0.001
    - 0
- type: shell
  elementSet: layup_4
  layup:
  - - glass_triax
    - 0.001
    - 0
  - - medium_density_foam
    - 0.018000000000000002
    - 0
  - - glass_triax
    - 0.001
    - 0
- type: shell
  elementSet: layup_5
  layup:
  - - glass_triax
    - 0.001
    - 0
  - - medium_density_foam
    - 0.025
    - 0
  - - glass_triax
    - 0.001
    - 0
- type: shell
  elementSet: layup_6
  layup:
  - - glass_biax
    - 0.001
    - 0
  - - medium_density_foam
    - 0.021
    - 0
  - - glass_biax
    - 0.001
    - 0
- type: shell
  elementSet: layup_7
  layup:
  - - glass_biax
    - 0.001
    - 0
  - - medium_density_foam
    - 0.02
    - 0
  - - glass_biax
    - 0.001
    - 0
elementOrientations:
 - [0.038437672966473234, -0.003012276100544971, 0.9992564593184355, 0.03185907121047616, -0.9994833840734705, -0.004238459938331518, 0.9987529949284398, 0.031998299231945394, -0.03832184713364712]
 - [-0.009068786651712851, 0.007642668518136237, 0.9999296708902021, 0.9936455661353601, -0.11212090145410374, 0.009868756591336231, 0.11218843972622845, 0.9936651815752834, -0.006577303152003386]
 - [0.03449345226978802, -0.00426422915016273, 0.9993958265373469, 0.9905021358505544, 0.13332431984048063, -0.033617623571033865, -0.13310041557411595, 0.9910632886394432, 0.008822544143811948]
 - [0.01415261368484231, 0.00020015883700485063, 0.99989982671382, 0.9877217960632902, -0.15559908821073654, -0.013949097802213192, 0.15558070930355053, 0.987820268917594, -0.00239983503114463]
 - [0.03444311234979673, -0.003916087211189101, 0.9993989875283116, 0.9936549459882562, 0.10726475896588872, -0.03382483994146478, -0.10706783048486222, 0.9942227797354796, 0.007585771570555375]
 - [0.01402771043091074, -0.0010927277726725541, 0.9999010097435056, 0.9942917536933498, -0.10576433966470757, -0.014064600694392956, 0.10576923880538656, 0.9943906226434879, -0.00039714131733298]
 - [0.03438159484984793, -0.003505968483314801, 0.999402628634013, 0.9989101409151299, 0.031705410806672656, -0.034253427602146176, -0.03156637946449125, 0.9994911080697887, 0.004592230060614999]
 - [0.01402884911669996, -0.0026773673013939627, 0.9998980063470445, 0.9997748653087012, -0.015882809877085288, -0.014069649866889685, 0.015918859551782384, 0.9998702756131627, 0.0024539469898182103]
 - [-0.009071048932404976, 0.007602634762425491, 0.9999299555548555, 0.9938874489625246, -0.10995759084205035, 0.009852259181398326, 0.1100247920517513, 0.993907202992755, -0.006558732582403277]
 - [0.014750330677861374, -0.007096074581940032, 0.9998660277609301, -0.9720164724685106, -0.23457051904377113, 0.012674732557680259, 0.23444915225857965, -0.9720732057417605, -0.010357494106684028]
 - [-0.009114178114329718, 0.007477020676450904, 0.99993051054516, 0.9993934326430839, -0.033543333702494266, 0.00936010437960167, 0.03361098848850177, 0.9994092949967631, -0.00716676544186865]
 - [0.014705148255063817, -0.006855757419015724, 0.9998683699392676, -0.9671828848177664, -0.2537743233194995, 0.012484395832933906, 0.2536553290005551, -0.9672391593674967, -0.01036256028587617]
 - [-0.009148721586017197, 0.007517766451519904, 0.9999298895827254, 0.9995482131016039, 0.028699031312915294, 0.008929461746961324, -0.02862988960390313, 0.9995598275187337, -0.007776929470402158]
 - [0.014600610238171528, -0.0064281050944883095, 0.9998727427255766, -0.9660888830576532, -0.25790945580179137, 0.012449202401765466, 0.25779661016601685, -0.966147707171589, -0.009975756311812302]
 - [-0.009190905456066331, 0.007693144354368225, 0.9999281688135607, 0.9965652876732183, 0.082370688305218, 0.008526260195487105, -0.08229917777046244, 0.9965720672575905, -0.008423781825186931]
 - [0.014478932555194276, -0.005945420701981777, 0.9998774987390897, -0.967684734004833, -0.25185238766897583, 0.012515206727461085, 0.2517471272647561, -0.9677473982388752, -0.00939984658546781]
 - [-0.00925159761204165, 0.007985130120936918, 0.9999253200307395, 0.9911756907705694, 0.13230612866833444, 0.008114082960098704, -0.13223145604246406, 0.9911767380309882, -0.009138709927558967]
 - [0.014369574527008593, -0.005495477692885103, 0.9998816505231208, -0.9715722679912407, -0.2364042422381239, 0.012663424583226812, 0.2363066723524102, -0.9716392509448896, -0.008736282103113363]
 - [-0.009342801241031802, 0.0083852614423614, 0.9999211966227708, 0.9828941149939231, 0.1840129889527235, 0.007640589440461059, -0.183934419767708, 0.9828880441267094, -0.009961020905935952]
 - [0.014307604565482279, -0.005205116676756133, 0.9998840928887606, -0.9776649152096243, -0.2097736027309971, 0.012897641854855939, 0.20968215474798071, -0.9777361312530282, -0.00809021771058867]
 - [-0.009486858642550921, 0.008893038630335328, 0.9999154531144201, 0.9690684948876495, 0.24669262244158996, 0.007000160646538139, -0.24660951264961875, 0.9690529726990215, -0.010958301597740324]
 - [0.014345141010064169, -0.005333556914013908, 0.9998828781912643, -0.9858741892811324, -0.16696234974659438, 0.013253553348689964, 0.1668721062331032, -0.9859488460045687, -0.00765331454907479]
 - [-0.02288159465746439, 0.005674221866069471, 0.9997220792961139, 0.7261304940909991, 0.6874392781921003, 0.01271787521113257, -0.6871760605384133, 0.7262196926584539, -0.019849932442402515]
 - [-0.0008373496371974388, 1.7402808314345572e-06, 0.9999996494212168, -0.0018061958359465494, -0.9999983688269448, 2.2786064457496547e-07, 0.99999801824913, -0.0018061950119335826, 0.0008373514146232643]
 - [-0.02603957680613413, 0.0014178013799346582, 0.9996599073079826, -0.2228039815062496, 0.9748367776486291, -0.007186290322527164, -0.9745154315169771, -0.22291533545919154, -0.025068445352591284]
 - [-0.0007186617790239592, 1.4164722829406122e-06, 0.999999741761587, -0.001591528170295166, -0.9999987335182026, 2.7270009301818746e-07, 0.9999984752805031, -0.0015915275633223234, 0.000718663123207438]
 - [-0.022249752384630093, 0.005322419073764688, 0.9997382759372707, 0.9561636409245775, 0.29216781959384164, 0.019724527057368577, -0.29198637004606764, 0.9563522557347706, -0.011589765240817514]
 - [-0.0008132127453783562, 1.6740280061927766e-06, 0.9999996693410594, -0.0017666279968768341, -0.9999984395115146, 2.373810691443381e-07, 0.9999981088534876, -0.0017666272196841817, 0.0008132144337539745]
 - [-0.026097532447934543, 0.001397862013988162, 0.9996584240538957, -0.272513586452594, 0.9621147427640625, -0.008459725455683768, -0.961797933039406, -0.27264128032605545, -0.024727884327123566]
 - [-0.02222112820634995, 0.005173944499894751, 0.9997396919996471, 0.9433678212323973, 0.33118941926177003, 0.019254153637369185, -0.3310035880839918, 0.9435501040577357, -0.012240335296045433]
 - [-0.0007892634727239952, 1.6084367230543474e-06, 0.9999996885302429, -0.001725347127637666, -0.9999985115875063, 2.466809403444739e-07, 0.9999982001186101, -0.0017253463955479596, 0.0007892650730860622]
 - [-0.026060498696934897, 0.001412518020541026, 0.9996593695857148, -0.22271860826013226, 0.9748563059878866, -0.007183607055039498, -0.9745343872549274, -0.2228299519106287, -0.02509064744421884]
 - [-0.0007419762465083187, 1.4795780279676193e-06, 0.9999997247344921, -0.001637764602444935, -0.9999986588626188, 2.6439368422359523e-07, 0.9999983835978719, -0.0016377639554509965, 0.0007419776746167597]
 - [-0.02223889355622241, 0.005112178683095363, 0.999739614721007, 0.9199861109316475, 0.3915158762957576, 0.018462781513834837, -0.3913195462869923, 0.920157151924321, -0.013410013283561065]
 - [-0.0007655140062281553, 1.5435925621434315e-06, 0.9999997069929187, -0.0016823821893313202, -0.9999985847940505, 2.5570332287246207e-07, 0.9999982917877785, -0.0016823815006369505, 0.000765515519780813]
 - [-0.026118409223871066, 0.0013920928155514774, 0.9996578868679059, -0.271809493671653, 0.9623140526902952, -0.008441750099270624, -0.9619965841153356, -0.2719369891580985, -0.024755728186707966]
 - [-0.02235139826069829, 0.005205511914443136, 0.9997366241373276, 0.8783793169625967, 0.4776563786709248, 0.01715107714694922, -0.4774412953736974, 0.8785313236081497, -0.015248701951285974]
 - [-0.026081972045130852, 0.001407092653908866, 0.9996588172094019, -0.222680494130472, 0.9748650238129131, -0.007182122252979426, -0.974542522555094, -0.22279184328989965, -0.025113070211404444]
 - [-0.022583742269184234, 0.005434876393742265, 0.9997301819509623, 0.8117731914137609, 0.5837759263543678, 0.01516421811428994, -0.5835359974217847, 0.8118966251485992, -0.017595732018828785]
 - [-0.02613995653811844, 0.0013861559573638, 0.9996573319112139, -0.2710797709356928, 0.9625200305092241, -0.008423102633475526, -0.9622018813438463, -0.27120706008543294, -0.02478447292517623]
 - [-0.02286498277574472, 0.00565193887978653, 0.9997225855954063, 0.72699199846241, 0.6865276207710745, 0.012745983290429322, -0.6862651286014009, 0.7270817570984073, -0.019806356565407017]
 - [-0.026103993165803408, 0.0014015239972489481, 0.9996582502391929, -0.22269504711875837, 0.9748617005516277, -0.007181976494117351, -0.9745386075110483, -0.22280641940499205, -0.02513567071619776]
 - [-0.022675276071831053, -0.0025536444326939543, 0.9997396214791018, -0.7449291497819818, 0.6669705826577408, -0.01519222413893669, -0.666758122305353, -0.7450796741082829, -0.017026026269646482]
 - [-0.017979508915186383, 0.0005381863558245613, 0.9998382107194226, 0.030307158347558854, 0.9995406325429289, 6.96982081932712e-06, -0.9993789138320184, 0.030302380288169006, -0.017987560613003092]
 - [-0.009436275315352512, -0.008218450051026019, 0.9999217038283209, -0.9956975912050192, -0.09210436902837614, -0.010153426732227423, 0.09218060303933184, -0.9957154424255173, -0.007313968735346788]
 - [-0.018643121592065083, 0.0006042801278346721, 0.9998260192967728, 0.03525866890214038, 0.9993782183997126, 5.3436550875917387e-05, -0.9992043135838398, 0.03525353079824537, -0.018652835755038687]
 - [-0.02262498387479045, -0.002597560676293812, 0.9997406477598071, -0.830667143857947, 0.5564988560059576, -0.017352791675735436, -0.5563094518517069, -0.8308443151051786, -0.014748485951448826]
 - [-0.01811982079881485, 0.0005511639006051787, 0.99983567065422, 0.031274570958759754, 0.9995108308376508, 1.579792917430923e-05, -0.9993465731694705, 0.03126971788462018, -0.01812819455577216]
 - [-0.009492805504610952, -0.0077160127350975995, 0.999925172095954, -0.9994433518800003, -0.03190966266809427, -0.009734465125415306, 0.03198238619179509, -0.9994609730128939, -0.007408805409688749]
 - [-0.018518118791052737, 0.0005908440726936408, 0.9998283503580613, 0.03424689118257787, 0.9994134022189273, 4.3698015020178786e-05, -0.9992418274475747, 0.03424182192100194, -0.01852749067632368]
 - [-0.022654702016055763, -0.002767909699062939, 0.9997395176507037, -0.8893133592788606, 0.4569081048912903, -0.018887368604397155, -0.4567368098639657, -0.8895095965533748, -0.012812656037687137]
 - [-0.01825640592646261, 0.0005642737923027952, 0.9998331787041953, 0.03225412723460904, 0.9994796999728891, 2.4868387542100346e-05, -0.99931295144163, 0.032249200566686426, -0.018265107276656214]
 - [-0.009527236141203991, -0.007374411770196919, 0.9999274222775136, -0.9993281561139565, 0.035461087790313185, -0.00926000273257539, -0.03539022703218132, -0.9993438493850708, -0.007707303473938226]
 - [-0.01838919367067177, 0.0005775045049765007, 0.9998307376974809, 0.0332451364594621, 0.999447227088095, 3.417176082223252e-05, -0.9992780386148462, 0.033240137702245244, -0.018398227838612752]
 - [-0.022733688988338944, -0.003044072701737116, 0.9997369218981402, -0.926345661879553, 0.3761474833917756, -0.019919474264326227, -0.3759878908979846, -0.926554803753896, -0.011371083442875164]
 - [-0.009554260307930015, -0.007249460016232099, 0.9999280781333432, -0.9943918712853154, 0.10539671244876055, -0.008737237932071443, -0.10532579186342088, -0.9944038306113198, -0.008215791737684617]
 - [-0.022868212070256303, -0.003459864710036056, 0.9997325013286793, -0.9491508277668728, 0.3141454389794883, -0.02062399859010842, -0.31399004924705803, -0.9493685651550577, -0.010467877972978813]
 - [-0.009588690106347629, -0.007294783587096589, 0.9999274189432261, -0.985108541696363, 0.17173824363201345, -0.008193701914062662, -0.17166600740656185, -0.9851156083458472, -0.008832898419071087]
 - [-0.022908948539946686, -0.0027229337206170004, 0.99973384743578, -0.6376704887537563, 0.7702075927239755, -0.012514466943666003, -0.7699685239341538, -0.6377874643972643, -0.0193809805832597]
 - [-0.00962345434602964, -0.007351735663601627, 0.9999266678657905, -0.9735024694196032, 0.22854720379204138, -0.007688801777516145, -0.2284739178995815, -0.9735050732387436, -0.009356346404641789]
 - [0.01399799658314092, -0.0029838640145522467, 0.9998975710777583, 0.9997387292811339, -0.018030045604393054, -0.01404957760386256, 0.018070120835285614, 0.9998329930598642, 0.0027306999014919974]
 - [0.013968838833112958, -0.0014537700242938253, 0.9999013741836597, 0.9934931804258429, -0.1130224607195653, -0.01404363985007609, 0.1130317300097581, 0.9935913696915907, -0.00013448193327002727]
 - [0.0139878657442989, -0.0012367217843645346, 0.9999014002046142, 0.9927656628149373, -0.11924488520917641, -0.014035529454549844, 0.11925048573292553, 0.9928641034253776, -0.00044020652302796383]
 - [0.013983863345248287, -0.0032243359228516697, 0.9998970223096967, 0.9997800961661882, -0.015583607200438323, -0.014032480056976642, 0.015627247866096598, 0.9998733694045857, 0.003005707845503785]
materials:
- name: Gelcoat
  density: 1235.0
  elastic:
    E:
    - 3440000000.0
    - 3440000000.0
    - 3440000000.0
    G:
    - 1323000000.0
    - 1323000000.0
    - 1323000000.0
    nu:
    - 0.3
    - 0.3
    - 0.3
- name: Adhesive
  density: 1100.0
  elastic:
    E:
    - 3900000000.0
    - 3900000000.0
    - 3900000000.0
    G:
    - 1500000000.0
    - 1500000000.0
    - 1500000000.0
    nu:
    - 0.3
    - 0.3
    - 0.3
- name: glass_uni
  density: 1940.0
  elastic:
    E:
    - 43700000000.0
    - 16500000000.0
    - 15450000000.0
    G:
    - 3265000000.0
    - 3495000000.0
    - 3480000000.0
    nu:
    - 0.262
    - 0.264
    - 0.35
- name: carbon_uni_industry_baseline
  density: 1600.0
  elastic:
    E:
    - 157599000000.0
    - 9100000000.0
    - 9100000000.0
    G:
    - 4131000000.0
    - 4131000000.0
    - 2689000000.0
    nu:
    - 0.3133
    - 0.3133
    - 0.47066
- name: glass_biax
  density: 1940.0
  elastic:
    E:
    - 11023100000.0
    - 11023100000.0
    - 16047700000.0
    G:
    - 13231400000.0
    - 3487480000.0
    - 3487480000.0
    nu:
    - 0.688074
    - 0.117173
    - 0.117173
- name: glass_triax
  density: 1940.0
  elastic:
    E:
    - 28211400000.0
    - 16238800000.0
    - 15835500000.0
    G:
    - 8248220000.0
    - 3491240000.0
    - 3491240000.0
    nu:
    - 0.497511
    - 0.18091
    - 0.27481
- name: medium_density_foam
  density: 130.0
  elastic:
    E:
    - 142500000.0
    - 142500000.0
    - 142500000.0
    G:
    - 54000000.0
    - 54000000.0
    - 54000000.0
    nu:
    - 0.3194
    - 0.3194
    - 0.3194
- name: resin
  density: 1150.0
  elastic:
    E:
    - 1000000.0
    - 1000000.0
    - 1000000.0
    G:
    - 312500.0
    - 312500.0
    - 312500.0
    nu:
    - 0.3
    - 0.3
    - 0.3
- name: steel
  density: 7800
  elastic:
    E:
    - 200000000000.0
    - 200000000000.0
    - 200000000000.0
    G:
    - 79300000000.0
    - 79300000000.0
    - 79300000000.0
    nu:
    - 0.3
    - 0.3
    - 0.3
