nodes:
 - [-2.451216924 0.216408258 34.482758621]
 - [-2.452519730 0.201651607 34.482758621]
 - [-2.449914118 0.231164909 34.482758621]
 - [-2.377673230 0.205106623 34.482758621]
 - [-2.374670586 0.239117027 34.482758621]
 - [-2.158556995 0.207805567 34.482758621]
 - [-2.177392350 0.260308797 34.482758621]
 - [-1.822048533 0.182146649 34.482758621]
 - [-1.822040738 0.301288674 34.482758621]
 - [-1.614197761 0.156421931 34.482758621]
 - [-1.615162197 0.326906491 34.482758621]
 - [-1.368491328 0.089475643 34.482758621]
 - [-1.379495438 0.357902157 34.482758621]
 - [-1.096029477 -0.006925115 34.482758621]
 - [-1.120453623 0.392023005 34.482758621]
 - [-0.807912448 -0.121013245 34.482758621]
 - [-0.843449915 0.427016370 34.482758621]
 - [-0.515240484 -0.241021646 34.482758621]
 - [-0.553897477 0.460629586 34.482758621]
 - [-0.229113827 -0.355183220 34.482758621]
 - [-0.257209470 0.490609987 34.482758621]
 - [0.039367283 -0.451730868 34.482758621]
 - [0.041200942 0.514704907 34.482758621]
 - [0.203290831 -0.496858990 34.482758621]
 - [0.039670413 -0.290640073 34.480603448]
 - [0.201724458 0.521909851 34.482758621]
 - [0.342744014 -0.531578530 34.482758621]
 - [0.039974505 -0.129572651 34.479310345]
 - [0.340518582 0.526872741 34.482758621]
 - [0.040892776 0.353610176 34.480603448]
 - [0.466762432 -0.557496460 34.482758621]
 - [0.040279580 0.031483477 34.478879310]
 - [0.466054587 0.528888775 34.482758621]
 - [0.040585663 0.192540393 34.479310345]
 - [0.584381689 -0.576219751 34.482758621]
 - [0.586803748 0.527253151 34.482758621]
 - [0.704637386 -0.589355371 34.482758621]
 - [0.711237336 0.521261066 34.482758621]
 - [0.836565127 -0.598510292 34.482758621]
 - [0.847826625 0.510207720 34.482758621]
 - [0.989200514 -0.605291485 34.482758621]
 - [1.005042888 0.493388308 34.482758621]
 - [1.280490867 -0.595267568 34.482758621]
 - [0.991778919 -0.422151800 34.480603448]
 - [1.320689432 0.432672962 34.482758621]
 - [1.002339842 0.310255617 34.480603448]
 - [1.554635141 -0.549708613 34.482758621]
 - [0.994381857 -0.239040981 34.479310345]
 - [1.599690107 0.341137604 34.482758621]
 - [0.999662120 0.127148995 34.479310345]
 - [1.796706426 -0.480064979 34.482758621]
 - [0.997009525 -0.055945294 34.478879310]
 - [1.834179352 0.228216231 34.482758621]
 - [1.991777815 -0.397787026 34.482758621]
 - [2.016291609 0.103342838 34.482758621]
 - [2.124922399 -0.314325111 34.482758621]
 - [2.138161317 -0.024048580 34.482758621]
 - [2.181213269 -0.241129595 34.482758621]
 - [2.191922917 -0.144524027 34.482758621]
 - [2.191596510 -0.207922207 34.482758621]
 - [2.194275039 -0.176039200 34.482758621]
 - [2.195159135 -0.193801927 34.482758621]
elements:
 - [1 2]
 - [1 3]
 - [2 4]
 - [3 5]
 - [4 6]
 - [5 7]
 - [6 8]
 - [7 9]
 - [8 10]
 - [9 11]
 - [10 12]
 - [11 13]
 - [12 14]
 - [13 15]
 - [14 16]
 - [15 17]
 - [16 18]
 - [17 19]
 - [18 20]
 - [19 21]
 - [20 22]
 - [21 23]
 - [22 24]
 - [22 25]
 - [23 26]
 - [23 30]
 - [24 27]
 - [25 28]
 - [26 29]
 - [27 31]
 - [28 32]
 - [29 33]
 - [30 34]
 - [31 35]
 - [32 34]
 - [33 36]
 - [35 37]
 - [36 38]
 - [37 39]
 - [38 40]
 - [39 41]
 - [40 42]
 - [41 43]
 - [41 44]
 - [42 45]
 - [42 46]
 - [43 47]
 - [44 48]
 - [45 49]
 - [46 50]
 - [47 51]
 - [48 52]
 - [49 53]
 - [50 52]
 - [51 54]
 - [53 55]
 - [54 56]
 - [55 57]
 - [56 58]
 - [57 59]
 - [58 60]
 - [59 61]
 - [60 62]
 - [61 62]
sets:
  element:
  - name: layup_0
    labels:
    - 1
    - 2
    - 3
    - 4
    - 5
    - 6
    - 7
    - 8
  - name: layup_1
    labels:
    - 9
    - 11
    - 13
    - 15
    - 17
    - 19
    - 21
  - name: layup_2
    labels:
    - 23
    - 25
    - 27
    - 29
    - 30
    - 32
    - 34
    - 36
    - 37
    - 38
    - 39
    - 40
    - 41
    - 42
  - name: layup_3
    labels:
    - 43
    - 47
    - 51
    - 55
    - 57
    - 59
  - name: layup_4
    labels:
    - 61
    - 62
    - 63
    - 64
  - name: layup_5
    labels:
    - 45
    - 49
    - 53
    - 56
    - 58
    - 60
  - name: layup_6
    labels:
    - 10
    - 12
    - 14
    - 16
    - 18
    - 20
    - 22
  - name: layup_7
    labels:
    - 44
    - 46
    - 48
    - 50
    - 52
    - 54
  - name: layup_8
    labels:
    - 24
    - 26
    - 28
    - 31
    - 33
    - 35
sections:
- type: shell
  elementSet: layup_0
  layup:
  - - glass_triax
    - 0.005
    - 0
  - - glass_uni
    - 0.01
    - 0
  - - glass_triax
    - 0.004
    - 0
- type: shell
  elementSet: layup_1
  layup:
  - - glass_triax
    - 0.005
    - 0
  - - medium_density_foam
    - 0.047
    - 0
  - - glass_triax
    - 0.004
    - 0
- type: shell
  elementSet: layup_2
  layup:
  - - glass_triax
    - 0.005
    - 0
  - - carbon_uni_industry_baseline
    - 0.04
    - 0
  - - glass_triax
    - 0.004
    - 0
- type: shell
  elementSet: layup_3
  layup:
  - - glass_triax
    - 0.005
    - 0
  - - medium_density_foam
    - 0.063
    - 0
  - - glass_triax
    - 0.004
    - 0
- type: shell
  elementSet: layup_4
  layup:
  - - glass_triax
    - 0.005
    - 0
  - - glass_uni
    - 0.005
    - 0
  - - glass_triax
    - 0.004
    - 0
- type: shell
  elementSet: layup_5
  layup:
  - - glass_triax
    - 0.005
    - 0
  - - medium_density_foam
    - 0.037
    - 0
  - - glass_triax
    - 0.004
    - 0
- type: shell
  elementSet: layup_6
  layup:
  - - glass_triax
    - 0.005
    - 0
  - - medium_density_foam
    - 0.077
    - 0
  - - glass_triax
    - 0.004
    - 0
- type: shell
  elementSet: layup_7
  layup:
  - - glass_biax
    - 0.002
    - 0
  - - medium_density_foam
    - 0.053
    - 0
  - - glass_biax
    - 0.003
    - 0
- type: shell
  elementSet: layup_8
  layup:
  - - glass_biax
    - 0.003
    - 0
  - - medium_density_foam
    - 0.031
    - 0
  - - glass_biax
    - 0.003
    - 0
elementOrientations:
 - [0.01084310413369816, -0.004635589609004422, 0.999930466783427, -0.0878721992543324, -0.9961250141570072, -0.003665074202321965, 0.9960727401605531, -0.08782634843643738, -0.011208426712469717]
 - [0.002300572208396698, -0.0028348961500081833, 0.9999933353434578, 0.9932315991140075, -0.11612130048414147, -0.002614210263913074, 0.1161279375901691, 0.993230993746012, 0.0025485629996980703]
 - [0.013720916285512108, -0.00466740757272933, 0.9998949703658055, 0.9988424144324494, 0.046171695370294086, -0.013490947979560595, -0.04610387822125613, 0.9989226145468841, 0.0052955226160212344]
 - [0.002418700711969043, -0.0010625256115271613, 0.9999965104570072, 0.9427230074099401, -0.3335661706478978, -0.0026345966022025633, 0.3335678059807703, 0.9427260900381523, 0.00019487060551411022]
 - [0.013717906025634377, -0.0047507537345233735, 0.9998946191440505, 0.9998298483278649, 0.012398810100415734, -0.013658107510657854, -0.012332617197931812, 0.9999118460379635, 0.004920031097618731]
 - [0.0024457658839187792, -0.0012842848733636747, 0.9999961844135234, 0.964836059024803, -0.2628385504454507, -0.002697332983118693, 0.2628410117061807, 0.9648389746543712, 0.0005962827962232292]
 - [0.013704414432865407, -0.004824388153707502, 0.9998944515817632, 0.9970118848255033, -0.07596328540338171, -0.014031421432695585, 0.07602296062210286, 0.9970989442124921, 0.003768939981407769]
 - [0.0022977018785744004, -0.0027870519546332366, 0.9999934764324608, 0.9924659651916942, -0.12249258791644253, -0.0026218012227200663, 0.1224990959239947, 0.992465514890535, 0.0024846027588274226]
 - [0.0022887385342367276, -0.002896677079294811, 0.9999931854456909, 0.9933388565774618, -0.11520034060401181, -0.002607208871724532, 0.11520710780721408, 0.9933380546352878, 0.002613718439123251]
 - [0.003131042078698927, -0.006455492134051057, 0.9999742612671632, -0.9919122253171981, -0.12690511805444282, 0.002286542777186442, 0.1268870909186013, -0.9918938540150831, -0.006800626832834972]
 - [0.002385034402227691, -0.0015010824498167214, 0.9999960291733058, 0.9657455809468972, -0.2594768226198043, -0.0026928432317402896, 0.2594798344620258, 0.9657481686623122, 0.0008308025940184814]
 - [0.003121943371240811, -0.006336855091770313, 0.999975048557279, -0.9910426492824765, -0.13352682978142885, 0.0022478949465779404, 0.13350925350984583, -0.9910249391393069, -0.006696956859386134]
 - [0.0026040802488362454, -0.0005381832569039078, 0.9999964645561702, 0.9441817723603386, -0.3294143775588584, -0.002636019726799977, 0.3294146315945117, 0.9441852986656232, -0.0003496786529255017]
 - [0.0030736246409874715, -0.005952924038233219, 0.999977557511648, -0.9910126874013762, -0.13374898716146907, 0.00224985394708623, 0.13373259229173845, -0.9909973618172131, -0.0063105174316723635]
 - [0.0029712921734868923, 0.0005727801116425469, 0.9999954216624011, 0.9317761090621045, -0.36302441462475016, -0.002560657619115626, 0.36302128588266636, 0.9317794515384535, -0.0016123544257336331]
 - [0.0030023380240716377, -0.005403022699915717, 0.9999808964735745, -0.9917023269035157, -0.12853514214633824, 0.0022829909270466876, 0.12852035162005107, -0.9916902362023762, -0.005744096128514337]
 - [0.00339703484431974, 0.0017371455725507983, 0.9999927212132727, 0.9274969438631647, -0.3738223672464464, -0.0025013737730868336, 0.37381530102278615, 0.927498690064586, -0.00288108481670856]
 - [0.002937581984614576, -0.004886014822012536, 0.9999837486035676, -0.992929619032138, -0.11868154961228562, 0.0023369703293852234, 0.11866820239970569, -0.9929203475812073, -0.005200105617853473]
 - [0.0037394264306806397, 0.002684409487056191, 0.9999894052617133, 0.930920180191826, -0.3652141349433122, -0.002500749732803387, 0.3652035525588263, 0.9309196687057988, -0.0038646623524641803]
 - [0.002891905794147992, -0.004486946686933229, 0.9999857519936504, -0.9944844946773329, -0.10485610801165571, 0.002405505979564567, 0.10484382064407756, -0.9944772817526182, -0.004765432894909639]
 - [0.00387695035312206, 0.0031625278618735973, 0.9999874837584128, 0.9427639697779405, -0.33345064778444095, -0.0026005346902836586, 0.3334382499721622, 0.9427622520602209, -0.004274288928269941]
 - [0.0028460710923298646, -0.004021102120071886, 0.9999878652349125, -0.9961500023315187, -0.08762995312046874, 0.0024827748628752674, 0.0876189062603082, -0.9961449804390144, -0.00425502196268327]
 - [-0.007757586729099321, 0.006947003223857394, 0.999945778027163, 0.963437325353083, -0.26777114147489095, 0.009334661736335176, 0.2678214703205073, 0.9634575003286039, -0.004615744351671024]
 - [-0.007643786836619595, 1.1572946474402223e-05, 0.999970785767696, -0.001760538447033101, -0.9999984502492123, -1.8843071161495884e-06, 0.9999692360403759, -0.0017605014174958598, 0.007643795365272137]
 - [-0.017282118449049148, 0.011462875438200418, 0.999784942309396, 0.960145950647516, 0.2791778987534433, 0.01339605549371374, -0.2789643020837819, 0.9601709760945184, -0.015830818949378666]
 - [-0.007952420791731139, 1.2994496898131363e-05, 0.9999683789174005, -0.0020005274806545953, -0.9999979989386497, -2.914657600877226e-06, 0.9999663778814517, -0.0020004874003935933, 0.007952430874297395]
 - [-0.007675100130728069, 0.007218685418456231, 0.9999444901687355, 0.9721509278896734, -0.23417687454352246, 0.009152312946687776, 0.23422994309274395, 0.9721672088739964, -0.005220320767273403]
 - [-0.007705838703377743, 1.1846682183780529e-05, 0.9999703095140046, -0.0018072000262934788, -0.9999983670105375, -2.07939080719145e-06, 0.999968676548392, -0.0018071623930965685, 0.007705847529148694]
 - [-0.017166388986899733, 0.011829096105345294, 0.9997826701711137, 0.9854677270001859, 0.16920636580580567, 0.014918606231107455, -0.16899311858841287, 0.9855096540654092, -0.014561854745883483]
 - [-0.007514072302300574, 0.007969841115461838, 0.9999400083755174, 0.981123829107987, -0.19317505550926653, 0.008912344555334607, 0.19323449659394934, 0.9811319378970322, -0.006367869698486636]
 - [-0.007767731521549013, 1.212571172255399e-05, 0.9999698306448928, -0.0018545429853398152, -0.9999982803310798, -2.279969920170144e-06, 0.9999681110002082, -0.0018545047451681462, 0.007767740651276156]
 - [-0.016868703530042644, 0.011423463656471108, 0.9997924541220068, 0.9984150817168871, 0.05388803081283837, 0.01622974846929188, -0.05369144663237739, 0.9984816395974458, -0.01231437961566506]
 - [-0.007891025963301223, 1.2699629342275606e-05, 0.9999688652892975, -0.0019512203510923185, -0.9999980963641202, -2.6976092730735304e-06, 0.9999669616784286, -0.0019511808873159836, 0.007891035721436294]
 - [-0.00741980377739938, 0.008500055210712084, 0.9999363457607284, 0.9890241619617506, -0.14750380509268546, 0.008592702661892219, 0.14756745429721807, 0.9890249625487686, -0.007312310691195643]
 - [-0.007829461756322006, 1.2410030260188125e-05, 0.9999693492175635, -0.0019025542456343534, -0.9999981901389432, -2.4860441049816404e-06, 0.9999675393811286, -0.0019025153952453413, 0.007829471196839837]
 - [-0.021595517749035776, 0.016101554609964368, 0.9996371209355392, 0.6407459384262104, 0.7677515642820769, 0.0014757820771518829, -0.767449200926984, 0.6405452954175578, -0.02689699825198605]
 - [-0.007407086793174353, 0.008593082930658342, 0.9999356449247047, 0.994755679042195, -0.10194685929591764, 0.008244810064491105, 0.10201114683474327, 0.9947527314893108, -0.00779288881065654]
 - [-0.018916725119928424, 0.013825093622888418, 0.9997254744663935, 0.8439065473077062, 0.536422066397048, 0.00855021014400753, -0.5361565973872957, 0.8438366153875044, -0.0218144358037945]
 - [-0.007403284404016171, 0.008639866657130442, 0.9999352699471001, 0.9980495069939619, -0.061922420233291794, 0.007924358747627794, 0.06198687739467721, 0.9980435694781057, -0.008164585369670541]
 - [-0.017685806010927552, 0.011944269236772193, 0.9997722474134518, 0.9191257207502913, 0.39379487369845934, 0.011554518772865363, -0.3935671756142805, 0.919120738467593, -0.017942864815412435]
 - [-0.007329632513151033, 0.00944600181837164, 0.9999285222138976, 0.9994761676262289, -0.03145271855181157, 0.007623440357625182, 0.031522481412602894, 0.9994606042988128, -0.009210516828292133]
 - [-0.017267542098850862, 0.011415253174026183, 0.9997857390385387, 0.960196424055473, 0.27900414955871067, 0.013398199882916175, -0.27879142601763474, 0.9602220454269904, -0.01577860117564693]
 - [-0.017424876649983354, -0.0010108901975903794, 0.9998476642842856, -0.9816658035068887, 0.18985809766406647, -0.016916056767367297, -0.18981207521890664, -0.9818110209466944, -0.004300610270871649]
 - [-0.007471400861512788, 0.00010224968788164877, 0.9999720834674174, 0.013964029405455857, 0.9999024981858933, 2.0912013575984865e-06, -0.9998745841613987, 0.013963655202377603, -0.007472100204023149]
 - [-0.008014298971256637, -0.004081195725082443, 0.9999595566088927, -0.9992212197951201, -0.038604032951438626, -0.00816593846635734, 0.03863579846659583, -0.9992462521727753, -0.0037686331090704393]
 - [-0.007946010726859111, 0.00011217355801375896, 0.9999684236667783, 0.01482673439647663, 0.9998900779161614, 5.6523413763954875e-06, -0.9998585044198328, 0.014826311136135945, -0.007946800452352791]
 - [-0.019313372578804777, -0.0015998504454623466, 0.9998121994245642, -0.4154195398587642, 0.9096062071817859, -0.006569152144605739, -0.9094248729516722, -0.4154683963130268, -0.01823217271519212]
 - [-0.007567470436097071, 0.00010421052858635496, 0.9999713608555821, 0.014134730356518799, 0.9999000997050197, 2.7641153331911745e-06, -0.9998714631336107, 0.014134346467295876, -0.007568187431290127]
 - [-0.008015261746965955, -0.00422322236462941, 0.999958959143817, -0.999843310728966, -0.015749724450979326, -0.008080852075071643, 0.015783205304011918, -0.999867046447965, -0.004096322467078491]
 - [-0.00785224577400121, 0.00011016538637183959, 0.9999691645745341, 0.014652447303846265, 0.9998926471196725, 4.901208751020606e-06, -0.9998618144645351, 0.014652033974895244, -0.007853017005318852]
 - [-0.018031869558093463, -0.0008657249788128425, 0.9998370378219147, -0.6910837357416469, 0.7226777540468498, -0.011837820710349336, -0.7225497366089129, -0.6911845732697325, -0.013629519445991582]
 - [-0.007662971075876558, 0.00010618359896722007, 0.9999706333684671, 0.014306398058703868, 0.9998976582444005, 3.4568840896045326e-06, -0.9998682942512359, 0.01430600441798631, -0.007663705938797674]
 - [-0.008020029922980924, -0.004345325264681282, 0.9999583977688162, -0.9998907325412413, 0.012452943950004772, -0.007965372880010476, -0.012417813743733524, -0.9999130173846734, -0.004444723445140374]
 - [-0.007757897758725403, 0.00010816864088237515, 0.9999699012079866, 0.014478986037531194, 0.9998951739787235, 4.169316826477414e-06, -0.9998650778908572, 0.014478582582675547, -0.007758650701410921]
 - [-0.017247179169704387, 1.7773237989145468e-05, 0.9998512561850387, -0.8239794379713598, 0.5664411511623098, -0.014223504150500277, -0.5663571493422591, -0.8241021914508112, -0.009754867240540734]
 - [-0.008021695936703344, -0.004240348780117478, 0.9999588350709853, -0.9989486257205494, 0.04517143830153462, -0.00782204147240181, -0.045136410638467905, -0.9989702501095784, -0.004598242129552629]
 - [-0.01715960359902308, 4.3132542824673306e-05, 0.9998527622324738, -0.9005981575143183, 0.4343771235702818, -0.015474921667759699, -0.43431383432506465, -0.9007310989737123, -0.00741489416435309]
 - [-0.008015745432316071, -0.00405043682122991, 0.9999596700801098, -0.996672501196515, 0.08114948656650782, -0.007660691135627916, -0.0811151846687636, -0.9966937116243635, -0.004687432623833954]
 - [-0.0174254467219544, -0.0007110837400133262, 0.9998479125179265, -0.9499227075216334, 0.3120577981300469, -0.01633341241126556, -0.3119987236212834, -0.9500628531766419, -0.006113221127073601]
 - [-0.008037395027092841, -0.004353170158624728, 0.9999582242227666, -0.9928835334897531, 0.11885533598617641, -0.007463111450025975, -0.11881788251808245, -0.9929020389832943, -0.005277478255376212]
 - [-0.007885183196500112, -0.0020256159914838687, 0.9999668598337711, -0.9941624298111469, 0.10762424175290128, -0.0076214000754379636, -0.10760523703776903, -0.994189579238773, -0.0028624281785639607]
 - [-0.007983594087275187, -0.003416781237304573, 0.9999622932048118, -0.9967592487007735, 0.08007465216726652, -0.0076844134298588865, -0.08004537684913064, -0.9967830133415535, -0.004044991818653812]
 - [-0.007912404182430726, -0.0020137877870263013, 0.9999666687039138, -0.9967577239847812, 0.08008965517807975, -0.0077257239230541135, -0.08007142771758738, -0.9967856298082377, -0.0026409602537851577]
 - [-0.007987594187543766, -0.0036254075947017763, 0.9999615266393339, -0.9936473992316799, 0.11228599291747948, -0.007530059405760641, -0.11225437336341801, -0.9936693173356554, -0.004499271772000438]
materials:
- name: Gelcoat
  density: 1235.0
  elastic:
    E:
    - 3440000000.0
    - 3440000000.0
    - 3440000000.0
    G:
    - 1323000000.0
    - 1323000000.0
    - 1323000000.0
    nu:
    - 0.3
    - 0.3
    - 0.3
- name: Adhesive
  density: 1100.0
  elastic:
    E:
    - 3900000000.0
    - 3900000000.0
    - 3900000000.0
    G:
    - 1500000000.0
    - 1500000000.0
    - 1500000000.0
    nu:
    - 0.3
    - 0.3
    - 0.3
- name: glass_uni
  density: 1940.0
  elastic:
    E:
    - 43700000000.0
    - 16500000000.0
    - 15450000000.0
    G:
    - 3265000000.0
    - 3495000000.0
    - 3480000000.0
    nu:
    - 0.262
    - 0.264
    - 0.35
- name: carbon_uni_industry_baseline
  density: 1600.0
  elastic:
    E:
    - 157599000000.0
    - 9100000000.0
    - 9100000000.0
    G:
    - 4131000000.0
    - 4131000000.0
    - 2689000000.0
    nu:
    - 0.3133
    - 0.3133
    - 0.47066
- name: glass_biax
  density: 1940.0
  elastic:
    E:
    - 11023100000.0
    - 11023100000.0
    - 16047700000.0
    G:
    - 13231400000.0
    - 3487480000.0
    - 3487480000.0
    nu:
    - 0.688074
    - 0.117173
    - 0.117173
- name: glass_triax
  density: 1940.0
  elastic:
    E:
    - 28211400000.0
    - 16238800000.0
    - 15835500000.0
    G:
    - 8248220000.0
    - 3491240000.0
    - 3491240000.0
    nu:
    - 0.497511
    - 0.18091
    - 0.27481
- name: medium_density_foam
  density: 130.0
  elastic:
    E:
    - 142500000.0
    - 142500000.0
    - 142500000.0
    G:
    - 54000000.0
    - 54000000.0
    - 54000000.0
    nu:
    - 0.3194
    - 0.3194
    - 0.3194
- name: resin
  density: 1150.0
  elastic:
    E:
    - 1000000.0
    - 1000000.0
    - 1000000.0
    G:
    - 312500.0
    - 312500.0
    - 312500.0
    nu:
    - 0.3
    - 0.3
    - 0.3
- name: steel
  density: 7800
  elastic:
    E:
    - 200000000000.0
    - 200000000000.0
    - 200000000000.0
    G:
    - 79300000000.0
    - 79300000000.0
    - 79300000000.0
    nu:
    - 0.3
    - 0.3
    - 0.3
