nodes:
 - [-0.478348366 -0.027958266 96.551724138]
 - [-0.478202496 -0.030454007 96.551724138]
 - [-0.478494236 -0.025462525 96.551724138]
 - [-0.466840164 -0.027873080 96.551724138]
 - [-0.467179633 -0.022064986 96.551724138]
 - [-0.429556823 -0.022931470 96.551724138]
 - [-0.433946459 -0.012256840 96.551724138]
 - [-0.375665359 -0.020973863 96.551724138]
 - [-0.379694140 0.003721940 96.551724138]
 - [-0.347704219 -0.021431401 96.551724138]
 - [-0.350204958 0.012526218 96.551724138]
 - [-0.314227199 -0.023455308 96.551724138]
 - [-0.316893691 0.022567290 96.551724138]
 - [-0.276895720 -0.026622351 96.551724138]
 - [-0.280574301 0.033307891 96.551724138]
 - [-0.237371202 -0.030509298 96.551724138]
 - [-0.242060751 0.044210758 96.551724138]
 - [-0.197315064 -0.034692917 96.551724138]
 - [-0.202167003 0.054738626 96.551724138]
 - [-0.158388726 -0.038749976 96.551724138]
 - [-0.161707017 0.064354232 96.551724138]
 - [-0.122253607 -0.042257241 96.551724138]
 - [-0.121494757 0.072520311 96.551724138]
 - [-0.078103016 -0.045696971 96.551724138]
 - [-0.122119499 -0.023126204 96.545689655]
 - [-0.079557901 0.079885667 96.551724138]
 - [-0.121613631 0.053387382 96.545689655]
 - [-0.035307185 -0.046964661 96.551724138]
 - [-0.121988457 -0.003997657 96.542068966]
 - [-0.036275238 0.084352545 96.551724138]
 - [-0.121735532 0.034257701 96.542068966]
 - [0.005749743 -0.046319793 96.551724138]
 - [-0.121860471 0.015129832 96.540862069]
 - [0.006925564 0.086138720 96.551724138]
 - [0.044683627 -0.044021850 96.551724138]
 - [0.048616836 0.085461970 96.551724138]
 - [0.081110323 -0.040330314 96.551724138]
 - [0.087370910 0.082540071 96.551724138]
 - [0.114645690 -0.035504665 96.551724138]
 - [0.121760118 0.077590800 96.551724138]
 - [0.144905584 -0.029804387 96.551724138]
 - [0.150356793 0.070831933 96.551724138]
 - [0.162064157 -0.026053238 96.551724138]
 - [0.145805005 -0.013030852 96.545689655]
 - [0.169571068 0.065440263 96.551724138]
 - [0.149438918 0.054055834 96.545689655]
 - [0.179000942 -0.021580121 96.551724138]
 - [0.146707981 0.003740679 96.542068966]
 - [0.186793534 0.059472962 96.551724138]
 - [0.148524869 0.037282764 96.542068966]
 - [0.194929352 -0.016658108 96.551724138]
 - [0.147614580 0.020511465 96.540862069]
 - [0.201911000 0.053099252 96.551724138]
 - [0.209062801 -0.011560272 96.551724138]
 - [0.214810272 0.046488353 96.551724138]
 - [0.220614705 -0.006559683 96.551724138]
 - [0.225378160 0.039809487 96.551724138]
 - [0.228798478 -0.001929415 96.551724138]
 - [0.233501470 0.033231873 96.551724138]
 - [0.239002512 0.006626147 96.551724138]
 - [0.239674691 0.024896322 96.551724138]
 - [0.242431419 0.014169510 96.551724138]
elements:
 - [1 2]
 - [1 3]
 - [2 4]
 - [3 5]
 - [4 6]
 - [5 7]
 - [6 8]
 - [7 9]
 - [8 10]
 - [9 11]
 - [10 12]
 - [11 13]
 - [12 14]
 - [13 15]
 - [14 16]
 - [15 17]
 - [16 18]
 - [17 19]
 - [18 20]
 - [19 21]
 - [20 22]
 - [21 23]
 - [22 24]
 - [22 25]
 - [23 26]
 - [23 27]
 - [24 28]
 - [25 29]
 - [26 30]
 - [27 31]
 - [28 32]
 - [29 33]
 - [30 34]
 - [31 33]
 - [32 35]
 - [34 36]
 - [35 37]
 - [36 38]
 - [37 39]
 - [38 40]
 - [39 41]
 - [40 42]
 - [41 43]
 - [41 44]
 - [42 45]
 - [42 46]
 - [43 47]
 - [44 48]
 - [45 49]
 - [46 50]
 - [47 51]
 - [48 52]
 - [49 53]
 - [50 52]
 - [51 54]
 - [53 55]
 - [54 56]
 - [55 57]
 - [56 58]
 - [57 59]
 - [58 60]
 - [59 61]
 - [60 62]
 - [61 62]
sets:
  element:
  - name: layup_0
    labels:
    - 1
    - 2
    - 3
    - 4
    - 5
    - 6
    - 7
    - 8
    - 61
    - 62
    - 63
    - 64
  - name: layup_1
    labels:
    - 9
    - 10
    - 11
    - 12
    - 13
    - 14
    - 15
    - 16
    - 17
    - 18
    - 19
    - 20
    - 21
    - 22
  - name: layup_2
    labels:
    - 23
    - 25
    - 27
    - 29
    - 31
    - 33
    - 35
    - 36
    - 37
    - 38
    - 39
    - 40
    - 41
    - 42
  - name: layup_3
    labels:
    - 43
    - 47
    - 51
    - 55
    - 57
    - 59
  - name: layup_4
    labels:
    - 45
    - 49
    - 53
    - 56
    - 58
    - 60
  - name: layup_5
    labels:
    - 44
    - 46
    - 48
    - 50
    - 52
    - 54
  - name: layup_6
    labels:
    - 24
    - 26
    - 28
    - 30
    - 32
    - 34
sections:
- type: shell
  elementSet:
  - layup_0
  - layup_1
  - layup_2
  - layup_3
  - layup_4
  - layup_5
  - layup_6
  layup:
  - - glass_triax
    - glass_uni
    - glass_triax
  - - 0.001
    - 0.005
    - 0.001
  - - 0
    - 0
    - 0
elementOrientations:
 - [0.0427881293996395, 0.002456304339169633, 0.9990811491322785, 0.058358620366533456, -0.9982956823535593, -4.497951295277673e-05, 0.9973782870162123, 0.05830692208679118, -0.04285855136807979]
 - [-0.008186937713433673, 0.0058702234918884015, 0.9999492559760378, 0.9969187460038756, -0.07796609801615881, 0.008619827503766872, 0.07801274201652147, 0.9969387283260142, -0.005213832254078122]
 - [0.03878108999278863, 0.0014756019633333003, 0.9992466410540579, 0.9743291970877875, 0.22187345037976314, -0.038141679549356676, -0.2217625819682803, 0.9750743533779486, 0.007166772170032421]
 - [0.015000094182212756, 0.002957441415256739, 0.9998831185267606, 0.9973716049930221, -0.07093830031583889, -0.014752596447484929, 0.07088637900307253, 0.9974763210666082, -0.004013749276871126]
 - [0.038716630627222276, 0.001795937132544667, 0.9992486162725929, 0.9905702606473645, 0.13145080498316197, -0.038616636185604514, -0.13142138803820272, 0.9913210683119242, 0.0033103303486930586]
 - [0.01498215295973807, 0.0025801031413285286, 0.9998844324023008, 0.9986074621909292, -0.050627432913567916, -0.014832379889094595, 0.05058331295282323, 0.9987142765097344, -0.0033350181940228793]
 - [0.03870553862754084, 0.0017554696136716371, 0.9992491178910228, 0.9985928212434749, 0.036211882693289926, -0.03874373385213076, -0.03625270528594072, 0.9993425928470391, -0.00035139892976244184]
 - [0.014971831980752325, 0.0020663652922880867, 0.9998857806677814, 0.9996752246967903, -0.020655747135352048, -0.014925992017355321, 0.02062254529785015, 0.9997845119048201, -0.0023749485634211396]
 - [-0.008185314105908564, 0.005835060689908458, 0.9999494750734822, 0.9966649516133631, -0.08114470965097147, 0.008631936120722163, 0.08119097769161487, 0.9966852502984103, -0.005151405543642701]
 - [-0.01729384594092314, 0.001985241461667034, 0.9998484793752056, 0.8768472787181993, 0.48055890738569973, 0.014212189724021414, -0.480457878171501, 0.8769602016902486, -0.010051465283127923]
 - [-0.008221090086239405, 0.005457997257226137, 0.9999513107865474, 0.9993839087376175, -0.03407641765089965, 0.008402423245923652, 0.03412061889995726, 0.9994043265996111, -0.005174489333481488]
 - [-0.017172899317857104, 0.001769450363391273, 0.9998509691821227, 0.9216229819732022, 0.38779088189683125, 0.015143018738024523, -0.3877062942845281, 0.921745681282581, -0.00829025989155953]
 - [-0.00823809503467361, 0.005079027190297654, 0.9999531675398606, 0.9999106347148384, 0.01057089746074288, 0.008184052238632923, -0.010528835375762095, 0.9999312274400048, -0.005165657359467838]
 - [-0.0171608083568245, 0.0017827226235067966, 0.9998511532006092, 0.9433707329912676, 0.3313733273027454, 0.015600579727251908, -0.3312961919371533, 0.9434980338359774, -0.007368402512463414]
 - [-0.008239099149098, 0.004728440673813088, 0.9999548785290291, 0.9985349302552701, 0.053520120126927556, 0.007974321394446609, -0.05347999911475332, 0.9985555761150169, -0.005162470754639525]
 - [-0.01718198137954503, 0.0018916963425608892, 0.9998505893386374, 0.95728985544413, 0.2886921940235508, 0.01590439478965225, -0.2886189740464573, 0.9574200951488411, -0.006771205620446951]
 - [-0.008229108791957394, 0.004441378437453649, 0.9999562770071827, 0.995384927221479, 0.09564792535495714, 0.007766661804419746, -0.0956092486571347, 0.9954053187183942, -0.005207978336198807]
 - [-0.01721505799914194, 0.002053476197895721, 0.9998497012119325, 0.9680356058761319, 0.25029210601625884, 0.01615324803176907, -0.2502213171057098, 0.968168190399504, -0.006296631197179478]
 - [-0.008215752414637406, 0.00425705021188712, 0.9999571885514673, 0.9903921864516494, 0.13808086303810763, 0.007549323027478469, -0.13804281374915256, 0.9904118096964238, -0.00535058745110589]
 - [-0.017253657562388145, 0.002264280390954374, 0.9998485807036135, 0.9775068444435377, 0.2102657200912943, 0.016391949869542455, -0.21019676583324468, 0.9776416521347691, -0.00584120231146134]
 - [-0.008210041402631539, 0.004218509719733708, 0.9999573987905241, 0.983200114884431, 0.18238475759165373, 0.007303032895675793, -0.18234617986513643, 0.9832181875728185, -0.005645025652119664]
 - [-0.017303052116250432, 0.0020046471473343006, 0.9998482813793684, 0.8757886338666255, 0.482486215385447, 0.014188754457568212, -0.48238456979622746, 0.8759012691809748, -0.010104131316735357]
 - [-0.021434011641015462, -0.001491104587768704, 0.9997691532309249, -0.24928427771193354, 0.9684225000219454, -0.0039000431900882426, -0.9681931274444223, -0.2493103248129797, -0.02112888806904654]
 - [-0.005323509409077519, 4.8117129071684507e-05, 0.9999858288657462, -0.005456973007507891, -0.9999851104301836, 1.9066435670841034e-05, 0.999970940424354, -0.005456794175661088, 0.005323692718187046]
 - [-0.017354928813248554, -0.004403477059091203, 0.9998396950690027, -0.8735092296690374, 0.4866334698450196, -0.013018898171546282, -0.48649813168078215, -0.8735951438832447, -0.012291967081056487]
 - [-0.0050584768241595, 5.20295612039566e-05, 0.9999872044707092, -0.007950677290346698, -0.9999683927960696, 1.1809750997383186e-05, 0.9999555982856659, -0.00795051581787083, 0.0050587306101016315]
 - [-0.02156779347824442, -0.0016195601856807274, 0.9997660762944924, -0.5969232013614837, 0.8022148381001932, -0.011577789436594195, -0.8020084301058423, -0.5970332742458206, -0.018268757004162386]
 - [-0.005275519857490469, 4.90673957231911e-05, 0.9999860831444726, -0.005981613045896277, -0.9999821098393442, 1.751064318919758e-05, 0.9999681940919932, -0.005981437422905834, 0.005275718979767062]
 - [-0.01744033120468569, -0.004509038497065472, 0.9998377385452617, -0.8234916203082399, 0.5672055728226095, -0.011806330551222126, -0.5670603020222632, -0.8235639056750892, -0.013605408469150461]
 - [-0.005116295283349554, 5.141985370488423e-05, 0.9999869103536168, -0.007479931947033404, -0.9999720248312804, 1.3149046801945354e-05, 0.9999589362272039, -0.007479766762963119, 0.005116536771132221]
 - [-0.021408028791777018, -0.0014809354948946889, 0.9997697250533796, -0.2502063509776409, 0.9681845836435029, -0.0039235093359902135, -0.9679558245259456, -0.25023272932435525, -0.02109746290860562]
 - [-0.0052249245136222686, 4.993655248553396e-05, 0.9999863487419052, -0.006494380400900973, -0.9999789111611854, 1.600307048611921e-05, 0.9999652609901184, -0.006494208129602675, 0.005225138632999133]
 - [-0.017460961527521458, -0.004887691637323479, 0.9998355991326737, -0.9653852022855807, 0.26036219154327417, -0.01558654621178161, -0.26024320554159147, -0.9654986482047719, -0.009264679389765352]
 - [-0.00517181541116757, 5.072154057407289e-05, 0.9999866247868909, -0.006994170157670973, -0.9999755403869452, 1.4547937516774684e-05, 0.9999621662388826, -0.006994001369907142, 0.005172043665649257]
 - [-0.02155247864642318, -0.001610774768951826, 0.9997664207547874, -0.6008967513836184, 0.7992415125126935, -0.011666141308727583, -0.7990360347573875, -0.6010078286354223, -0.018193544957638634]
 - [-0.01740683660659719, -0.004667341483764387, 0.9998375957938492, -0.9487270514976955, 0.315738319275053, -0.015043121280282158, -0.31561683065996293, -0.9488348273882229, -0.009924038458287128]
 - [-0.021381964613502877, -0.001470706009096208, 0.9997702979250295, -0.2511331996164751, 0.967944490515817, -0.00394706605806563, -0.9677163466841194, -0.2511599098262098, -0.021065897949803774]
 - [-0.017366456416825653, -0.0045142686496757005, 0.999839000824673, -0.9291366575212088, 0.3694532192349518, -0.014470329894182699, -0.3693284146147413, -0.9292383656390268, -0.010610465714212184]
 - [-0.021537218187059417, -0.0016019287126723925, 0.9997667638290257, -0.6048896324561527, 0.7962225537566585, -0.011754889888265977, -0.7960180153613508, -0.6050017179427049, -0.018117408935944164]
 - [-0.017346892474826382, -0.004427010445950797, 0.99983973060685, -0.9050126366336679, 0.42516015536263413, -0.013819183239162484, -0.42503083753398846, -0.905107310693341, -0.011381707895750817]
 - [-0.021355819223636212, -0.0014604157454504902, 0.9997708718357111, -0.2520640001466996, 0.9677024198636345, -0.003970695167134732, -0.9674748931188512, -0.2520910426332441, -0.02103419617555856]
 - [-0.017362542607046443, -0.004417636973981544, 0.9998395004188342, -0.8724747331950584, 0.4884864733471211, -0.012992509114993845, -0.4883506752840926, -0.8725602843588851, -0.012335643846682426]
 - [-0.00819820935465618, -0.00726961537760633, 0.9999399692259725, -0.9763403682212374, 0.21614369623664, -0.006433347400969327, -0.2160839530020582, -0.9763344996820634, -0.008869610227036124]
 - [-0.01309374710236504, 0.0007073645839074803, 0.9999140230150615, 0.04897039150872263, 0.9988002285188738, -6.53156017723349e-05, -0.9987144008886135, 0.048965325956137985, -0.013112677518623895]
 - [0.015602382215395671, -0.005705192903829928, 0.999861998699388, -0.9559961132009287, -0.2930801708282316, 0.01324556574903177, 0.2929641568757551, -0.9560708468734024, -0.010026891086138455]
 - [-0.012803723983726114, 0.000758846635411255, 0.9999177410186962, 0.05941009522865878, 0.9982336603095027, 3.164466980337265e-06, -0.9981515442241572, 0.059405248731707876, -0.012826191408741219]
 - [-0.008215336815781222, -0.007102231305842827, 0.9999410315371007, -0.9929029395966965, 0.11870236695755063, -0.007314411727099139, -0.11864341861747665, -0.9929044799924881, -0.008027006266653768]
 - [-0.013049223343562906, 0.0007188403325105818, 0.9999145968725062, 0.05108882023894594, 0.9986941122392823, -5.123655782345352e-05, -0.9986088574695915, 0.05108378849663116, -0.013068907227039805]
 - [0.015576824798725929, -0.005624655753701721, 0.9998628534838374, -0.9571743066906409, -0.2892072940307946, 0.013284866980003248, 0.28909290745447325, -0.9572499696145402, -0.009888707321054268]
 - [-0.012875025251409487, 0.000749802272904379, 0.9999168323022305, 0.05735938670593498, 0.9983535950029995, -1.0065079540704067e-05, -0.998270571779763, 0.05735448666964392, -0.01289683594402357]
 - [-0.00824412478709108, -0.007250375535148292, 0.9999397314143956, -0.9991098709045789, 0.041430324723418, -0.007936879383458441, -0.04137028242023855, -0.9991150885898535, -0.007585478531921294]
 - [-0.01299787795154885, 0.0007297641125207048, 0.9999152577159208, 0.05319540692073969, 0.9985841212891149, -3.730660975837397e-05, -0.9984995262148568, 0.05319041411369428, -0.013018294631792264]
 - [0.015540213894529004, -0.005511321301123211, 0.9998640543041981, -0.9595374759728825, -0.28126368370072136, 0.013363099741115275, 0.2811517987772846, -0.9596146964113339, -0.009659217136027706]
 - [-0.012939781161071643, 0.0007400969073966989, 0.9999160036323408, 0.05528672160940244, 0.9984705192734507, -2.356884439967742e-05, -0.9983866688198455, 0.055281772749918724, -0.012960907546863238]
 - [-0.008253652105590047, -0.007687026540033261, 0.9999363914019191, -0.9996358048125206, -0.025629780485486364, -0.008448200346201548, 0.02569309175135734, -0.9996419478869615, -0.00747268767029151]
 - [0.015498798799095461, -0.0053832253830603995, 0.9998653950008772, -0.9629644648691816, -0.2692913128906113, 0.01347695072563625, 0.2691825154704433, -0.9630437215859549, -0.00935754662710479]
 - [-0.008221885907079658, -0.008368884795375633, 0.9999311788115284, -0.9960055879953218, -0.08884293477611323, -0.008933175385082514, 0.08891158121540928, -0.9960104892558357, -0.007604999548103894]
 - [0.01546065750212867, -0.005266995630035645, 0.9998666045161402, -0.9674648826708581, -0.2526379942098563, 0.01362881800759952, 0.25253251051748865, -0.9675465377120909, -0.009001582809743712]
 - [-0.008129190624597965, -0.009249884538968104, 0.9999241750731928, -0.9881787931447878, -0.15301433222912417, -0.009449175169601474, 0.1530901337078897, -0.9881806787063243, -0.00789665706546002]
 - [0.015440263013132737, -0.005218737902733143, 0.9998671727048487, -0.9731179689628524, -0.2298917670480268, 0.013827289146788789, 0.2297890701484699, -0.9732022093163569, -0.008628036976232508]
 - [0.014963926329031459, 0.0018319788694657294, 0.9998863559236324, 0.9997531489008237, -0.016452444948047575, -0.014931788845225094, 0.016423220503489686, 0.9998629710658622, -0.002077719817603165]
 - [0.014978705879645064, 0.0025660459730884244, 0.9998845202213278, 0.9983435631912607, -0.05559412201378934, -0.014812948122928582, 0.05554969131100333, 0.9984501534906887, -0.0033945234823673357]
 - [0.014974559379866508, 0.002540010509201227, 0.9998846488060469, 0.998078461473789, -0.06017061445107525, -0.014794657775492761, 0.06012609511262764, 0.9981848754129634, -0.003436158220171497]
 - [0.014967772438948297, 0.001942020379291516, 0.9998860906848651, 0.9997244650702066, -0.018113085720245087, -0.014930172999000768, 0.018082027770825307, 0.9998340585729901, -0.002212597830070444]
materials:
- name: Gelcoat
  density: 1235.0
  elastic:
    E:
    - 3440000000.0
    - 3440000000.0
    - 3440000000.0
    G:
    - 1323000000.0
    - 1323000000.0
    - 1323000000.0
    nu:
    - 0.3
    - 0.3
    - 0.3
- name: Adhesive
  density: 1100.0
  elastic:
    E:
    - 3900000000.0
    - 3900000000.0
    - 3900000000.0
    G:
    - 1500000000.0
    - 1500000000.0
    - 1500000000.0
    nu:
    - 0.3
    - 0.3
    - 0.3
- name: glass_uni
  density: 1940.0
  elastic:
    E:
    - 43700000000.0
    - 16500000000.0
    - 15450000000.0
    G:
    - 3265000000.0
    - 3495000000.0
    - 3480000000.0
    nu:
    - 0.262
    - 0.264
    - 0.35
- name: carbon_uni_industry_baseline
  density: 1600.0
  elastic:
    E:
    - 157599000000.0
    - 9100000000.0
    - 9100000000.0
    G:
    - 4131000000.0
    - 4131000000.0
    - 2689000000.0
    nu:
    - 0.3133
    - 0.3133
    - 0.47066
- name: glass_biax
  density: 1940.0
  elastic:
    E:
    - 11023100000.0
    - 11023100000.0
    - 16047700000.0
    G:
    - 13231400000.0
    - 3487480000.0
    - 3487480000.0
    nu:
    - 0.688074
    - 0.117173
    - 0.117173
- name: glass_triax
  density: 1940.0
  elastic:
    E:
    - 28211400000.0
    - 16238800000.0
    - 15835500000.0
    G:
    - 8248220000.0
    - 3491240000.0
    - 3491240000.0
    nu:
    - 0.497511
    - 0.18091
    - 0.27481
- name: medium_density_foam
  density: 130.0
  elastic:
    E:
    - 142500000.0
    - 142500000.0
    - 142500000.0
    G:
    - 54000000.0
    - 54000000.0
    - 54000000.0
    nu:
    - 0.3194
    - 0.3194
    - 0.3194
- name: resin
  density: 1150.0
  elastic:
    E:
    - 1000000.0
    - 1000000.0
    - 1000000.0
    G:
    - 312500.0
    - 312500.0
    - 312500.0
    nu:
    - 0.3
    - 0.3
    - 0.3
- name: steel
  density: 7800
  elastic:
    E:
    - 200000000000.0
    - 200000000000.0
    - 200000000000.0
    G:
    - 79300000000.0
    - 79300000000.0
    - 79300000000.0
    nu:
    - 0.3
    - 0.3
    - 0.3
