nodes:
 - [-2.156851388 0.683032475 3.448275862]
 - [-2.176907517 0.613943911 3.448275862]
 - [-2.109575959 0.814431368 3.448275862]
 - [-2.215410465 0.438395441 3.448275862]
 - [-2.044674225 0.956012208 3.448275862]
 - [-2.234132458 0.273497193 3.448275862]
 - [-1.983389028 1.065284308 3.448275862]
 - [-2.237204529 0.111962192 3.448275862]
 - [-1.895175286 1.197058100 3.448275862]
 - [-2.153817085 -0.390355054 3.448275862]
 - [-1.659286723 1.455514127 3.448275862]
 - [-1.952112630 -0.860151229 3.448275862]
 - [-1.399071206 1.668822124 3.448275862]
 - [-1.647570946 -1.278965022 3.448275862]
 - [-1.113923366 1.836226029 3.448275862]
 - [-1.255671810 -1.628335120 3.448275862]
 - [-0.803237834 1.956969775 3.448275862]
 - [-0.791895004 -1.889800212 3.448275862]
 - [-0.466409240 2.030297299 3.448275862]
 - [-0.271720305 -2.044898985 3.448275862]
 - [-0.102832217 2.055452535 3.448275862]
 - [0.289372505 -2.075170128 3.448275862]
 - [0.288098606 2.031679420 3.448275862]
 - [0.424611834 -2.062289475 3.448275862]
 - [0.414336919 2.009510454 3.448275862]
 - [0.559651293 -2.041147474 3.448275862]
 - [0.546198757 1.977833541 3.448275862]
 - [0.693857669 -2.011676449 3.448275862]
 - [0.680808344 1.937381266 3.448275862]
 - [0.826597748 -1.973808721 3.448275862]
 - [0.815289905 1.888886217 3.448275862]
 - [0.957238315 -1.927476614 3.448275862]
 - [0.946767664 1.833080981 3.448275862]
 - [1.085146155 -1.872612450 3.448275862]
 - [1.072365845 1.770698145 3.448275862]
 - [1.209688056 -1.809148551 3.448275862]
 - [1.189208672 1.702470296 3.448275862]
 - [1.422531647 -1.669857659 3.448275862]
 - [1.569867994 1.404435911 3.448275862]
 - [1.603984419 -1.526055236 3.448275862]
 - [1.866977695 1.065522030 3.448275862]
 - [1.759409201 -1.369613043 3.448275862]
 - [2.077736887 0.689957378 3.448275862]
 - [1.894168824 -1.192402838 3.448275862]
 - [2.199344683 0.281970681 3.448275862]
 - [2.013626119 -0.986296380 3.448275862]
 - [2.229000195 -0.154209335 3.448275862]
 - [2.123143916 -0.743165430 3.448275862]
 - [2.163902535 -0.614353944 3.448275862]
 - [2.132924583 -0.715905141 3.448275862]
 - [2.155934221 -0.643252873 3.448275862]
 - [2.145011542 -0.679283029 3.448275862]
elements:
 - [1 2]
 - [1 3]
 - [2 4]
 - [3 5]
 - [4 6]
 - [5 7]
 - [6 8]
 - [7 9]
 - [8 10]
 - [9 11]
 - [10 12]
 - [11 13]
 - [12 14]
 - [13 15]
 - [14 16]
 - [15 17]
 - [16 18]
 - [17 19]
 - [18 20]
 - [19 21]
 - [20 22]
 - [21 23]
 - [22 24]
 - [23 25]
 - [24 26]
 - [25 27]
 - [26 28]
 - [27 29]
 - [28 30]
 - [29 31]
 - [30 32]
 - [31 33]
 - [32 34]
 - [33 35]
 - [34 36]
 - [35 37]
 - [36 38]
 - [37 39]
 - [38 40]
 - [39 41]
 - [40 42]
 - [41 43]
 - [42 44]
 - [43 45]
 - [44 46]
 - [45 47]
 - [46 48]
 - [47 49]
 - [48 50]
 - [49 51]
 - [50 52]
 - [51 52]
sets:
  element:
  - name: layup_0
    labels:
    - 1
    - 2
    - 3
    - 4
    - 5
    - 6
    - 7
    - 8
    - 9
    - 10
    - 11
    - 12
    - 13
    - 14
    - 15
    - 16
    - 17
    - 18
    - 19
    - 20
    - 21
    - 22
    - 37
    - 38
    - 39
    - 40
    - 41
    - 42
    - 43
    - 44
    - 45
    - 46
    - 47
    - 48
    - 49
    - 50
    - 51
    - 52
  - name: layup_1
    labels:
    - 23
    - 24
    - 25
    - 26
    - 27
    - 28
    - 29
    - 30
    - 31
    - 32
    - 33
    - 34
    - 35
    - 36
sections:
- type: shell
  elementSet: layup_0
  layup:
  - - glass_triax
    - 0.0219999978
    - 0
  - - glass_triax
    - 0.0219999978
    - 0
  - - glass_triax
    - 0.0219999978
    - 0
- type: shell
  elementSet: layup_1
  layup:
  - - glass_triax
    - 0.033
    - 0
  - - carbon_uni_industry_baseline
    - 0.01
    - 0
  - - glass_triax
    - 0.033
    - 0
elementOrientations:
 - [-0.011696101531342436, -0.026138959856414793, 0.9995898938997898, -0.27750391231523, -0.9603058681916492, -0.02835874056482467, 0.9606533088782389, -0.27772179297690447, 0.003978171311507627]
 - [-0.0022678474469416204, -0.13599257682326907, 0.9907072604543306, -0.898743269551176, 0.4346742100993668, 0.05760960432908356, -0.4384693744201748, -0.8902608326347163, -0.12320818792645948]
 - [-0.005100971098075458, -0.02064812830912873, 0.999773791860532, -0.21173805431471932, -0.9770951877690003, -0.02126006570261619, 0.9773131414489801, -0.21179860442409046, 0.0006121397994626984]
 - [0.013731253067095153, -0.09191972026859105, 0.9956717419485956, -0.9207951650241372, 0.3870283111861648, 0.04842881795539705, -0.38980471618155055, -0.9174747142925134, -0.0793248503086621]
 - [0.0003816389365981547, -0.02209481507287394, 0.9997558069341821, -0.112454480173121, -0.993415252884175, -0.021911759994669728, 0.9936568040529464, -0.11241865718805918, -0.002863786884252374]
 - [0.01460781732365532, -0.09363686688488966, 0.9954992460233308, -0.8963587482263339, 0.43996229430948347, 0.05453598870521499, -0.44308871137861155, -0.8931211097863028, -0.07750533596420629]
 - [0.0032398823698968097, -0.023080500449072203, 0.9997283599364628, -0.018041479379115155, -0.9995722370083314, -0.023018427921406754, 0.9998319899783376, -0.017962001591704985, -0.003654902841033197]
 - [0.016774051478201362, -0.09263577961211754, 0.9955587594575531, -0.8651930572831369, 0.49772814014345146, 0.06089065723409199, -0.501158263252304, -0.8623719098190733, -0.07179891593149913]
 - [0.012171313938216983, 0.04203084231139893, 0.9990421749914326, 0.16768187982817406, -0.9850535365246847, 0.03939945884782426, 0.9857660200546108, 0.16704172674755843, -0.019037206488529766]
 - [0.006174772740107575, 0.02367457794995114, 0.999700648464579, 0.23638499011400452, 0.9713514730721895, -0.024463282880465672, -0.971639855414757, 0.23646528311652718, 0.0004015597223370629]
 - [0.029957711686030543, 0.05318752431975976, 0.9981350724061705, 0.39796711968013593, -0.9166572211617389, 0.036901362380479114, 0.9169104139249552, 0.3961194594421916, -0.04862783860293328]
 - [0.006685304637016639, 0.02354170921066255, 0.9997005024652891, 0.26761400756413106, 0.963215374144582, -0.024472146758673687, -0.9635030096773829, 0.26769746158481483, 0.00013929706043967096]
 - [0.0399411746703657, 0.06353682475678928, 0.9971799107812875, 0.5904965086097691, -0.8065633200384764, 0.02773957620770996, 0.8060512241077636, 0.5877233045135571, -0.06973335963540166]
 - [0.0062057900329557355, 0.023666923015194446, 0.9997006376536226, 0.2377735788076081, 0.9710124865174196, -0.024463774203511576, -0.9713007842018294, 0.2378542153972703, 0.0003985306260184369]
 - [0.04380170996063685, 0.07137374807057562, 0.9964874300716906, 0.7475216335904421, -0.6640746406086034, 0.014706427670615236, 0.6627916848594293, 0.7442517449001461, -0.0824410255533415]
 - [0.006713517706037455, 0.02353391557013855, 0.9997004968979203, 0.2687923975759232, 0.962887194701213, -0.02447237801717154, -0.9631747378775035, 0.2688761891621607, 0.00013862264009643904]
 - [0.043282244727608644, 0.07601427591969308, 0.9961668922162312, 0.8710144296383591, -0.49125730020830105, -0.00035826500767817534, 0.4893470247718933, 0.8676912439620766, -0.08747224987640433]
 - [0.0062365136262847705, 0.023659296512215988, 0.9997006269810663, 0.2391651664427343, 0.9706706562307875, -0.024464265631982497, -0.9709588709405813, 0.23924613857080332, 0.0003951211859559485]
 - [0.03966498660730313, 0.07676569943410137, 0.9962598638045375, 0.9575707174526275, -0.2877565974726105, -0.015951855323020403, 0.28545579327577675, 0.9546220026803169, -0.08492244746777942]
 - [0.006741313785291629, 0.023526201212383187, 0.9997004914197869, 0.26995001674815094, 0.9625632862614458, -0.024472605076684226, -0.9628507377294371, 0.2700341419118716, 0.00013804273958668758]
 - [0.033980725468003736, 0.0720732950893486, 0.9968203200334709, 0.9978966148821078, -0.05754043889311132, -0.02985705777230338, 0.05520558217697466, 0.9957381874905431, -0.07387696305039546]
 - [0.0062669154221737956, 0.023651706229168408, 0.9997006164665199, 0.24056062148579127, 0.970325751000227, -0.024464757023415006, -0.9706138846943523, 0.24064192016000432, 0.00039128026378758057]
 - [-0.0040369822002405365, -0.1405322049172971, 0.990067877549715, -0.9082404359195496, 0.41479535958868885, 0.055173546418157256, -0.41842922141669464, -0.898996946070882, -0.1293115525382233]
 - [0.004083261379566625, -0.09352138906766115, 0.9956088974910585, -0.7620234703500811, -0.6449948803147822, -0.05746159589968736, 0.6475365299441608, -0.7584427164622092, -0.07389917613410683]
 - [-0.005967741895074335, -0.14591196453717103, 0.9892795786134356, -0.9204290232349942, 0.3874892185530917, 0.05159959972508396, -0.3908641698126708, -0.9102537031564426, -0.13661404264069632]
 - [0.0160955484152074, -0.11864880308496491, 0.9928058193059301, -0.8573743750017797, -0.5125106877023028, -0.047349509830829806, 0.5144415558754182, -0.850444152497633, -0.10997558397690467]
 - [-0.0074475130197350515, -0.15080171112711857, 0.9885359773275599, -0.9366243772880319, 0.34731190511454785, 0.04592620641321975, -0.35025606407259713, -0.9255448581710323, -0.14383116871365667]
 - [0.02451285356278893, -0.1451476389658642, 0.9891063051628196, -0.9184218020861618, -0.39404560125774724, -0.03506362192113062, 0.3948423906611558, -0.9075572858128877, -0.14296593826827284]
 - [-0.008725018213222451, -0.15614407727651403, 0.9876957533515291, -0.9544033554580661, 0.29604382410118907, 0.03837042222765338, -0.2983925420441386, -0.9423253585375968, -0.15160741904480343]
 - [0.027672055176371082, -0.16503607038755597, 0.9858992609964518, -0.9583297843245787, -0.2849063541144033, -0.02079408237082639, 0.28432073761638, -0.9442412111617835, -0.16604292609143495]
 - [-0.009819485486111135, -0.16220838508071755, 0.986707665681327, -0.9706541577195911, 0.23865438005502873, 0.029573518259084018, -0.24027917888668276, -0.9574615014140544, -0.1597917066167262]
 - [0.026420982498849537, -0.17561458851596043, 0.9841043887637968, -0.9839115615504538, -0.1785730333279783, -0.005450762826632548, 0.1766917392838243, -0.9681276713679938, -0.17750729900610399]
 - [-0.010523314759367127, -0.16815297549673755, 0.9857047411258957, -0.9831092658558379, 0.18186459986327788, 0.020528972330973158, -0.18271680610954028, -0.9688394315613725, -0.1672265667200199]
 - [0.022391436378931765, -0.17779047777835888, 0.9838135847752011, -0.9976143267428312, -0.06825015407128283, 0.010371670390711792, 0.06530144450420423, -0.98169876361366, -0.17889454677288322]
 - [-0.010575088800014806, -0.17215280169001135, 0.9850134924797485, -0.9912382057857271, 0.13150852485855988, 0.01234209383443557, -0.131662397394109, -0.9762524882220813, -0.17203514859653113]
 - [0.017325935632931323, -0.1760232519589209, 0.9842335224550369, -0.9982525244914666, 0.052575828808905364, 0.026975536537206576, -0.05649521484919785, -0.9829809748895767, -0.17480473021139917]
 - [-0.0015683804027057015, 0.06321721540948542, 0.9979985590464465, 0.9957462689117377, 0.09203898829475772, -0.004265276313564497, -0.09212441658575654, 0.993746651974007, -0.06309265852051109]
 - [0.009361328739316421, 0.038060091125505596, 0.9992316022763456, 0.7286162076628827, 0.6841323335518017, -0.032884222963682104, -0.6848582243466113, 0.7283641806489969, -0.021326811583595538]
 - [4.8087961202474015e-05, 0.057981097671925955, 0.9983176798996934, 0.9882753909735241, 0.15242224152664005, -0.008900105848952858, -0.15268185643250462, 0.9866132234065959, -0.05729396229595984]
 - [0.003370743534396599, 0.044125898997221545, 0.9990202916486295, 0.8180479579493863, 0.5744615197881845, -0.028133623611054117, -0.575140136473594, 0.817341340763048, -0.03416073911377231]
 - [0.0016747096963260295, 0.05440009880368804, 0.9985178138609155, 0.9770789034337377, 0.21246694607762123, -0.013214132176348332, -0.21287088061112971, 0.9756528204615607, -0.05279736843104954]
 - [-0.004307304446346919, 0.054030508366588306, 0.9985299951899567, 0.8760141487332197, 0.4817700453723999, -0.022289786923355825, -0.4822661696072193, 0.8746303948225927, -0.04940662005092924]
 - [0.00336841430333534, 0.05161629340337738, 0.9986613099746973, 0.9620479936641694, 0.27233005811606836, -0.017320431092969355, -0.2728595090368459, 0.9608184519990213, -0.048740031046114005]
 - [0.013525341491310142, 0.037014796060916275, 0.9992231832829499, 0.4051470115610202, 0.9134056332430669, -0.03931981921380744, -0.9141514995670678, 0.4053641005718198, -0.00264231089792197]
 - [0.005231000600219559, 0.04901996518000493, 0.9987841006175816, 0.9429961833345218, 0.33212510612180335, -0.021239399711516012, -0.332762430044687, 0.9419606981702219, -0.04448829344246465]
 - [0.014180450467535369, 0.03581007554870988, 0.9992580013758876, 0.49945064083787133, 0.8655039610965173, -0.03810447077284015, -0.8662262823253387, 0.4996203877099435, -0.005612129131470909]
 - [0.007364643864177977, 0.04627558973891507, 0.9989015626252014, 0.9196722822889115, 0.39189425830696356, -0.02493558692990933, -0.39261769599733787, 0.9188457215987623, -0.039672215584606395]
 - [0.01320902573175209, 0.03552485289798185, 0.9992814951082574, 0.6139915495002478, 0.7884844778091925, -0.0361469970571481, -0.7892020646079827, 0.6140278601826968, -0.01139684772013154]
 - [-0.006283489563426227, 0.12564402743507944, 0.9920554904483919, 0.9945301902552308, -0.1026509306888605, 0.019299924860084937, 0.1042603396781368, 0.9867504065358189, -0.12431177245778358]
 - [0.003397675618908483, 0.04415263527852332, 0.9990190191374488, 0.8476483332190042, 0.529906102148249, -0.02630258726994959, -0.5305476029457041, 0.8469061740854242, -0.035625458657486966]
 - [-0.007277321258688904, 0.11695975016860789, 0.9931099926170286, 0.9998148560938084, -0.016839917626200403, 0.009309710439083402, 0.01781275187652454, 0.9929938741074084, -0.1168155462930588]
 - [0.014059229295107691, 0.036643571718170696, 0.9992294965238778, 0.40788133510851704, 0.9121934575086889, -0.0391907201826835, -0.9129266972444839, 0.4081180524432594, -0.002121491974940418]
materials:
- name: Gelcoat
  density: 1235.0
  elastic:
    E:
    - 3440000000.0
    - 3440000000.0
    - 3440000000.0
    G:
    - 1323000000.0
    - 1323000000.0
    - 1323000000.0
    nu:
    - 0.3
    - 0.3
    - 0.3
- name: Adhesive
  density: 1100.0
  elastic:
    E:
    - 3900000000.0
    - 3900000000.0
    - 3900000000.0
    G:
    - 1500000000.0
    - 1500000000.0
    - 1500000000.0
    nu:
    - 0.3
    - 0.3
    - 0.3
- name: glass_uni
  density: 1940.0
  elastic:
    E:
    - 43700000000.0
    - 16500000000.0
    - 15450000000.0
    G:
    - 3265000000.0
    - 3495000000.0
    - 3480000000.0
    nu:
    - 0.262
    - 0.264
    - 0.35
- name: carbon_uni_industry_baseline
  density: 1600.0
  elastic:
    E:
    - 157599000000.0
    - 9100000000.0
    - 9100000000.0
    G:
    - 4131000000.0
    - 4131000000.0
    - 2689000000.0
    nu:
    - 0.3133
    - 0.3133
    - 0.47066
- name: glass_biax
  density: 1940.0
  elastic:
    E:
    - 11023100000.0
    - 11023100000.0
    - 16047700000.0
    G:
    - 13231400000.0
    - 3487480000.0
    - 3487480000.0
    nu:
    - 0.688074
    - 0.117173
    - 0.117173
- name: glass_triax
  density: 1940.0
  elastic:
    E:
    - 28211400000.0
    - 16238800000.0
    - 15835500000.0
    G:
    - 8248220000.0
    - 3491240000.0
    - 3491240000.0
    nu:
    - 0.497511
    - 0.18091
    - 0.27481
- name: medium_density_foam
  density: 130.0
  elastic:
    E:
    - 142500000.0
    - 142500000.0
    - 142500000.0
    G:
    - 54000000.0
    - 54000000.0
    - 54000000.0
    nu:
    - 0.3194
    - 0.3194
    - 0.3194
- name: resin
  density: 1150.0
  elastic:
    E:
    - 1000000.0
    - 1000000.0
    - 1000000.0
    G:
    - 312500.0
    - 312500.0
    - 312500.0
    nu:
    - 0.3
    - 0.3
    - 0.3
- name: steel
  density: 7800
  elastic:
    E:
    - 200000000000.0
    - 200000000000.0
    - 200000000000.0
    G:
    - 79300000000.0
    - 79300000000.0
    - 79300000000.0
    nu:
    - 0.3
    - 0.3
    - 0.3
