nodes:
 - [-2.468012605 0.260136755 27.586206897]
 - [-2.470561531 0.235954164 27.586206897]
 - [-2.465463680 0.284319345 27.586206897]
 - [-2.406498365 0.239426858 27.586206897]
 - [-2.401063189 0.290992363 27.586206897]
 - [-2.195490556 0.243363509 27.586206897]
 - [-2.211498373 0.308870761 27.586206897]
 - [-1.900017763 0.219471816 27.586206897]
 - [-1.896549652 0.342361382 27.586206897]
 - [-1.680623930 0.191016127 27.586206897]
 - [-1.679104412 0.365431217 27.586206897]
 - [-1.420415920 0.112610183 27.586206897]
 - [-1.425686848 0.396321596 27.586206897]
 - [-1.130870552 -0.001462103 27.586206897]
 - [-1.144429786 0.431662485 27.586206897]
 - [-0.823464647 -0.136916814 27.586206897]
 - [-0.843466052 0.468083848 27.586206897]
 - [-0.509675027 -0.279470036 27.586206897]
 - [-0.530928473 0.502215651 27.586206897]
 - [-0.200978510 -0.414837855 27.586206897]
 - [-0.214949874 0.530687859 27.586206897]
 - [0.091148081 -0.528736355 27.586206897]
 - [0.096336918 0.550130437 27.586206897]
 - [0.254618849 -0.577187478 27.586206897]
 - [0.092007136 -0.348903415 27.584482759]
 - [0.270509959 0.554799539 27.586206897]
 - [0.394537800 -0.614527132 27.586206897]
 - [0.092868406 -0.169097180 27.583448276]
 - [0.419285483 0.556939832 27.586206897]
 - [0.095466145 0.370296160 27.584482759]
 - [0.519409631 -0.642465876 27.586206897]
 - [0.093731954 0.010695837 27.583103448]
 - [0.550594375 0.556079204 27.586206897]
 - [0.094597845 0.190489122 27.583448276]
 - [0.637739039 -0.662714269 27.586206897]
 - [0.672367520 0.551745542 27.586206897]
 - [0.758030721 -0.676982870 27.586206897]
 - [0.792535801 0.543466735 27.586206897]
 - [0.888789375 -0.686982236 27.586206897]
 - [0.919030102 0.530770670 27.586206897]
 - [1.038519697 -0.694422928 27.586206897]
 - [1.059781308 0.513185236 27.586206897]
 - [1.340597105 -0.680026591 27.586206897]
 - [1.041998170 -0.493124079 27.584482759]
 - [1.394505295 0.441581305 27.586206897]
 - [1.056171691 0.311897714 27.584482759]
 - [1.610326998 -0.631777411 27.586206897]
 - [1.045502340 -0.291857685 27.583448276]
 - [1.679150840 0.337603796 27.586206897]
 - [1.052588835 0.110638116 27.583448276]
 - [1.840650192 -0.558896168 27.586206897]
 - [1.049032473 -0.090608651 27.583103448]
 - [1.909693201 0.212088172 27.586206897]
 - [2.024507503 -0.470603641 27.586206897]
 - [2.082107636 0.075869900 27.586206897]
 - [2.154839747 -0.376120608 27.586206897]
 - [2.192369402 -0.060215556 27.586206897]
 - [2.224587741 -0.284667849 27.586206897]
 - [2.236453756 -0.185332730 27.586206897]
 - [2.233168490 -0.254394418 27.586206897]
 - [2.237509760 -0.226482557 27.586206897]
 - [2.237604600 -0.235850983 27.586206897]
elements:
 - [1 2]
 - [1 3]
 - [2 4]
 - [3 5]
 - [4 6]
 - [5 7]
 - [6 8]
 - [7 9]
 - [8 10]
 - [9 11]
 - [10 12]
 - [11 13]
 - [12 14]
 - [13 15]
 - [14 16]
 - [15 17]
 - [16 18]
 - [17 19]
 - [18 20]
 - [19 21]
 - [20 22]
 - [21 23]
 - [22 24]
 - [22 25]
 - [23 26]
 - [23 30]
 - [24 27]
 - [25 28]
 - [26 29]
 - [27 31]
 - [28 32]
 - [29 33]
 - [30 34]
 - [31 35]
 - [32 34]
 - [33 36]
 - [35 37]
 - [36 38]
 - [37 39]
 - [38 40]
 - [39 41]
 - [40 42]
 - [41 43]
 - [41 44]
 - [42 45]
 - [42 46]
 - [43 47]
 - [44 48]
 - [45 49]
 - [46 50]
 - [47 51]
 - [48 52]
 - [49 53]
 - [50 52]
 - [51 54]
 - [53 55]
 - [54 56]
 - [55 57]
 - [56 58]
 - [57 59]
 - [58 60]
 - [59 61]
 - [60 62]
 - [61 62]
sets:
  element:
  - name: layup_0
    labels:
    - 1
    - 2
    - 3
    - 4
    - 5
    - 6
    - 7
    - 8
  - name: layup_1
    labels:
    - 9
    - 11
    - 13
    - 15
    - 17
    - 19
    - 21
  - name: layup_2
    labels:
    - 23
    - 25
    - 27
    - 29
    - 30
    - 32
    - 34
    - 36
    - 37
    - 38
    - 39
    - 40
    - 41
    - 42
  - name: layup_3
    labels:
    - 43
    - 47
    - 51
    - 55
    - 57
    - 59
  - name: layup_4
    labels:
    - 61
    - 62
    - 63
    - 64
  - name: layup_5
    labels:
    - 45
    - 49
    - 53
    - 56
    - 58
    - 60
  - name: layup_6
    labels:
    - 10
    - 12
    - 14
    - 16
    - 18
    - 20
    - 22
  - name: layup_7
    labels:
    - 44
    - 46
    - 48
    - 50
    - 52
    - 54
  - name: layup_8
    labels:
    - 24
    - 26
    - 28
    - 31
    - 33
    - 35
sections:
- type: shell
  elementSet: layup_0
  layup:
  - - glass_triax
    - 0.005
    - 0
  - - glass_uni
    - 0.01
    - 0
  - - glass_triax
    - 0.005
    - 0
- type: shell
  elementSet: layup_1
  layup:
  - - glass_triax
    - 0.005
    - 0
  - - medium_density_foam
    - 0.043000000000000003
    - 0
  - - glass_triax
    - 0.005
    - 0
- type: shell
  elementSet: layup_2
  layup:
  - - glass_triax
    - 0.005
    - 0
  - - carbon_uni_industry_baseline
    - 0.035
    - 0
  - - glass_triax
    - 0.005
    - 0
- type: shell
  elementSet: layup_3
  layup:
  - - glass_triax
    - 0.005
    - 0
  - - medium_density_foam
    - 0.053
    - 0
  - - glass_triax
    - 0.005
    - 0
- type: shell
  elementSet: layup_4
  layup:
  - - glass_triax
    - 0.005
    - 0
  - - glass_uni
    - 0.005
    - 0
  - - glass_triax
    - 0.005
    - 0
- type: shell
  elementSet: layup_5
  layup:
  - - glass_triax
    - 0.005
    - 0
  - - medium_density_foam
    - 0.034
    - 0
  - - glass_triax
    - 0.005
    - 0
- type: shell
  elementSet: layup_6
  layup:
  - - glass_triax
    - 0.005
    - 0
  - - medium_density_foam
    - 0.073
    - 0
  - - glass_triax
    - 0.005
    - 0
- type: shell
  elementSet: layup_7
  layup:
  - - glass_biax
    - 0.003
    - 0
  - - medium_density_foam
    - 0.054
    - 0
  - - glass_biax
    - 0.003
    - 0
- type: shell
  elementSet: layup_8
  layup:
  - - glass_biax
    - 0.003
    - 0
  - - medium_density_foam
    - 0.032
    - 0
  - - glass_biax
    - 0.003
    - 0
elementOrientations:
 - [-0.005960031206878743, -0.005613464259301753, 0.9999664829618155, -0.1045750945310491, -0.9944976291957976, -0.0062060557329253075, 0.9944991340528332, -0.10460857776945245, 0.005340208349610733]
 - [0.00016385875002768277, -0.005870440827722058, 0.999982755388711, 0.9908167101400882, -0.1352084789227363, -0.0009561038501915681, 0.13521176005615204, 0.9907997805570447, 0.005794375775646202]
 - [0.004633363518516819, -0.005160929324253018, 0.9999759480862603, 0.9985385849241092, 0.05386820342648374, -0.00434868685475132, -0.053844464527590924, 0.998534717207225, 0.005402978032897261]
 - [0.001007186092149096, 2.0740001767792257e-05, 0.999999492572885, 0.930514290094135, -0.366254408525545, -0.0009296054061554488, 0.36625420339810955, 0.93051475421159, -0.00038818521447671935]
 - [0.00463453689095296, -0.005744940012554097, 0.9999727579949657, 0.9998172072449957, 0.018575723210782456, -0.0045270966428402745, -0.018549209272193088, 0.999810951216003, 0.00582997975363837]
 - [0.0005456649128384698, -0.0020225918498380136, 0.9999978056835983, 0.95759074569222, -0.2881297313497988, -0.0011052949424739907, 0.2881313346625457, 0.9575892475558097, 0.0017795929529742449]
 - [0.004575279118136677, -0.006530030596886584, 0.9999682122554671, 0.9967469248180216, -0.08043446114244086, -0.005085796549492517, 0.08046511471941614, 0.9967385094201635, 0.006140777805970706]
 - [0.0005381557016310807, -0.004497430499337049, 0.9999897417010558, 0.9917672854463163, -0.12804850740592233, -0.001109625864829933, 0.1280521843112613, 0.9917577087525052, 0.004391494403465128]
 - [0.00021237994979293702, -0.0055123102453597745, 0.9999847845495029, 0.9897910910768515, -0.14252229404424435, -0.0009958540362484424, 0.14252561495974148, 0.989776242458933, 0.005425766694455271]
 - [0.002143707641592577, -0.006973899125413772, 0.9999733842700693, -0.994000593688515, -0.10936611835746482, 0.0013681748062457427, 0.10935366598531039, -0.9939770706039498, -0.007166508854639321]
 - [0.0003099008454151926, -0.0029330686620153636, 0.9999956505253861, 0.9620183707044443, -0.27298250317635686, -0.0010988115109840935, 0.2729845387354976, 0.9620145269525789, 0.0027370684268783825]
 - [0.002129352860841736, -0.006844999392201188, 0.9999743055897561, -0.9926104781326429, -0.12133751425945416, 0.0012830957183438305, 0.12132561377417259, -0.992587705755344, -0.007052788502626265]
 - [0.0013453812204366397, 0.0007997603755981953, 0.9999987751656065, 0.937522796214833, -0.34792246283709827, -0.0009830721683016328, 0.34792125046753286, 0.9375229705115015, -0.0012178819313017632]
 - [0.0021309635276831086, -0.006859855164249252, 0.9999742003579737, -0.992333236054002, -0.12358456061078132, 0.0012668864322279271, 0.12357268151592299, -0.9923103339005219, -0.007070616465247538]
 - [0.0024206565782833255, 0.003783782091540093, 0.9999899116565195, 0.9224705446055054, -0.38606670154588574, -0.0007721999108405708, 0.38605988493620047, 0.9224631076365948, -0.004424962427404735]
 - [0.0021476345417091175, -0.007006930960950411, 0.9999731449315942, -0.9929425968659639, -0.11858880742603295, 0.001301569186317573, 0.11857650271006795, -0.9929187266195455, -0.007212165643514864]
 - [0.0034429817599026273, 0.006368106830706375, 0.9999737962026775, 0.9175114168436957, -0.39770894843046345, -0.0006263384140070318, 0.39769453835585283, 0.9174895310322225, -0.007212115376049563]
 - [0.0021790675677979933, -0.007306461707432286, 0.9999709332184873, -0.9942192870956047, -0.10735967114901049, 0.0013820918505783658, 0.10734645234772354, -0.9941934000123387, -0.00749816912744493]
 - [0.004470746806281749, 0.009019639312270676, 0.9999493279810086, 0.9218614979257505, -0.387519014458095, -0.000626159339384963, 0.38749373035584156, 0.921817584742287, -0.010047357603421804]
 - [0.0022119380762437297, -0.007677130846501139, 0.9999680839866404, -0.995936209611976, -0.09004877124905905, 0.0015116812709445545, 0.09003429187635761, -0.9959077670439668, -0.00784511490180428]
 - [0.005124678678223191, 0.010998583793887103, 0.9999263817016598, 0.9343057495185598, -0.35647161743660527, -0.0008673976553194962, 0.35643583445692845, 0.9342414126534209, -0.012102842572459473]
 - [0.0022146642569251997, -0.00781484754715942, 0.9999670111658905, -0.997807061026833, -0.06616799447162164, 0.0016927706865980667, 0.06615258292178057, -0.997777893453958, -0.007944249955712622]
 - [-0.00742883467631346, 0.015389824620999295, 0.9998539721946836, 0.9603373586563289, -0.27860663986776807, 0.011423562954583426, 0.27874176218201957, 0.9602819864600851, -0.012709700859413751]
 - [-0.0074229937177370895, 3.2442896365434885e-05, 0.9999724486763246, -0.004678657733495865, -0.9999890550183944, -2.287168699155008e-06, 0.9999615039220654, -0.004678545807921167, 0.007423064262415367]
 - [-0.0039666997558513205, 0.013207953965415055, 0.999904903100837, 0.9590244226152275, 0.28332340704203496, 6.204532582563087e-05, -0.2832956443727577, 0.9589334684815943, -0.013790609315151288]
 - [-0.007915905178218722, 3.5437965013849584e-05, 0.9999686681038364, -0.00489106770923923, -0.9999880386514164, -3.279789840607374e-06, 0.999956707013795, -0.004890940425319018, 0.007915983822803889]
 - [-0.007334466754517525, 0.015741157051261525, 0.9998491994156491, 0.9691988820155246, -0.24603434533911608, 0.010983078503302032, 0.24617012957969542, 0.969133281281909, -0.01345178108935423]
 - [-0.007522245919519294, 3.303072230621831e-05, 0.9999717069624007, -0.004719610158743652, -0.9999888625748986, -2.4717837635607937e-06, 0.9999605697707663, -0.004719495220001306, 0.007522318033201319]
 - [-0.0043799364853342486, 0.015164972320391224, 0.9998754121243836, 0.9862816008849713, 0.1650615113931133, 0.0018169238837782919, -0.1650133931296571, 0.9861666801667672, -0.01567989211360685]
 - [-0.007103405565970021, 0.016864458794136738, 0.9998325518100246, 0.9780097702474663, -0.20829652152446929, 0.010461759952528349, 0.2084380745685956, 0.9779203184055366, -0.01501399080023242]
 - [-0.007621172525037042, 3.362414173020092e-05, 0.9999709578776579, -0.004761340607969845, -0.9999886647500168, -2.6633149800058955e-06, 0.9999596228673227, -0.004761222626116348, 0.0076212462331327335]
 - [-0.00440014189957686, 0.016262377060099104, 0.9998580768507194, 0.998786233096152, 0.04912358047008879, 0.003596445383675286, -0.04905812194593906, 0.9986603070785152, -0.016458789049729337]
 - [-0.007818011298501537, 3.4827767789306326e-05, 0.9999694382761715, -0.004847083107091113, -0.9999882528189737, -3.0672855763751962e-06, 0.9999576913473335, -0.0048469589519491135, 0.007818088271992459]
 - [-0.006984514859489526, 0.017610522366641394, 0.9998205269217831, 0.9860273817534706, -0.16629379095905214, 0.009817205348902134, 0.16643683181487506, 0.9859189848006992, -0.01620297580649599]
 - [-0.007719764069463173, 3.422315760585417e-05, 0.999970201591771, -0.0048038360859958985, -0.9999884615087659, -2.861803767222767e-06, 0.9999586633464258, -0.004803715031777039, 0.007719839397472612]
 - [-0.0005450518748789759, 0.007602976288942242, 0.9999709484130043, 0.6406855648659671, 0.7677837485264558, -0.005488394213305705, -0.76780317132116, 0.6406639604739862, -0.005289599129979467]
 - [-0.007028924513462452, 0.017481062860178167, 0.9998224875754009, 0.9925410689224694, -0.12157037708367557, 0.009103291601066602, 0.12170793204399276, 0.9924288669002989, -0.016496163813547807]
 - [-0.0021819055389919284, 0.009194814186871259, 0.9999553463431692, 0.8271828311327742, 0.5619228240794018, -0.00336209128343483, -0.5619286459750806, 0.8271385586289024, -0.008831854953180797]
 - [-0.007130038187621973, 0.016843718531319257, 0.9998327118580793, 0.9970588882550596, -0.07617821793918916, 0.008393596558924058, 0.07630685360455919, 0.9969519387902545, -0.01625102566994691]
 - [-0.0032994504789941913, 0.011283007750820142, 0.9999309012940001, 0.911630686452793, 0.4110070994864574, -0.0016296285892921174, -0.41099708653973027, 0.9115623170731795, -0.011642033672402952]
 - [-0.007124203240674796, 0.016974093807686632, 0.9998305485769046, 0.9994466478183548, -0.032365951076751165, 0.007670943589328558, 0.03249067393636006, 0.9993319395227523, -0.016734119542298188]
 - [-0.004067150426620644, 0.013529701843520207, 0.9999001977474716, 0.9588671835383318, 0.28385510530255587, 5.938806015803725e-05, -0.283825972420908, 0.9587717279737135, -0.014127668513439346]
 - [-0.006357256200823891, -0.0050380937731326495, 0.99996710091119, -0.9785942853749477, 0.2057336678068306, -0.005184839654589639, -0.2057007776482438, -0.9785950518686888, -0.006238151410953935]
 - [-0.006859286602837508, 0.00011632009737238919, 0.9999764680515916, 0.01717564414826474, 0.9998524877429739, 1.509762596671658e-06, -0.9998289590901996, 0.01717525032778712, -0.00686027264658889]
 - [-0.007948424303862885, -0.006552103013221553, 0.99994694484117, -0.9997051780312406, -0.022891128798751704, -0.008096495528595666, 0.022942963379026935, -0.9997164928960726, -0.0063682229048248285]
 - [-0.007739290289091914, 0.00013425516652517715, 0.9999700422319517, 0.01795362895417702, 0.9998388206031734, 4.714960110279619e-06, -0.9998088670306925, 0.01795312759397018, -0.007740453242396227]
 - [2.9676027512606002e-05, 0.004173293809254388, 0.9999912913311371, -0.33930610424353963, 0.9406678666362707, -0.003915648227196752, -0.9406760158218161, -0.3393030331381501, 0.0014439393497723111]
 - [-0.007037850956035107, 0.00011988728394864494, 0.9999752268336249, 0.017328770591260416, 0.9998498455795426, 2.0880740578142813e-06, -0.9998250758826348, 0.017328355998297486, -0.0070388716908438955]
 - [-0.007945808640928623, -0.00629724129378239, 0.9999486031177448, -0.999960366394834, -0.00396619711183967, -0.007970879498473233, 0.004016187813199277, -0.9999723066328178, -0.006265477068124433]
 - [-0.007565884282610616, 0.0001306491735767345, 0.9999713697530623, 0.01779565805807855, 0.9998416447308982, 4.011519859441193e-06, -0.999813018493609, 0.017795178914688983, -0.007567011172987592]
 - [-0.0014422828502187227, 0.0039051078490154253, 0.9999913349388919, -0.6380640042974822, 0.7699733138603015, -0.00392713163106399, -0.769981977867042, -0.6380641394684965, 0.00138118944564952]
 - [-0.007215149458035581, 0.0001234648003949129, 0.9999739628484041, 0.017483180202358586, 0.9998471575209549, 2.697898678615524e-06, -0.9998211240158463, 0.01748274445588746, -0.007216205234059686]
 - [-0.007940502193386568, -0.006175517911817232, 0.9999494044217626, -0.9996780564233313, 0.02414770445400036, -0.0077892153181779705, -0.02409838024821399, -0.9996893274153342, -0.00636527464367516]
 - [-0.007391165754325413, 0.0001270522383591559, 0.9999726768899845, 0.01763882546017396, 0.9998444238106426, 3.3391018662773386e-06, -0.999817104527212, 0.017638368192460722, -0.007392256917179188]
 - [-0.0033931447013499207, 0.0018359731015913218, 0.9999925578582101, -0.790948706118349, 0.6118706149536333, -0.0038072097357087433, -0.6118730512604265, -0.7909557381794715, -0.0006240049858698914]
 - [-0.007928344815616589, -0.005998469667465187, 0.9999505786338307, -0.9983403259062568, 0.05708976864362838, -0.007573109374999896, -0.05704152012239338, -0.9983510287859004, -0.006441141534006451]
 - [-0.004972295134719847, -0.000767258655715189, 0.9999873437175333, -0.8821300199075717, 0.47098877717631027, -0.004024891530307622, -0.4709797280764427, -0.8821388683694417, -0.003018717098501725]
 - [-0.007899686196583964, -0.005642593240179419, 0.9999528769394693, -0.9960275132310031, 0.08874067035791056, -0.007367924490150007, -0.08869491442500747, -0.9960387816575991, -0.006321201561891969]
 - [-0.005959661306818577, -0.0031859292194662586, 0.9999771658853598, -0.9413089728992314, 0.33751570951721427, -0.00453468504808715, -0.33749355545921444, -0.9413145041292522, -0.0050104230757585955]
 - [-0.007856648616247217, -0.005202101908516711, 0.9999556046186522, -0.993389570284523, 0.1145652268659589, -0.007209052856091964, -0.11452263847140169, -0.9934021073708695, -0.006067812510604196]
 - [-0.00793384125185636, -0.00624468842033487, 0.9999490277156751, -0.9925889538587053, 0.12131160228345768, -0.007117852843448291, -0.121260969980745, -0.9925948312468454, -0.00716087574083905]
 - [-0.008012104416933237, -0.007426370733993659, 0.9999403258197628, -0.99556048778036, 0.09384197271246376, -0.007280063733532529, -0.09378230831741799, -0.9955594071551701, -0.008145272954435779]
 - [-0.007963741539594055, -0.006663621076941203, 0.9999460860340588, -0.9951148365799904, 0.09845619031261353, -0.007269154524765425, -0.09840244325761956, -0.9951190756604303, -0.007415147851634064]
 - [-0.007989745409771452, -0.00697451905510158, 0.9999437584445621, -0.9930386132098723, 0.11757421712455389, -0.0071145022145662476, -0.11751798433644037, -0.9930396062350677, -0.00786535479186228]
materials:
- name: Gelcoat
  density: 1235.0
  elastic:
    E:
    - 3440000000.0
    - 3440000000.0
    - 3440000000.0
    G:
    - 1323000000.0
    - 1323000000.0
    - 1323000000.0
    nu:
    - 0.3
    - 0.3
    - 0.3
- name: Adhesive
  density: 1100.0
  elastic:
    E:
    - 3900000000.0
    - 3900000000.0
    - 3900000000.0
    G:
    - 1500000000.0
    - 1500000000.0
    - 1500000000.0
    nu:
    - 0.3
    - 0.3
    - 0.3
- name: glass_uni
  density: 1940.0
  elastic:
    E:
    - 43700000000.0
    - 16500000000.0
    - 15450000000.0
    G:
    - 3265000000.0
    - 3495000000.0
    - 3480000000.0
    nu:
    - 0.262
    - 0.264
    - 0.35
- name: carbon_uni_industry_baseline
  density: 1600.0
  elastic:
    E:
    - 157599000000.0
    - 9100000000.0
    - 9100000000.0
    G:
    - 4131000000.0
    - 4131000000.0
    - 2689000000.0
    nu:
    - 0.3133
    - 0.3133
    - 0.47066
- name: glass_biax
  density: 1940.0
  elastic:
    E:
    - 11023100000.0
    - 11023100000.0
    - 16047700000.0
    G:
    - 13231400000.0
    - 3487480000.0
    - 3487480000.0
    nu:
    - 0.688074
    - 0.117173
    - 0.117173
- name: glass_triax
  density: 1940.0
  elastic:
    E:
    - 28211400000.0
    - 16238800000.0
    - 15835500000.0
    G:
    - 8248220000.0
    - 3491240000.0
    - 3491240000.0
    nu:
    - 0.497511
    - 0.18091
    - 0.27481
- name: medium_density_foam
  density: 130.0
  elastic:
    E:
    - 142500000.0
    - 142500000.0
    - 142500000.0
    G:
    - 54000000.0
    - 54000000.0
    - 54000000.0
    nu:
    - 0.3194
    - 0.3194
    - 0.3194
- name: resin
  density: 1150.0
  elastic:
    E:
    - 1000000.0
    - 1000000.0
    - 1000000.0
    G:
    - 312500.0
    - 312500.0
    - 312500.0
    nu:
    - 0.3
    - 0.3
    - 0.3
- name: steel
  density: 7800
  elastic:
    E:
    - 200000000000.0
    - 200000000000.0
    - 200000000000.0
    G:
    - 79300000000.0
    - 79300000000.0
    - 79300000000.0
    nu:
    - 0.3
    - 0.3
    - 0.3
