nodes:
 - [-2.356470433 0.344802536 20.689655172]
 - [-2.362567097 0.303136343 20.689655172]
 - [-2.350373769 0.386468728 20.689655172]
 - [-2.299462991 0.306129900 20.689655172]
 - [-2.286845110 0.392363786 20.689655172]
 - [-2.115352018 0.302497709 20.689655172]
 - [-2.099639713 0.409879693 20.689655172]
 - [-1.812312300 0.259168303 20.689655172]
 - [-1.799056763 0.438536278 20.689655172]
 - [-1.593926142 0.210330399 20.689655172]
 - [-1.564250377 0.462524018 20.689655172]
 - [-1.344423211 0.108638082 20.689655172]
 - [-1.318927350 0.488618945 20.689655172]
 - [-1.070369701 -0.030764393 20.689655172]
 - [-1.060627535 0.515392325 20.689655172]
 - [-0.778331804 -0.192732770 20.689655172]
 - [-0.786890784 0.541415422 20.689655172]
 - [-0.474875714 -0.362122796 20.689655172]
 - [-0.495256951 0.565259504 20.689655172]
 - [-0.166567624 -0.523790214 20.689655172]
 - [-0.183265888 0.585495835 20.689655172]
 - [0.140026273 -0.662590770 20.689655172]
 - [0.151542552 0.600695681 20.689655172]
 - [0.287440090 -0.716582843 20.689655172]
 - [0.141936781 -0.452014775 20.688362069]
 - [0.294486453 0.603538923 20.689655172]
 - [0.430618441 -0.761634125 20.689655172]
 - [0.143850646 -0.241471137 20.687586207]
 - [0.439090869 0.603100410 20.689655172]
 - [0.149613821 0.390123555 20.688362069]
 - [0.569443494 -0.798172021 20.689655172]
 - [0.145768012 -0.030944063 20.687327586]
 - [0.583275703 0.599249458 20.689655172]
 - [0.147689022 0.179582238 20.687586207]
 - [0.703797417 -0.826623937 20.689655172]
 - [0.724960854 0.591855384 20.689655172]
 - [0.833562381 -0.847417276 20.689655172]
 - [0.862066225 0.580787507 20.689655172]
 - [0.958620553 -0.860979446 20.689655172]
 - [0.992511716 0.565915142 20.689655172]
 - [1.078854102 -0.867737850 20.689655172]
 - [1.114217228 0.547107608 20.689655172]
 - [1.386731473 -0.850544422 20.689655172]
 - [1.084680160 -0.631890778 20.688362069]
 - [1.442086448 0.469811692 20.689655172]
 - [1.644052462 -0.800264810 20.689655172]
 - [1.090532747 -0.396083085 20.687586207]
 - [1.716970462 0.354641015 20.689655172]
 - [1.108254103 0.311280575 20.688362069]
 - [1.853169274 -0.722238924 20.689655172]
 - [1.096412305 -0.160297086 20.687327586]
 - [1.936010891 0.212074522 20.689655172]
 - [1.102319276 0.075484906 20.687586207]
 - [2.016434113 -0.621806673 20.689655172]
 - [2.096349357 0.052591161 20.689655172]
 - [2.136199184 -0.504307967 20.689655172]
 - [2.195127482 -0.113330121 20.689655172]
 - [2.214816691 -0.375082717 20.689655172]
 - [2.229486887 -0.275210377 20.689655172]
 - [2.222688087 -0.342217757 20.689655172]
 - [2.227582074 -0.308746750 20.689655172]
 - [2.226293718 -0.325754870 20.689655172]
elements:
 - [1 2]
 - [1 3]
 - [2 4]
 - [3 5]
 - [4 6]
 - [5 7]
 - [6 8]
 - [7 9]
 - [8 10]
 - [9 11]
 - [10 12]
 - [11 13]
 - [12 14]
 - [13 15]
 - [14 16]
 - [15 17]
 - [16 18]
 - [17 19]
 - [18 20]
 - [19 21]
 - [20 22]
 - [21 23]
 - [22 24]
 - [22 25]
 - [23 26]
 - [23 30]
 - [24 27]
 - [25 28]
 - [26 29]
 - [27 31]
 - [28 32]
 - [29 33]
 - [30 34]
 - [31 35]
 - [32 34]
 - [33 36]
 - [35 37]
 - [36 38]
 - [37 39]
 - [38 40]
 - [39 41]
 - [40 42]
 - [41 43]
 - [41 44]
 - [42 45]
 - [42 49]
 - [43 46]
 - [44 47]
 - [45 48]
 - [46 50]
 - [47 51]
 - [48 52]
 - [49 53]
 - [50 54]
 - [51 53]
 - [52 55]
 - [54 56]
 - [55 57]
 - [56 58]
 - [57 59]
 - [58 60]
 - [59 61]
 - [60 62]
 - [61 62]
sets:
  element:
  - name: layup_0
    labels:
    - 1
    - 2
    - 3
    - 4
    - 5
    - 6
    - 7
    - 8
  - name: layup_1
    labels:
    - 9
    - 11
    - 13
    - 15
    - 17
    - 19
    - 21
  - name: layup_2
    labels:
    - 23
    - 27
    - 30
    - 34
    - 37
    - 39
    - 41
  - name: layup_3
    labels:
    - 43
    - 47
    - 50
    - 54
    - 57
    - 59
  - name: layup_4
    labels:
    - 61
    - 62
    - 63
    - 64
  - name: layup_5
    labels:
    - 45
    - 49
    - 52
    - 56
    - 58
    - 60
  - name: layup_6
    labels:
    - 25
    - 29
    - 32
    - 36
    - 38
    - 40
    - 42
  - name: layup_7
    labels:
    - 10
    - 12
    - 14
    - 16
    - 18
    - 20
    - 22
  - name: layup_8
    labels:
    - 44
    - 46
    - 48
    - 51
    - 53
    - 55
  - name: layup_9
    labels:
    - 24
    - 26
    - 28
    - 31
    - 33
    - 35
sections:
- type: shell
  elementSet: layup_0
  layup:
  - - glass_triax
    - 0.008
    - 0
  - - glass_uni
    - 0.01
    - 0
  - - glass_triax
    - 0.008
    - 0
- type: shell
  elementSet: layup_1
  layup:
  - - glass_triax
    - 0.008
    - 0
  - - medium_density_foam
    - 0.036000000000000004
    - 0
  - - glass_triax
    - 0.008
    - 0
- type: shell
  elementSet: layup_2
  layup:
  - - glass_triax
    - 0.008
    - 0
  - - carbon_uni_industry_baseline
    - 0.03
    - 0
  - - glass_triax
    - 0.008
    - 0
- type: shell
  elementSet: layup_3
  layup:
  - - glass_triax
    - 0.008
    - 0
  - - medium_density_foam
    - 0.041
    - 0
  - - glass_triax
    - 0.008
    - 0
- type: shell
  elementSet: layup_4
  layup:
  - - glass_triax
    - 0.008
    - 0
  - - glass_uni
    - 0.005
    - 0
  - - glass_triax
    - 0.008
    - 0
- type: shell
  elementSet: layup_5
  layup:
  - - glass_triax
    - 0.008
    - 0
  - - medium_density_foam
    - 0.029
    - 0
  - - glass_triax
    - 0.008
    - 0
- type: shell
  elementSet: layup_6
  layup:
  - - glass_triax
    - 0.008
    - 0
  - - carbon_uni_industry_baseline
    - 0.025
    - 0
  - - glass_triax
    - 0.008
    - 0
- type: shell
  elementSet: layup_7
  layup:
  - - glass_triax
    - 0.008
    - 0
  - - medium_density_foam
    - 0.062
    - 0
  - - glass_triax
    - 0.008
    - 0
- type: shell
  elementSet: layup_8
  layup:
  - - glass_biax
    - 0.003
    - 0
  - - medium_density_foam
    - 0.053
    - 0
  - - glass_biax
    - 0.003
    - 0
- type: shell
  elementSet: layup_9
  layup:
  - - glass_biax
    - 0.003
    - 0
  - - medium_density_foam
    - 0.033
    - 0
  - - glass_biax
    - 0.003
    - 0
elementOrientations:
 - [-0.01413444738219704, -0.013798598297448988, 0.9998048890069632, -0.14448642081445925, -0.9893822649741092, -0.01569738688218456, 0.9894058275538035, -0.14468010381433805, 0.011990661484900588]
 - [-0.015283540444909384, -0.006256523553149829, 0.9998636253532269, 0.9755310383242682, -0.21944453403107356, 0.013538454485666332, 0.2193299037008961, 0.9756049161401933, 0.009457322329382699]
 - [-0.015619872852790843, -0.014550548577827194, 0.9997721245904723, 0.9986764594412691, 0.04877731747693036, 0.016312653297542792, -0.049003560379973825, 0.9987036872044878, 0.013769394839542792]
 - [-0.012246834869302224, 0.0041366306464347795, 0.9999164481708354, 0.8916839876272422, -0.45247762661850005, 0.012793108256763495, 0.45249274164881803, 0.8917661608833249, 0.00185285146509654]
 - [-0.015606726905270544, -0.00964881538673142, 0.9998316510477838, 0.9997210286575201, -0.01788028023724145, 0.015432447589023644, 0.01772836527304628, 0.9997935766648389, 0.009925176294401974]
 - [-0.014064603264488334, -0.00046117184569944257, 0.9999009822255107, 0.9261643880822763, -0.3769009305355442, 0.01285359131229983, 0.3768576829297703, 0.9262534620080886, 0.005728082998271892]
 - [-0.014969838601062683, -0.0031061493621167167, 0.9998831210538552, 0.9899512636962157, -0.14067548553544498, 0.014384132773068712, 0.14061436426810953, 0.990050887381809, 0.005180825799848376]
 - [-0.013722728280910115, -0.0015619933466124104, 0.9999046189038799, 0.9756851066338923, -0.21878827154384495, 0.013048560367590058, 0.2187470215142098, 0.9757711065673351, 0.004526385646397124]
 - [-0.01532544597954447, -0.006490807049174076, 0.9998614904722447, 0.9765709597329126, -0.21476708368835895, 0.013574253951348111, 0.21464922853778526, 0.976643726846104, 0.009630135008703324]
 - [-0.011698250293355318, -0.015017735368565379, 0.9998187928642236, -0.9949372538640968, -0.09963564381100808, -0.013137707400244862, 0.09981488773445836, -0.9949106523234966, -0.013776141687417386]
 - [-0.014428378531549236, -0.0017128067916100942, 0.9998944385213098, 0.9381872972005163, -0.3458858346824302, 0.012945452391831105, 0.34582714940348597, 0.9382750426495065, 0.006597505325946311]
 - [-0.011723751919224049, -0.01457801544716456, 0.9998250022411717, -0.9937565011180635, -0.11077897631404818, -0.013267814152892838, 0.11095300864113888, -0.9937381445191856, -0.013188252387847835]
 - [-0.012570670319848763, 0.003283788786134771, 0.9999155939272659, 0.9076463526319467, -0.4195408837957692, 0.012788486141374357, 0.41954746668479925, 0.9077305016110635, 0.002293391221345665]
 - [-0.011838291299271164, -0.013423607478754743, 0.9998398179815458, -0.9935931936239023, -0.112233872034168, -0.013271154903480032, 0.11239404096022068, -0.9935911456582501, -0.012008947753984022]
 - [-0.010701249785577733, 0.007379408328905444, 0.9999155102236099, 0.8906497185141476, -0.4545074543394219, 0.012886149951304252, 0.45456414526851513, 0.8907123656279919, -0.001708670152647372]
 - [-0.01199516961710465, -0.011876062053225405, 0.9998575273787589, -0.99437117839077, -0.10512991190865263, -0.013178057817074868, 0.10527143720690865, -0.994387580761238, -0.010548162693332093]
 - [-0.008977556756122756, 0.010945042746982296, 0.9998997997369322, 0.8869546276295678, -0.4616730939485402, 0.013017021567033915, 0.4617693060405649, 0.8869826155924638, -0.00556305991034156]
 - [-0.012143595393232402, -0.010244219006594975, 0.9998737865690203, -0.9957516980506509, -0.09115284770072002, -0.0130274397060343, 0.09127479893251196, -0.9957842207692358, -0.009093775169601222]
 - [-0.007409261153091543, 0.01435327225389047, 0.9998695347017883, 0.8947524018516669, -0.4463722084188881, 0.013038057060684121, 0.4465011111182572, 0.8947322700824253, -0.009535336559941624]
 - [-0.012247199374203632, -0.00878437458625545, 0.9998864139844171, -0.9973081659516835, -0.0721893620799703, -0.012849829904564673, 0.07229404009721552, -0.9973522601195703, -0.007876610997561031]
 - [-0.006344075199974795, 0.017123612165033726, 0.9998332534059259, 0.9117561125375521, -0.41053201683474466, 0.012816177433518195, 0.4106830212709889, 0.9116853871045747, -0.013008112073395]
 - [-0.012291047004934046, -0.007681560165169149, 0.999894956381395, -0.9986667449863, -0.05004444521550779, -0.012660409216943678, 0.0501364400610069, -0.9987174511024128, -0.0070562200580862496]
 - [-0.007599356774882389, 0.018615757059099822, 0.9997978312467599, 0.939984062346532, -0.34095146216156763, 0.013493071718505896, 0.34113371617463983, 0.9398965656065595, -0.014907503140185206]
 - [-0.0071621733695578765, 6.12082205474799e-05, 0.9999743494341139, -0.008998034190003541, -0.9999595168656674, -3.2398213103203253e-06, 0.9999338671398925, -0.008997826589496608, 0.007162434175992436]
 - [-0.00793212605904877, -0.007016864397105308, 0.9999439209226767, -0.9997662616174126, -0.02005676098768955, -0.008071460228871303, 0.020112272564951888, -0.9997742194879378, -0.006856131530079729]
 - [-0.007809564356564623, 6.743943216398703e-05, 0.9999695026131964, -0.009176912976183482, -0.999957891238588, -4.231229150497745e-06, 0.9999273948506402, -0.009176666148375144, 0.007809854391282533]
 - [-0.007308340057666434, 0.019264695820553755, 0.9997877072961755, 0.9572327724004726, -0.2890458341039403, 0.012566830533688605, 0.2892265679499491, 0.9571214015380176, -0.016328352941877032]
 - [-0.007292504273610667, 6.244780065842811e-05, 0.999973407387262, -0.009032521504441, -0.999959205939694, -3.424539580982752e-06, 0.9999326141979223, -0.009032306279564115, 0.007292770843853904]
 - [-0.007929213129580776, -0.006936031226787834, 0.9999445079853013, -0.9999684270719196, 0.0005769592177938722, -0.007925400770409742, -0.0005219563739360982, -0.9999757790011125, -0.00694038706857771]
 - [-0.006957688922387809, 0.020379728025281714, 0.999768101736835, 0.9705395479575492, -0.24065957370741603, 0.011659992852491918, 0.24084139265336973, 0.9703956081251504, -0.01810489757510404]
 - [-0.007422420715625553, 6.369075220033156e-05, 0.9999724514276422, -0.009067664079536865, -0.9999588878824293, -3.615983582760227e-06, 0.9999313402123471, -0.009067441117688303, 0.00742269309053836]
 - [-0.007920228665911406, -0.006735904430952793, 0.9999459473238425, -0.9997411864763033, 0.021380269244091903, -0.007774583590334724, -0.02132674473126733, -0.9997487242695272, -0.006903497709143694]
 - [-0.007680962378082242, 6.618661203978011e-05, 0.9999704987829785, -0.009139871259356258, -0.9999582304962579, -4.019278399409574e-06, 0.9999287302454654, -0.00913963249395686, 0.007681246485208586]
 - [-0.006655774016708525, 0.021557566811704735, 0.9997454535957626, 0.9809264881982785, -0.1940834932994849, 0.010715520503517607, 0.19426509059332048, 0.9807481169708295, -0.01985461243493055]
 - [-0.007551910670398281, 6.493703673247999e-05, 0.9999714818075601, -0.009103451079554232, -0.9999585627234229, -3.814212201034584e-06, 0.9999300454650156, -0.009103220270174302, 0.007552188890924293]
 - [-0.007903725371234875, -0.00647857832938744, 0.9999477782104854, -0.9989901338464029, 0.04428105235479722, -0.007609262769625568, -0.04422944271411975, -0.9989981063171147, -0.006822021109370755]
 - [-0.006439796564305962, 0.022583561698085623, 0.9997242178527233, 0.9890153224274335, -0.14749423728916888, 0.009702678508859676, 0.14767268205043982, 0.9888050529338507, -0.02138565567184227]
 - [-0.007878401275395183, -0.006204786402841497, 0.999949714445201, -0.9974163644187799, 0.07145357093554625, -0.007415065082823141, -0.0714039689580873, -0.997424627641735, -0.006751695400307389]
 - [-0.006307665733081225, 0.023393316854128595, 0.99970643995103, 0.9950770502035076, -0.09873143792738191, 0.008588790548017058, 0.09890337462031251, 0.9948391105557494, -0.022655387821889906]
 - [-0.0078396232339888, -0.0059111513099117195, 0.9999517981371602, -0.9943377581571177, 0.10602372469028322, -0.007168856664441851, -0.10597623795278535, -0.994346030360151, -0.0067088669970611055]
 - [-0.006237096399104731, 0.024061346504285562, 0.9996910273844158, 0.9989637782417135, -0.044920806404303265, 0.007313748220170627, 0.04508290573542504, 0.9987007423429642, -0.023756238213634987]
 - [-0.007768821309064297, -0.005501043946597306, 0.9999546909390274, -0.9881552773239511, 0.15330507962091988, -0.006833773426764242, -0.1532605406237782, -0.9881635953008597, -0.006626885375967908]
 - [-0.003361137295786383, 0.024166905766208256, 0.9997022873944852, 0.9383981769521446, 0.345516782711642, -0.005197533788910411, -0.3455395263193049, 0.9381013343612101, -0.02383950965827633]
 - [-0.006484547478764159, 0.0001554089884099753, 0.999978963024744, 0.024612545543513747, 0.9996970654072644, 4.239399683012338e-06, -0.9996760341459947, 0.02461205526059069, -0.006486408095819713]
 - [-0.0009610940529962029, 0.006698728100026043, 0.999977101407859, -0.5619320584548457, 0.8271610372046023, -0.006081135692183993, -0.8271828322559175, -0.5619250355451774, 0.0029692505165494396]
 - [-0.007606657681060492, 0.00018481750895737068, 0.9999710518817089, 0.025273458353482152, 0.999680575107259, 7.4882892389885206e-06, -0.9996516348517508, 0.025272783695272964, -0.007608898902862231]
 - [-0.0025577291957645243, 0.021769370776867133, 0.9997597473980138, 0.8661117625887068, 0.499775254314761, -0.00866659564646732, -0.49984384834350487, 0.8658815101794209, -0.02013299785328098]
 - [-0.00671251283706504, 0.00016130966044002734, 0.9999774578212277, 0.024742705412278947, 0.9996938523896177, 4.825560609402293e-06, -0.9996713163336705, 0.024742180049427766, -0.006714449054708736]
 - [0.0018247971418714648, 0.008037072247110474, 0.9999660372158075, -0.2649202061157861, 0.9642429580777709, -0.007266511473855494, -0.9642686111799763, -0.2648979487786289, 0.0038887306302419753]
 - [-0.00019951002993359146, 0.01773086391022195, 0.9998427759706747, 0.7456603785607328, 0.666224068204692, -0.011665795706011062, -0.6663261664083233, 0.7455408153882565, -0.01335412107929493]
 - [-0.006938727694435125, 0.00016720150898896053, 0.9999759127607216, 0.02487391780061807, 0.9996905962264597, 5.443697224707326e-06, -0.9996665155296695, 0.024873356428940903, -0.006940739782493626]
 - [-0.007260052315487383, -0.004739331783629081, 0.9999624144809749, -0.9755302407236798, 0.21978229154056195, -0.006041006437579289, -0.21974540057524714, -0.9755374329360326, -0.006218992410355247]
 - [-0.007385820157582337, 0.00017895609842735516, 0.9999727084452424, 0.02513933607738567, 0.9996839569262297, 6.775259464089715e-06, -0.9996566727843055, 0.025138700026666468, -0.007387984757778885]
 - [0.0024391884491033015, 0.015331988380721213, 0.9998794829838261, 0.5273952884997835, 0.849499474693071, -0.014312657490017327, -0.8496165370494738, 0.5273666396620948, -0.006013929129135128]
 - [-0.007163170336640521, 0.00017308387602410456, 0.9999743291868545, 0.025006141856516707, 0.9996872975247404, 6.093657741924549e-06, -0.9996616336842082, 0.025005543578430003, -0.007165258555502483]
 - [-0.00751939254749321, -0.003535361351050357, 0.9999654793820807, -0.9284628073039789, 0.3713821229823601, -0.005668701996899037, -0.37134926173204014, -0.928473381389705, -0.006075019492655972]
 - [-0.002695661313104474, 0.02392602559145265, 0.9997100973329627, 0.9987018548753275, 0.05091592374514191, 0.0014743736838375371, -0.05086588718056282, 0.9984163029561245, -0.024032218223839056]
 - [-0.006640785672930838, -0.0007819559767648043, 0.9999776440053533, -0.8525463768902517, 0.5226251821107784, -0.005253025317008449, -0.5226093906704621, -0.8525622015832782, -0.004137295556552642]
 - [-0.003094454675037129, 0.024343026277093664, 0.999698875372948, 0.9804216705001287, 0.19690162765546543, -0.001759841005699184, -0.19688517558211696, 0.9801209956420183, -0.024475733649837576]
 - [-0.004357745540557496, 0.003035352622159782, 0.9999858982447019, -0.7379188641603155, 0.6748689043762072, -0.005264201972588347, -0.6748753662493204, -0.7379313982617336, -0.0007010629992361602]
 - [0.0006181000398676577, 0.0070221942784894, 0.999975153061243, -0.20940896663003283, 0.9778049379147363, -0.006737067945395519, -0.9778279514553073, -0.20939959927629814, 0.002074891718441686]
 - [-0.00783146209869104, -0.00600116059887246, 0.99995132595185, -0.9749443170038579, 0.22235978618088142, -0.006301129380822406, -0.22231114894057355, -0.9749462095731537, -0.007592199659046789]
 - [-0.0034588077173579993, 0.004240973552409373, 0.9999850252841299, -0.5124211780952972, 0.8587171957040874, -0.005414244318084185, -0.8587272983250284, -0.5124322315637806, -0.0007969729995327074]
 - [-0.007899687667885168, -0.004154950735621684, 0.9999601648661487, -0.9253122262047262, 0.37916276123393566, -0.005734503423295018, -0.37912383065537336, -0.9253206670543148, -0.006839894103990083]
materials:
- name: Gelcoat
  density: 1235.0
  elastic:
    E:
    - 3440000000.0
    - 3440000000.0
    - 3440000000.0
    G:
    - 1323000000.0
    - 1323000000.0
    - 1323000000.0
    nu:
    - 0.3
    - 0.3
    - 0.3
- name: Adhesive
  density: 1100.0
  elastic:
    E:
    - 3900000000.0
    - 3900000000.0
    - 3900000000.0
    G:
    - 1500000000.0
    - 1500000000.0
    - 1500000000.0
    nu:
    - 0.3
    - 0.3
    - 0.3
- name: glass_uni
  density: 1940.0
  elastic:
    E:
    - 43700000000.0
    - 16500000000.0
    - 15450000000.0
    G:
    - 3265000000.0
    - 3495000000.0
    - 3480000000.0
    nu:
    - 0.262
    - 0.264
    - 0.35
- name: carbon_uni_industry_baseline
  density: 1600.0
  elastic:
    E:
    - 157599000000.0
    - 9100000000.0
    - 9100000000.0
    G:
    - 4131000000.0
    - 4131000000.0
    - 2689000000.0
    nu:
    - 0.3133
    - 0.3133
    - 0.47066
- name: glass_biax
  density: 1940.0
  elastic:
    E:
    - 11023100000.0
    - 11023100000.0
    - 16047700000.0
    G:
    - 13231400000.0
    - 3487480000.0
    - 3487480000.0
    nu:
    - 0.688074
    - 0.117173
    - 0.117173
- name: glass_triax
  density: 1940.0
  elastic:
    E:
    - 28211400000.0
    - 16238800000.0
    - 15835500000.0
    G:
    - 8248220000.0
    - 3491240000.0
    - 3491240000.0
    nu:
    - 0.497511
    - 0.18091
    - 0.27481
- name: medium_density_foam
  density: 130.0
  elastic:
    E:
    - 142500000.0
    - 142500000.0
    - 142500000.0
    G:
    - 54000000.0
    - 54000000.0
    - 54000000.0
    nu:
    - 0.3194
    - 0.3194
    - 0.3194
- name: resin
  density: 1150.0
  elastic:
    E:
    - 1000000.0
    - 1000000.0
    - 1000000.0
    G:
    - 312500.0
    - 312500.0
    - 312500.0
    nu:
    - 0.3
    - 0.3
    - 0.3
- name: steel
  density: 7800
  elastic:
    E:
    - 200000000000.0
    - 200000000000.0
    - 200000000000.0
    G:
    - 79300000000.0
    - 79300000000.0
    - 79300000000.0
    nu:
    - 0.3
    - 0.3
    - 0.3
