nodes:
 - [-1.435184755 -0.000622305 72.413793103]
 - [-1.435183671 -0.003122305 72.413793103]
 - [-1.435185839 0.001877694 72.413793103]
 - [-1.398935497 0.000434814 72.413793103]
 - [-1.398938721 0.007869276 72.413793103]
 - [-1.280642006 0.009652562 72.413793103]
 - [-1.280650178 0.028501255 72.413793103]
 - [-1.106485274 0.009788426 72.413793103]
 - [-1.111278049 0.060873433 72.413793103]
 - [-1.003921462 0.004723964 72.413793103]
 - [-1.005803775 0.081787759 72.413793103]
 - [-0.882028678 -0.014396477 72.413793103]
 - [-0.882364782 0.108334762 72.413793103]
 - [-0.745677494 -0.043794464 72.413793103]
 - [-0.745469450 0.138331992 72.413793103]
 - [-0.599738486 -0.079691561 72.413793103]
 - [-0.599626158 0.169596998 72.413793103]
 - [-0.449082226 -0.118309333 72.413793103]
 - [-0.449343285 0.199947331 72.413793103]
 - [-0.298579289 -0.155869347 72.413793103]
 - [-0.299129212 0.227200540 72.413793103]
 - [-0.153100249 -0.188593166 72.413793103]
 - [-0.153492317 0.249174174 72.413793103]
 - [-0.054116386 -0.203980083 72.413793103]
 - [-0.153156021 -0.115624716 72.409267241]
 - [-0.033596006 0.262405032 72.413793103]
 - [0.054355225 -0.211329572 72.413793103]
 - [-0.153215615 -0.042666453 72.406551724]
 - [0.078215082 0.268968537 72.413793103]
 - [-0.153417383 0.176201937 72.409267241]
 - [0.166690051 -0.211637963 72.413793103]
 - [-0.153279037 0.030287096 72.405646552]
 - [0.183279080 0.268885617 72.413793103]
 - [-0.153346292 0.103241402 72.406551724]
 - [0.277263563 -0.205901585 72.413793103]
 - [0.282934124 0.262177200 72.413793103]
 - [0.380451230 -0.195116770 72.413793103]
 - [0.378518350 0.248864214 72.413793103]
 - [0.470628520 -0.180279846 72.413793103]
 - [0.471369891 0.228967588 72.413793103]
 - [0.542170903 -0.162387144 72.413793103]
 - [0.562826885 0.202508250 72.413793103]
 - [0.620690299 -0.139543742 72.413793103]
 - [0.545579465 -0.101564897 72.409267241]
 - [0.638229811 0.172748850 72.413793103]
 - [0.559349259 0.141683495 72.409267241]
 - [0.687474860 -0.115705738 72.413793103]
 - [0.549001324 -0.040751270 72.406551724]
 - [0.699218735 0.144161700 72.413793103]
 - [0.555885963 0.080868364 72.406551724]
 - [0.742447443 -0.091478384 72.413793103]
 - [0.552436737 0.020058296 72.405646552]
 - [0.747671004 0.115850530 72.413793103]
 - [0.785530907 -0.067466935 72.413793103]
 - [0.785463964 0.086919073 72.413793103]
 - [0.816648111 -0.044276642 72.413793103]
 - [0.814474963 0.056471059 72.413793103]
 - [0.835721912 -0.022512760 72.413793103]
 - [0.836581346 0.023610218 72.413793103]
 - [0.840515726 -0.006330639 72.413793103]
 - [0.840454753 0.007526160 72.413793103]
 - [0.841971735 0.000365084 72.413793103]
elements:
 - [1 2]
 - [1 3]
 - [2 4]
 - [3 5]
 - [4 6]
 - [5 7]
 - [6 8]
 - [7 9]
 - [8 10]
 - [9 11]
 - [10 12]
 - [11 13]
 - [12 14]
 - [13 15]
 - [14 16]
 - [15 17]
 - [16 18]
 - [17 19]
 - [18 20]
 - [19 21]
 - [20 22]
 - [21 23]
 - [22 24]
 - [22 25]
 - [23 26]
 - [23 30]
 - [24 27]
 - [25 28]
 - [26 29]
 - [27 31]
 - [28 32]
 - [29 33]
 - [30 34]
 - [31 35]
 - [32 34]
 - [33 36]
 - [35 37]
 - [36 38]
 - [37 39]
 - [38 40]
 - [39 41]
 - [40 42]
 - [41 43]
 - [41 44]
 - [42 45]
 - [42 46]
 - [43 47]
 - [44 48]
 - [45 49]
 - [46 50]
 - [47 51]
 - [48 52]
 - [49 53]
 - [50 52]
 - [51 54]
 - [53 55]
 - [54 56]
 - [55 57]
 - [56 58]
 - [57 59]
 - [58 60]
 - [59 61]
 - [60 62]
 - [61 62]
sets:
  element:
  - name: layup_0
    labels:
    - 1
    - 2
    - 3
    - 4
    - 5
    - 6
    - 7
    - 8
    - 61
    - 62
    - 63
    - 64
  - name: layup_1
    labels:
    - 9
    - 11
    - 13
    - 15
    - 17
    - 19
    - 21
  - name: layup_2
    labels:
    - 23
    - 25
    - 27
    - 29
    - 30
    - 32
    - 34
    - 36
    - 37
    - 38
    - 39
    - 40
    - 41
    - 42
  - name: layup_3
    labels:
    - 43
    - 47
    - 51
    - 55
    - 57
    - 59
  - name: layup_4
    labels:
    - 45
    - 49
    - 53
    - 56
    - 58
    - 60
  - name: layup_5
    labels:
    - 10
    - 12
    - 14
    - 16
    - 18
    - 20
    - 22
  - name: layup_6
    labels:
    - 44
    - 46
    - 48
    - 50
    - 52
    - 54
  - name: layup_7
    labels:
    - 24
    - 26
    - 28
    - 31
    - 33
    - 35
sections:
- type: shell
  elementSet: layup_0
  layup:
  - - glass_triax
    - 0.001
    - 0
  - - glass_uni
    - 0.005
    - 0
  - - glass_triax
    - 0.001
    - 0
- type: shell
  elementSet: layup_1
  layup:
  - - glass_triax
    - 0.001
    - 0
  - - medium_density_foam
    - 0.02
    - 0
  - - glass_triax
    - 0.001
    - 0
- type: shell
  elementSet: layup_2
  layup:
  - - glass_triax
    - 0.001
    - 0
  - - carbon_uni_industry_baseline
    - 0.02
    - 0
  - - glass_triax
    - 0.001
    - 0
- type: shell
  elementSet: layup_3
  layup:
  - - glass_triax
    - 0.001
    - 0
  - - medium_density_foam
    - 0.044
    - 0
  - - glass_triax
    - 0.001
    - 0
- type: shell
  elementSet: layup_4
  layup:
  - - glass_triax
    - 0.001
    - 0
  - - medium_density_foam
    - 0.022
    - 0
  - - glass_triax
    - 0.001
    - 0
- type: shell
  elementSet: layup_5
  layup:
  - - glass_triax
    - 0.001
    - 0
  - - medium_density_foam
    - 0.025
    - 0
  - - glass_triax
    - 0.001
    - 0
- type: shell
  elementSet: layup_6
  layup:
  - - glass_biax
    - 0.001
    - 0
  - - medium_density_foam
    - 0.023
    - 0
  - - glass_biax
    - 0.001
    - 0
- type: shell
  elementSet: layup_7
  layup:
  - - glass_biax
    - 0.001
    - 0
  - - medium_density_foam
    - 0.02
    - 0
  - - glass_biax
    - 0.001
    - 0
elementOrientations:
 - [0.03595247017922771, -0.005559894807895302, 0.9993380346297929, 0.0004087190067545495, -0.9999843582230449, -0.005578194870995733, 0.9993534173838529, 0.0006089983336793271, -0.03594963538402462]
 - [-0.009765395628302193, 0.00784284687167631, 0.9999215603241932, 0.9881101228383985, -0.15336426774070908, 0.010852950043207318, 0.15343735592256205, 0.9881385991516082, -0.00625193363604194]
 - [0.03181288344511396, -0.005316618896196325, 0.9994797016500238, 0.9946958512960989, 0.09803324645727426, -0.031139139412907208, -0.09781668498388574, 0.9951689384986651, 0.008407139002260327]
 - [0.012722100292078516, -0.0012649834340413416, 0.9999182706506916, 0.9793995589797703, -0.20153115742003042, -0.01271599226071092, 0.20153077192922636, 0.9794812874199562, -0.0013249753792594849]
 - [0.03179193486559454, -0.005011761684092674, 0.999481943369826, 0.9964590169157573, 0.0780349718245428, -0.031304484976206734, -0.07783765467165964, 0.9969380248627114, 0.007474897862231415]
 - [0.012577031495274347, -0.002460418135669717, 0.9999178789387478, 0.9892208745051259, -0.14587043977802538, -0.012801415635759286, 0.14588995757789802, 0.9893006424447339, 0.0005992798644977271]
 - [0.03178461608781971, -0.004529166195864407, 0.9994844795361857, 0.9994942832089154, 0.0011015901040671914, -0.031779935996449765, -0.0009570856000039419, 0.9999891365173986, 0.004561889339013461]
 - [0.012554091435797233, -0.004222238801408289, 0.999912279896454, 0.9992201887093026, -0.03738504441641833, -0.012703264530358508, 0.03743540121285571, 0.9992920149553316, 0.0037496109859838722]
 - [-0.009763147427023765, 0.007897991306907267, 0.9999211482340163, 0.9884085777869801, -0.15142928986047025, 0.01084682116900279, 0.1515030174928435, 0.988436539139296, -0.00632801587335686]
 - [0.013542172582246442, -0.008691546298879558, 0.999870524910444, -0.9796221625119299, -0.20051831741308782, 0.011524890336769452, 0.20039218616803164, -0.9796513978986395, -0.011229885041190693]
 - [-0.009800289959409661, 0.007785442070381623, 0.9999216675362528, 0.9978140672219753, -0.06527822388672028, 0.010287892890877618, 0.06535320627674243, 0.9978367303211302, -0.007128678095243446]
 - [0.013504941663286496, -0.008434131269718913, 0.9998732329552563, -0.975673008369134, -0.21893785086335552, 0.011331292920893453, 0.2188145271470686, -0.9757023536350934, -0.011185697132701782]
 - [-0.009827436978441585, 0.007976020785629518, 0.9999198990793522, 0.9999514354378644, -0.0006620624322484898, 0.00983302797158209, 0.0007404378359251476, 0.9999679718699807, -0.007969127056843764]
 - [0.013382545876694359, -0.007849910484300513, 0.99987963594187, -0.9745880285527536, -0.22372028005263772, 0.011287643457621767, 0.22360474518112353, -0.9746217805890437, -0.010644375694561364]
 - [-0.009867939482335537, 0.008305503927931323, 0.9999168177277926, 0.9985217813328597, 0.05353235562820402, 0.009409522025467586, -0.0534497518630838, 0.9985315746161453, -0.00882148062267103]
 - [0.01322822127305791, -0.007139429031656963, 0.9998870149747183, -0.9756190358765655, -0.219177671605225, 0.01134218254981545, 0.21907193110307907, -0.9756588424356202, -0.009864693606681863]
 - [-0.00992980632826231, 0.008704197662069804, 0.9999128141439845, 0.9943989019767513, 0.10531178633373083, 0.00895831494362819, -0.10522462969150242, 0.9944011587896797, -0.009701170240128109]
 - [0.01308698012909247, -0.006465930665069337, 0.9998934556700205, -0.9783815603371778, -0.2064896084646113, 0.01147013462522206, 0.20639344307242405, -0.9784274287532859, -0.009028472735963002]
 - [-0.01002758868434192, 0.009179637020772548, 0.9999075865945535, 0.9865115525494671, 0.16347636955718417, 0.008392453922556026, -0.16338422246844075, 0.9865045417333714, -0.010695091762731814]
 - [0.012999466517998867, -0.005994646577710616, 0.9998975337916658, -0.9826640508210184, -0.18502774030893293, 0.011666127900756435, 0.1849388469042514, -0.9827150144007054, -0.008295985604340436]
 - [-0.010217041030451724, 0.009873964951401044, 0.999899053349247, 0.9697287464036302, 0.24406951811776595, 0.007498581479499997, -0.24397083938664735, 0.9697074688491882, -0.012068735935247316]
 - [0.013001627272532394, -0.005921753666743671, 0.9998979400527718, -0.9882412906060074, -0.1524349500392177, 0.011947282030424602, 0.1523486436750897, -0.9882957648599188, -0.007834023889990629]
 - [-0.02413535987127507, 0.007318249429018489, 0.999681913224991, 0.6581427582774487, 0.7528216235861267, 0.010378477157066277, -0.7525062086991944, 0.6581839000510745, -0.02298607366910534]
 - [-0.0008263682279687763, -4.7613480404756876e-07, 0.9999996585576038, 0.0008024673649781631, -0.9999996780229942, 1.8699894761270558e-07, 0.9999993365806197, 0.0008024672455117722, 0.0008263683439798505]
 - [-0.027578714300906335, 0.002801434188435235, 0.9996157094023665, -0.20826897384065204, 0.9780347673681172, -0.008486952017940681, -0.9776826934403978, -0.20842299725721464, -0.026389489601891164]
 - [-0.0007303025357506338, -4.814957754248737e-07, 0.9999997333289519, 0.0009687322011260419, -0.9999995307788256, 2.2597209349049036e-07, 0.9999992641077935, 0.0009687321078212033, 0.0007303026595176827]
 - [-0.02325336890185572, 0.0065466729105171486, 0.9997081683714084, 0.9597787742566133, 0.28000861711797953, 0.020490944979407014, -0.2797927542328187, 0.9599751639565888, -0.012794501371057976]
 - [-0.0008068516320767567, -4.775269943926803e-07, 0.9999996744950547, 0.0008337920960516402, -0.9999996523952908, 1.9521974880988778e-07, 0.9999993268903654, 0.0008337919821615625, 0.0008068517497695632]
 - [-0.027643766459203897, 0.002782088588388799, 0.9996139665686126, -0.23474974820412547, 0.972012329292482, -0.009197142029106008, -0.9716626873015393, -0.23491337059965367, -0.026216987230822324]
 - [-0.023242093818287502, 0.006454011506995736, 0.9997090330743288, 0.9414736112022706, 0.33650962822623504, 0.019715717607957914, -0.336284469585941, 0.9416579080783575, -0.013897469870223491]
 - [-0.000787480039526146, -4.787828320377036e-07, 0.9999996899374306, 0.0008660994786986526, -0.999999624935755, 2.032534624268472e-07, 0.9999993148732051, 0.0008660993702116676, 0.0007874801588441011]
 - [-0.027602745893637686, 0.002796059144044396, 0.9996150611472371, -0.20790225318854386, 0.9781128753994583, -0.008476797563375462, -0.9777600633786688, -0.20805620642284825, -0.026417294158851284]
 - [-0.0007491989426682321, -4.807897884101981e-07, 0.9999997193503175, 0.0009335891574652731, -0.9999995642055238, 2.1865449189982962e-07, 0.999999283555858, 0.0009335890592694865, 0.0007491990650316046]
 - [-0.023261311019355045, 0.006430655120285505, 0.9997087366250156, 0.9148439350321592, 0.40337474580197435, 0.018691949712826773, -0.4031370560299996, 0.9150122737558861, -0.015266071254529702]
 - [-0.0007682602627818801, -4.798781379917611e-07, 0.9999997048879254, 0.0008993715294404951, -0.9999995955653217, 2.1107352591273798e-07, 0.9999993004532655, 0.0008993714261844998, 0.0007682603836595229]
 - [-0.02766911203380841, 0.002776063041770709, 0.9996132820812501, -0.23440603261136142, 0.9720953622481727, -0.009187957933907965, -0.9717449419033072, -0.23456960623572276, -0.026246289561689756]
 - [-0.02333830284535604, 0.006504511468916781, 0.9997064643938485, 0.8733512281233421, 0.4867864621869052, 0.017221282385661816, -0.48653155699887396, 0.8734967839449137, -0.017041492955258288]
 - [-0.027627083486239174, 0.0027906235548719256, 0.9996144039969708, -0.20754142551130286, 0.978189588064843, -0.008466787954631873, -0.9778360296873807, -0.20769531102484567, -0.026445355424193778]
 - [-0.023550668567490936, 0.006749125970831722, 0.9996998626131014, 0.8015770873623155, 0.5977070402558862, 0.014848132687169696, -0.5974274341087558, 0.8016861875616784, -0.019486345143462983]
 - [-0.027694856786043522, 0.0027699518632993206, 0.9996125860923699, -0.23405898516417356, 0.9721790696084016, -0.00917867524537449, -0.971827858404727, -0.23422250955452142, -0.026276027981116272]
 - [-0.024137599540569384, 0.007320720637507165, 0.9996818410563267, 0.6579177194012173, 0.7530184010767886, 0.010371216787743585, -0.7527028967569614, 0.6579587332721596, -0.022992488438073524]
 - [-0.027651725087135013, 0.0027851277164421375, 0.9996137379824815, -0.20718704068813612, 0.9782647956300925, -0.008456938081019575, -0.9779104827491106, -0.20734086113069142, -0.02647366682167748]
 - [-0.02425627111959831, -0.0011468081648394013, 0.9997051155927961, -0.7021068605068244, 0.7118868620648319, -0.01621887939216074, -0.7116583377862044, -0.7022932296772622, -0.018072902612943628]
 - [-0.01956854925981606, 0.0010319113695146749, 0.999807985084532, 0.05435626656633929, 0.9985216047620036, 3.3293876143953064e-05, -0.9983298393641429, 0.05434648086526475, -0.01959571005925003]
 - [-0.010618865146303122, -0.008119617668029731, 0.9999106517644106, -0.9976949383095521, -0.06693829288367935, -0.011138896593381435, 0.06702275564689879, -0.9977240784679617, -0.007390092743146541]
 - [-0.020431058294403243, 0.0011195225012800652, 0.9997906373468098, 0.05846131691903915, 0.9982896716487097, 7.683491009482981e-05, -0.99808058105599, 0.05845064712114716, -0.02046156323590079]
 - [-0.024189760996481943, -0.0011233238714487507, 0.9997067538065413, -0.8040633035942618, 0.5942467601694886, -0.018788077100849655, -0.5940513944735879, -0.8042819941858363, -0.015277910604517029]
 - [-0.019747469691774204, 0.0010492811514456583, 0.9998044491048427, 0.05515635576451202, 0.9984777286923542, 4.152272271887476e-05, -0.9982824319097032, 0.05514638985847706, -0.01977528320974994]
 - [-0.010668881914885403, -0.007524142120991949, 0.9999147774905768, -0.9999147039074018, -0.0074538535902522515, -0.010724969763544527, 0.007533914550888647, -0.9999439121030731, -0.00744397605730363]
 - [-0.020265097378125978, 0.0011018665504635922, 0.9997940346483171, 0.05762033717934783, 0.9983385659011117, 6.765980767175009e-05, -0.9981328681952086, 0.057609840518927626, -0.020294918176489027]
 - [-0.024261988934037783, -0.0013008069300055184, 0.9997047883221801, -0.8713754654077475, 0.49018787194415625, -0.020509716826201035, -0.4900164835782528, -0.8716158317172712, -0.013026423968747824]
 - [-0.01992324381065145, 0.0010667363726165956, 0.9998009434030221, 0.05596737503035393, 0.9984325968399106, 4.999724379793288e-05, -0.9982337989109931, 0.055957230462416636, -0.019951718489968153]
 - [-0.010697290495946879, -0.007107287469005682, 0.9999175238192788, -0.9982249161726925, 0.05866603915070615, -0.01026219189007242, -0.05858826425203414, -0.9982523640418793, -0.007722239101005122]
 - [-0.02009580676231134, 0.0010842679612072896, 0.9997974709477712, 0.056788860794294224, 0.9983862087602292, 5.871168452594008e-05, -0.9981839428884126, 0.05677853925880734, -0.02012495066771491]
 - [-0.02442210040359422, -0.0016592502532729967, 0.9997003590578898, -0.9117041602195594, 0.4102795800381947, -0.021591443722704103, -0.41012081786983806, -0.9119582847325196, -0.011532634455991606]
 - [-0.0107175244093067, -0.006878037126781102, 0.9999189103501434, -0.991612317391406, 0.12888019977346515, -0.009741976390717149, -0.12880274324788854, -0.991636317765558, -0.008201623021339973]
 - [-0.024638749433748, -0.002162924036673505, 0.9996940800994835, -0.9351008325303373, 0.3536805983582271, -0.022281547209215654, -0.35352420713072974, -0.9353637560353607, -0.010736799709919692]
 - [-0.0107447533451954, -0.0068222107044496405, 0.9999190005778745, -0.9798208440815961, 0.19966744536141615, -0.009166502390459685, -0.19958873660299403, -0.9798399709666626, -0.008829921702410046]
 - [-0.024480297525951433, -0.0013163800005549335, 0.9996994459219909, -0.5740023711517421, 0.8187507880940088, -0.01297786221292264, -0.8184876254075067, -0.5741475543265284, -0.020798868133803806]
 - [-0.010788900352398234, -0.006897106886961927, 0.9999180114118236, -0.9636141884517188, 0.2671600979454495, -0.008554407069660031, -0.26707919320628787, -0.9636274757303092, -0.009528513730414986]
 - [0.012684655096592556, -0.002923045132963601, 0.9999152740768744, 0.9987315797229355, -0.04869378500170072, -0.012811985261393604, 0.04872710938697791, 0.9988094768820324, 0.002301673615151971]
 - [0.012633072225872186, -0.002096690781179161, 0.9999180013250604, 0.9885549671768483, -0.15031672038308733, -0.012804703950231098, 0.1503312421159229, 0.9886356697292694, 0.0001737321010127812]
 - [0.01278198045736963, -0.0012189048382198018, 0.9999175642254626, 0.9878715281395607, -0.1547435876435946, -0.012816628823458038, 0.1547464534869752, 0.9879539140841465, -0.0007738081279747906]
 - [0.012589531525331649, -0.0038581843219204623, 0.9999133052968694, 0.9991021648196722, -0.04040641321490828, -0.012735227667777118, 0.04045204504863398, 0.9991758785043025, 0.0033460224953093904]
materials:
- name: Gelcoat
  density: 1235.0
  elastic:
    E:
    - 3440000000.0
    - 3440000000.0
    - 3440000000.0
    G:
    - 1323000000.0
    - 1323000000.0
    - 1323000000.0
    nu:
    - 0.3
    - 0.3
    - 0.3
- name: Adhesive
  density: 1100.0
  elastic:
    E:
    - 3900000000.0
    - 3900000000.0
    - 3900000000.0
    G:
    - 1500000000.0
    - 1500000000.0
    - 1500000000.0
    nu:
    - 0.3
    - 0.3
    - 0.3
- name: glass_uni
  density: 1940.0
  elastic:
    E:
    - 43700000000.0
    - 16500000000.0
    - 15450000000.0
    G:
    - 3265000000.0
    - 3495000000.0
    - 3480000000.0
    nu:
    - 0.262
    - 0.264
    - 0.35
- name: carbon_uni_industry_baseline
  density: 1600.0
  elastic:
    E:
    - 157599000000.0
    - 9100000000.0
    - 9100000000.0
    G:
    - 4131000000.0
    - 4131000000.0
    - 2689000000.0
    nu:
    - 0.3133
    - 0.3133
    - 0.47066
- name: glass_biax
  density: 1940.0
  elastic:
    E:
    - 11023100000.0
    - 11023100000.0
    - 16047700000.0
    G:
    - 13231400000.0
    - 3487480000.0
    - 3487480000.0
    nu:
    - 0.688074
    - 0.117173
    - 0.117173
- name: glass_triax
  density: 1940.0
  elastic:
    E:
    - 28211400000.0
    - 16238800000.0
    - 15835500000.0
    G:
    - 8248220000.0
    - 3491240000.0
    - 3491240000.0
    nu:
    - 0.497511
    - 0.18091
    - 0.27481
- name: medium_density_foam
  density: 130.0
  elastic:
    E:
    - 142500000.0
    - 142500000.0
    - 142500000.0
    G:
    - 54000000.0
    - 54000000.0
    - 54000000.0
    nu:
    - 0.3194
    - 0.3194
    - 0.3194
- name: resin
  density: 1150.0
  elastic:
    E:
    - 1000000.0
    - 1000000.0
    - 1000000.0
    G:
    - 312500.0
    - 312500.0
    - 312500.0
    nu:
    - 0.3
    - 0.3
    - 0.3
- name: steel
  density: 7800
  elastic:
    E:
    - 200000000000.0
    - 200000000000.0
    - 200000000000.0
    G:
    - 79300000000.0
    - 79300000000.0
    - 79300000000.0
    nu:
    - 0.3
    - 0.3
    - 0.3
