nodes:
 - [-2.274146269 0.462409583 13.793103448]
 - [-2.281824580 0.424647384 13.793103448]
 - [-2.266467958 0.500171782 13.793103448]
 - [-2.210950937 0.408047914 13.793103448]
 - [-2.201926880 0.510490650 13.793103448]
 - [-2.027781861 0.351632289 13.793103448]
 - [-2.010032983 0.549387540 13.793103448]
 - [-1.727693076 0.236344060 13.793103448]
 - [-1.688817548 0.599997210 13.793103448]
 - [-1.499151916 0.117199470 13.793103448]
 - [-1.501523211 0.628245398 13.793103448]
 - [-1.252662620 -0.046249512 13.793103448]
 - [-1.264112957 0.663925692 13.793103448]
 - [-0.989966038 -0.238136414 13.793103448]
 - [-0.989962794 0.703254963 13.793103448]
 - [-0.712803018 -0.442594762 13.793103448]
 - [-0.692448737 0.742450079 13.793103448]
 - [-0.422914410 -0.643758082 13.793103448]
 - [-0.384946795 0.777727911 13.793103448]
 - [-0.122041064 -0.825759902 13.793103448]
 - [-0.080832980 0.805305330 13.793103448]
 - [0.188076172 -0.972733748 13.793103448]
 - [0.206516695 0.821399204 13.793103448]
 - [0.307618328 -1.021346800 13.793103448]
 - [0.191137646 -0.673669483 13.792241379]
 - [0.352382844 0.825137637 13.793103448]
 - [0.444817988 -1.065687074 13.793103448]
 - [0.194203591 -0.374651962 13.791724138]
 - [0.498615451 0.824640390 13.793103448]
 - [0.203430559 0.522344397 13.792241379]
 - [0.591995924 -1.104243618 13.793103448]
 - [0.197274238 -0.075658759 13.791551724]
 - [0.643274273 0.819785895 13.793103448]
 - [0.200349817 0.223332551 13.791724138]
 - [0.741472907 -1.135505479 13.793103448]
 - [0.784419067 0.810452583 13.793103448]
 - [0.885569706 -1.157961706 13.793103448]
 - [0.920109587 0.796518886 13.793103448]
 - [1.016607092 -1.170101347 13.793103448]
 - [1.048405590 0.777863233 13.793103448]
 - [1.126905837 -1.170413450 13.793103448]
 - [1.167366832 0.754364057 13.793103448]
 - [1.389459543 -1.148502487 13.793103448]
 - [1.133578483 -0.849564098 13.792241379]
 - [1.487460812 0.662767156 13.793103448]
 - [1.160550794 0.433540708 13.792241379]
 - [1.623221070 -1.089987130 13.793103448]
 - [1.140278796 -0.528768065 13.791724138]
 - [1.761208611 0.518071125 13.793103448]
 - [1.153764446 0.112760278 13.791724138]
 - [1.824276024 -0.995328504 13.793103448]
 - [1.147007282 -0.208001293 13.791551724]
 - [1.979555511 0.330041215 13.793103448]
 - [1.988710010 -0.864987733 13.793103448]
 - [2.133446793 0.108442678 13.793103448]
 - [2.112608634 -0.699425942 13.793103448]
 - [2.213827740 -0.136959237 13.793103448]
 - [2.192057500 -0.499104255 13.793103448]
 - [2.211643634 -0.396399278 13.793103448]
 - [2.200827120 -0.466167484 13.793103448]
 - [2.207614938 -0.428882183 13.793103448]
 - [2.204881861 -0.448325825 13.793103448]
elements:
 - [1 2]
 - [1 3]
 - [2 4]
 - [3 5]
 - [4 6]
 - [5 7]
 - [6 8]
 - [7 9]
 - [8 10]
 - [9 11]
 - [10 12]
 - [11 13]
 - [12 14]
 - [13 15]
 - [14 16]
 - [15 17]
 - [16 18]
 - [17 19]
 - [18 20]
 - [19 21]
 - [20 22]
 - [21 23]
 - [22 24]
 - [22 25]
 - [23 26]
 - [23 30]
 - [24 27]
 - [25 28]
 - [26 29]
 - [27 31]
 - [28 32]
 - [29 33]
 - [30 34]
 - [31 35]
 - [32 34]
 - [33 36]
 - [35 37]
 - [36 38]
 - [37 39]
 - [38 40]
 - [39 41]
 - [40 42]
 - [41 43]
 - [41 44]
 - [42 45]
 - [42 46]
 - [43 47]
 - [44 48]
 - [45 49]
 - [46 50]
 - [47 51]
 - [48 52]
 - [49 53]
 - [50 52]
 - [51 54]
 - [53 55]
 - [54 56]
 - [55 57]
 - [56 58]
 - [57 59]
 - [58 60]
 - [59 61]
 - [60 62]
 - [61 62]
sets:
  element:
  - name: layup_0
    labels:
    - 1
    - 2
    - 3
    - 4
    - 5
    - 6
    - 7
    - 8
    - 61
    - 62
    - 63
    - 64
  - name: layup_1
    labels:
    - 9
    - 11
    - 13
    - 15
    - 17
    - 19
    - 21
  - name: layup_2
    labels:
    - 23
    - 25
    - 27
    - 29
    - 30
    - 32
    - 34
    - 36
    - 37
    - 38
    - 39
    - 40
    - 41
    - 42
  - name: layup_3
    labels:
    - 43
    - 47
    - 51
    - 55
    - 57
    - 59
  - name: layup_4
    labels:
    - 45
    - 49
    - 53
    - 56
    - 58
    - 60
  - name: layup_5
    labels:
    - 10
    - 12
    - 14
    - 16
    - 18
    - 20
    - 22
  - name: layup_6
    labels:
    - 44
    - 46
    - 48
    - 50
    - 52
    - 54
  - name: layup_7
    labels:
    - 24
    - 26
    - 28
    - 31
    - 33
    - 35
sections:
- type: shell
  elementSet: layup_0
  layup:
  - - glass_triax
    - 0.015
    - 0
  - - glass_uni
    - 0.005
    - 0
  - - glass_triax
    - 0.015
    - 0
- type: shell
  elementSet: layup_1
  layup:
  - - glass_triax
    - 0.015
    - 0
  - - medium_density_foam
    - 0.028
    - 0
  - - glass_triax
    - 0.015
    - 0
- type: shell
  elementSet: layup_2
  layup:
  - - glass_triax
    - 0.015
    - 0
  - - carbon_uni_industry_baseline
    - 0.02
    - 0
  - - glass_triax
    - 0.015
    - 0
- type: shell
  elementSet: layup_3
  layup:
  - - glass_triax
    - 0.015
    - 0
  - - medium_density_foam
    - 0.03
    - 0
  - - glass_triax
    - 0.015
    - 0
- type: shell
  elementSet: layup_4
  layup:
  - - glass_triax
    - 0.015
    - 0
  - - medium_density_foam
    - 0.023
    - 0
  - - glass_triax
    - 0.015
    - 0
- type: shell
  elementSet: layup_5
  layup:
  - - glass_triax
    - 0.015
    - 0
  - - medium_density_foam
    - 0.049
    - 0
  - - glass_triax
    - 0.015
    - 0
- type: shell
  elementSet: layup_6
  layup:
  - - glass_biax
    - 0.003
    - 0
  - - medium_density_foam
    - 0.05
    - 0
  - - glass_biax
    - 0.003
    - 0
- type: shell
  elementSet: layup_7
  layup:
  - - glass_biax
    - 0.003
    - 0
  - - medium_density_foam
    - 0.033
    - 0
  - - glass_biax
    - 0.003
    - 0
elementOrientations:
 - [-0.010861927950183004, -0.016407014914333152, 0.999806395450042, -0.19867220979036573, -0.9798962721026065, -0.018238667068263117, 0.9800058018084474, -0.19883185303420295, 0.0073839447971373725]
 - [-0.005835362679935411, 0.05830292004168263, 0.9982818830656033, 0.9266762623430663, -0.3748669828559269, 0.02731025401528101, 0.3758151851007069, 0.9252434894010912, -0.05184044722621565]
 - [-0.013840013664510714, -0.01495135224601093, 0.9997924340020692, 0.9736544610652484, -0.22780596096602, 0.010071474375140119, 0.22760809403337817, 0.9735917528483713, 0.01771028842591317]
 - [-0.007789484723857896, 0.03283458486894739, 0.9994304447855391, 0.8418030488781998, -0.5392386002802745, 0.024276714504584882, 0.5397285899663863, 0.8415126986589414, -0.023439862811932218]
 - [-0.013110169259767731, -0.011274757639352128, 0.9998504904745277, 0.9560883590100944, -0.292933097186163, 0.009233110976637931, 0.29278519980928885, 0.9560664623409275, 0.014620067015543303]
 - [-0.01268668335053253, 0.024439042972091058, 0.999620818732869, 0.8744967682291876, -0.48448838352293794, 0.02294359579571006, 0.48486539412734914, 0.8744562535712915, -0.015225313388940995]
 - [-0.009853057296644234, -0.0007344734078445436, 0.9999511877140416, 0.9342288899247455, -0.35656190756584677, 0.008943562096961987, 0.3565379341555212, 0.9342714095067973, 0.004199391181536911]
 - [-0.017643565045985694, 0.013225983942998594, 0.9997568594219332, 0.9308682664444472, -0.36473631648461746, 0.021252998939958464, 0.3649287261085061, 0.9310169132652597, -0.005876399820511627]
 - [-0.005556598015470647, 0.059230522748460405, 0.9982288662393204, 0.9277321808693797, -0.3722503664543978, 0.02725188532765296, 0.37320520467678286, 0.926240470854902, -0.05288161639596383]
 - [-0.013190866692253037, -0.031070594164912094, 0.9994301472409899, -0.992557107719022, -0.12060877379053005, -0.01684967659023652, 0.12106357401116995, -0.9922137581504222, -0.02924840482244968]
 - [-0.006003938903064718, 0.058555510146208925, 0.9982660992687097, 0.9503266704355615, -0.3103338590403078, 0.02391893375572568, 0.31119635630339354, 0.9488225061436244, -0.05378363746367213]
 - [-0.012908767189754415, -0.033581073077959954, 0.9993526280850884, -0.9922966662308756, -0.12272047853492005, -0.01694137937859669, 0.12320994244268613, -0.9918729735601697, -0.03173821677689257]
 - [-0.006638353347205474, 0.05674924695216969, 0.9983663932821455, 0.9655828430121861, -0.259233884282093, 0.02115576802016789, 0.26001097197107353, 0.9641458998566452, -0.05307521308744354]
 - [-0.012627798998836086, -0.03602467466372652, 0.9992711151173225, -0.9927175918366482, -0.11928127506916886, -0.01684518554124998, 0.11980117507975814, -0.9922067326083037, -0.03425606831297497]
 - [-0.007204163593678978, 0.05474999673575057, 0.99847410476404, 0.9771716634527505, -0.21163065249823615, 0.01865494755168054, 0.21232908461136601, 0.9758149951607663, -0.051975523542271695]
 - [-0.01237075550808852, -0.03836786108159949, 0.9991871054232948, -0.9936186618375141, -0.11156551980759372, -0.01658582642769343, 0.11211119148589609, -0.9930161338196298, -0.03674287301679398]
 - [-0.007626882116086763, 0.05295778409241533, 0.9985676260390225, 0.986767487184817, -0.16134104478215397, 0.016093275103769268, 0.16196220825905625, 0.9854768086427123, -0.05102649040670898]
 - [-0.012152029688544643, -0.04060192349127898, 0.9991015023426082, -0.9948703406940836, -0.09985940983154311, -0.016158696585260153, 0.10042576054821446, -0.9941728129841937, -0.03918015494365036]
 - [-0.007915942249529436, 0.05137422472032819, 0.9986480996290371, 0.9948403278172737, -0.10060875009913703, 0.013061452901952333, 0.10114375910911481, 0.9935987965159152, -0.05031273750654746]
 - [-0.012006838819669342, -0.04248837797890705, 0.9990248112826228, -0.996357293476916, -0.08384882521803391, -0.015540857277205628, 0.0844273626078261, -0.9955722536542879, -0.04132684595767647]
 - [-0.008121316564938188, 0.04943485731793499, 0.9987443311975333, 0.9998388217644335, -0.01559121692011071, 0.00890193505144811, 0.016011705404553517, 0.9986556507810417, -0.04930026828661615]
 - [-0.012003088120049805, -0.043305081232472446, 0.9989897876430124, -0.9979251954972417, -0.06268169030581408, -0.01470747742468776, 0.06325527699231114, -0.9970936142809537, -0.042462857802684655]
 - [0.006073275463932471, 0.0261028282294015, 0.9996408143346116, 0.37127518350407374, 0.9281448886810596, -0.026491578458816924, -0.9285030174636782, 0.3713027174336991, -0.004054452761445337]
 - [-0.008346331019201065, 8.668519223758756e-05, 0.9999651650153598, -0.01023632923270275, -0.9999476074086533, 1.2449017441909722e-06, 0.9999127743570224, -0.010235962259969115, 0.008346781071458075]
 - [0.0035288701906160337, 0.018004696678803674, 0.9998316748196583, 0.13501141932616498, 0.9906747342649748, -0.018316318968541738, -0.9908377585289695, 0.1350533294166686, 0.001065122885201758]
 - [-0.007610740215464221, 7.95368529157878e-05, 0.9999710347341374, -0.010365471564972984, -0.9999462770563332, 6.436873147124689e-07, 0.9999173133977671, -0.01036516642739638, 0.007611155781083631]
 - [-0.006271676791432465, 0.04632214318864578, 0.9989068650883498, 0.9974851213427319, 0.07081354887251945, 0.0029789253020022053, -0.07059814990564152, 0.9964134183894203, -0.0466497683103645]
 - [-0.008201046372633287, 8.528495279983628e-05, 0.9999663672168533, -0.010262830812729811, -0.9999473357644725, 1.1145474086553546e-06, 0.9999137048476249, -0.010262476504711631, 0.008201489735837003]
 - [0.003239720732951404, 0.018041291207713996, 0.9998319938975401, 0.12036156184618653, 0.9925614342132675, -0.01830010225240536, -0.9927248353091199, 0.12040062758997701, 0.0010441438696663747]
 - [-0.005038093716058489, 0.04025887546761211, 0.9991765812696932, 0.9737929215917434, 0.2273967124793753, -0.004252177252832532, -0.22738065764159746, 0.9729696593931673, -0.040349453909798855]
 - [-0.00805482740236771, 8.386981457969755e-05, 0.9999675558343742, -0.01028900493291815, -0.9999470667872935, 9.892482995390922e-07, 0.9999146244220095, -0.010288663146513674, 0.00805526397141144]
 - [0.0035441812902833334, 0.018002548586722986, 0.9998316593423938, 0.1361951236052808, 0.9905126734015944, -0.018317536323697182, -0.9906756921844426, 0.13623711709813285, 0.001058697154879646]
 - [-0.0077596561238232305, 8.099556803178188e-05, 0.9999698901349772, -0.010340334170766375, -0.9999465373152051, 7.538231181932994e-07, 0.9999164291209927, -0.010340016975292026, 0.007760078793013564]
 - [-0.002341015527873148, 0.03340074102214539, 0.999439297879301, 0.9115275710109761, 0.4110752507427073, -0.011602823520603553, -0.41123230288138607, 0.9109893131788058, -0.03140802987899588]
 - [-0.007907691356272308, 8.243995610690243e-05, 0.9999687303216374, -0.01031484237975056, -0.9999468005978747, 8.690075964603748e-07, 0.9999155326546811, -0.010314512966103128, 0.007908121026972999]
 - [0.0032574561519967313, 0.018039158501613042, 0.999831974753744, 0.12144157401183603, 0.9924298503164601, -0.018301265048530326, -0.9925932364674592, 0.12148078432987863, 0.0010420929190536664]
 - [0.0012303539491154663, 0.02805280123719037, 0.9996056855440083, 0.7917886240782235, 0.6105267103635538, -0.018108305082791456, -0.6107939595391182, 0.79149869000233, -0.021460724943998567]
 - [0.0035593247551596037, 0.01800040268318878, 0.9998316441834246, 0.13737901386592413, 0.9903491455881305, -0.018318744009537046, -0.990512159317852, 0.137421087668901, 0.0010520966603369856]
 - [0.0044030611999926, 0.025723452866495487, 0.9996594005083405, 0.6055115958612639, 0.7955000859741258, -0.02313699402913572, -0.7958243024246086, 0.6054072325202137, -0.01207321343311024]
 - [0.0032752868312587377, 0.018036995970812826, 0.9998319555167867, 0.12251038779179341, 0.9922984563469558, -0.018302415538761458, -0.9924618266609945, 0.12254974625758298, 0.0010403426957682619]
 - [0.0060127830890273, 0.026149856235762863, 0.9996399509115135, 0.371988037546214, 0.9278589013230109, -0.026509605017270555, -0.928218048931414, 0.37201350009711204, -0.004148419392378598]
 - [0.0035742897663433126, 0.017998260596225262, 0.9998316293597523, 0.13856316817943337, 0.9901841385132413, -0.018319941617525422, -0.9903471476592157, 0.13860531898993578, 0.0010453090231513167]
 - [-0.000784447900006399, -0.007498998202553083, 0.9999715744297184, -0.39632849991707514, 0.9180852370999114, 0.006574007353238171, -0.9181084384728055, -0.39631207708718336, -0.0036922567447686093]
 - [-0.01033475303813551, 0.00023096648281517414, 0.9999465683395911, 0.020889239091969054, 0.9997817959255932, -1.503176098940662e-05, -0.9997283793960234, 0.020887967595702144, -0.01033732266699636]
 - [-0.007662968581939861, -0.03917514938814088, 0.9992029756675711, -0.9998641726971012, -0.014280661093998559, -0.008227932635820315, 0.014591609549787273, -0.9991303070116204, -0.039060396075966196]
 - [-0.006265217582244137, 0.0001415666610854243, 0.9999803633109643, 0.021383075199797704, 0.9997713558798199, -7.564822544605667e-06, -0.999751724751524, 0.021382607911740164, -0.0062668122076420816]
 - [-0.004963470144436018, -0.010997335091495048, 0.9999272086432145, -0.6475853130560916, 0.7619754436813052, 0.005165804944275542, -0.7619767885429118, -0.6475125341239069, -0.010903755053514111]
 - [-0.009526183612022194, 0.0002133835579655409, 0.9999546021161396, 0.02099148182058657, 0.9997796544800562, -1.3368436641846335e-05, -0.999734269452021, 0.020990401501550758, -0.009528563797218968]
 - [-0.007647712274763023, -0.03850361756018186, 0.9992291948956163, -0.9999382554241634, 0.008350844057730258, -0.007331353408738431, -0.008062123556656054, -0.9992235659942685, -0.03856510502325238]
 - [-0.007084320565237203, 0.00015973722976855644, 0.9999748931278958, 0.021287845471928954, 0.9997733881015777, -8.8913331787704e-06, -0.9997482883392661, 0.021287248011660834, -0.007086115635368306]
 - [-0.009344040847831258, -0.016806276314708022, 0.9998151018948791, -0.8091378362219722, 0.5876143300027821, 0.0023154199200806553, -0.5875445948135845, -0.8089665927909601, -0.019089286354548426]
 - [-0.008714875303368256, 0.00019564895607191438, 0.9999620056131797, 0.021092018333272584, 0.9997775385672494, -1.1791570067443347e-05, -0.9997395549397232, 0.021091114192906442, -0.00871706321109038]
 - [-0.007611380174928528, -0.03778432699469192, 0.9992569296859498, -0.9991802454366902, 0.04002071249793721, -0.006097515906774191, -0.03976058375965597, -0.9984841947696095, -0.03805796597790975]
 - [-0.00790089731829576, 0.00017776577379412746, 0.9999687716228421, 0.021190816551401183, 0.9997754493824106, -1.0299712359584722e-05, -0.9997442298485402, 0.02119007341961987, -0.007902890168825012]
 - [-0.012541064617232393, -0.02348842122276243, 0.9996454450287502, -0.9138207560753848, 0.4061132005345409, -0.0019220086899658772, -0.4059240661306977, -0.9135208604186629, -0.02655729873061663]
 - [-0.007563565939364782, -0.03728729296644843, 0.9992759630119779, -0.9971057584683017, 0.0758806203244421, -0.0047157065781692755, -0.07564984401592914, -0.9964194845758546, -0.03775330260988415]
 - [-0.013685232890501888, -0.029473509117282914, 0.9994718738719193, -0.9772903676840955, 0.21178435274220117, -0.0071361870387859905, -0.21146217541824938, -0.9768718954877758, -0.03170249475201118]
 - [-0.007496481495263469, -0.036748004427085375, 0.9992964459737754, -0.9940139949474377, 0.10919860808334028, -0.0034411976543429804, -0.10899532381632882, -0.9933404492737061, -0.03734663603171856]
 - [0.00025439620994122873, -0.007412207196015682, 0.9999724968553143, -0.03149575829649253, 0.9994763689599836, 0.007416542314029002, -0.9995038531651079, -0.03149677880435051, 2.080991390000763e-05]
 - [-0.00734971253232086, -0.0354782654324924, 0.9993434216562362, -0.9908239787388263, 0.13513565558303942, -0.0024895273254199025, -0.13495860432686058, -0.9901917224820875, -0.03614592433597635]
 - [-0.016216465478850608, 0.017841147425332566, 0.9997093176048332, 0.8875694088300937, -0.46011888027256753, 0.022608859451916423, 0.4603884998089887, 0.887678043817276, -0.00837375473504546]
 - [-0.011243951954146542, 0.02710841837489751, 0.9995692608307162, 0.8548372989347166, -0.5183558100126272, 0.023673752895371547, 0.5187742918596207, 0.8547352735668308, -0.017344919319054908]
 - [-0.010285705083170733, 0.028771837938823437, 0.9995330838009138, 0.8344104183445548, -0.5506016244760156, 0.02443572962769371, 0.5510476005110692, 0.8342721573119861, -0.018344195403400387]
 - [-0.01711363610827179, 0.015373393550273744, 0.9997353560967532, 0.9090909386341752, -0.41601857567509565, 0.021959280190812332, 0.4162460675518599, 0.9092261563901541, -0.0068562222542258005]
materials:
- name: Gelcoat
  density: 1235.0
  elastic:
    E:
    - 3440000000.0
    - 3440000000.0
    - 3440000000.0
    G:
    - 1323000000.0
    - 1323000000.0
    - 1323000000.0
    nu:
    - 0.3
    - 0.3
    - 0.3
- name: Adhesive
  density: 1100.0
  elastic:
    E:
    - 3900000000.0
    - 3900000000.0
    - 3900000000.0
    G:
    - 1500000000.0
    - 1500000000.0
    - 1500000000.0
    nu:
    - 0.3
    - 0.3
    - 0.3
- name: glass_uni
  density: 1940.0
  elastic:
    E:
    - 43700000000.0
    - 16500000000.0
    - 15450000000.0
    G:
    - 3265000000.0
    - 3495000000.0
    - 3480000000.0
    nu:
    - 0.262
    - 0.264
    - 0.35
- name: carbon_uni_industry_baseline
  density: 1600.0
  elastic:
    E:
    - 157599000000.0
    - 9100000000.0
    - 9100000000.0
    G:
    - 4131000000.0
    - 4131000000.0
    - 2689000000.0
    nu:
    - 0.3133
    - 0.3133
    - 0.47066
- name: glass_biax
  density: 1940.0
  elastic:
    E:
    - 11023100000.0
    - 11023100000.0
    - 16047700000.0
    G:
    - 13231400000.0
    - 3487480000.0
    - 3487480000.0
    nu:
    - 0.688074
    - 0.117173
    - 0.117173
- name: glass_triax
  density: 1940.0
  elastic:
    E:
    - 28211400000.0
    - 16238800000.0
    - 15835500000.0
    G:
    - 8248220000.0
    - 3491240000.0
    - 3491240000.0
    nu:
    - 0.497511
    - 0.18091
    - 0.27481
- name: medium_density_foam
  density: 130.0
  elastic:
    E:
    - 142500000.0
    - 142500000.0
    - 142500000.0
    G:
    - 54000000.0
    - 54000000.0
    - 54000000.0
    nu:
    - 0.3194
    - 0.3194
    - 0.3194
- name: resin
  density: 1150.0
  elastic:
    E:
    - 1000000.0
    - 1000000.0
    - 1000000.0
    G:
    - 312500.0
    - 312500.0
    - 312500.0
    nu:
    - 0.3
    - 0.3
    - 0.3
- name: steel
  density: 7800
  elastic:
    E:
    - 200000000000.0
    - 200000000000.0
    - 200000000000.0
    G:
    - 79300000000.0
    - 79300000000.0
    - 79300000000.0
    nu:
    - 0.3
    - 0.3
    - 0.3
