nodes:
 - [-0.624314633 -0.035668831 93.103448276]
 - [-0.624172034 -0.038164760 93.103448276]
 - [-0.624457232 -0.033172901 93.103448276]
 - [-0.609293472 -0.035068830 93.103448276]
 - [-0.609641142 -0.028983533 93.103448276]
 - [-0.560525518 -0.028697020 93.103448276]
 - [-0.566131235 -0.016770695 93.103448276]
 - [-0.489685454 -0.025880587 93.103448276]
 - [-0.494418207 0.003552643 93.103448276]
 - [-0.446526327 -0.026449124 93.103448276]
 - [-0.449511826 0.016403768 93.103448276]
 - [-0.395065434 -0.030316850 93.103448276]
 - [-0.398539789 0.031435530 93.103448276]
 - [-0.337632441 -0.036465873 93.103448276]
 - [-0.342693022 0.047621859 93.103448276]
 - [-0.276557014 -0.043878306 93.103448276]
 - [-0.283162452 0.063936686 93.103448276]
 - [-0.214168820 -0.051536258 93.103448276]
 - [-0.221139005 0.079353940 93.103448276]
 - [-0.152797524 -0.058421841 93.103448276]
 - [-0.157813609 0.092847552 93.103448276]
 - [-0.094772791 -0.063517163 93.103448276]
 - [-0.094377190 0.103391452 93.103448276]
 - [-0.048516961 -0.065556358 93.103448276]
 - [-0.094700939 -0.035696830 93.097629310]
 - [-0.050907634 0.109259744 93.103448276]
 - [-0.094437220 0.075568626 93.097629310]
 - [-0.003306574 -0.065462771 93.103448276]
 - [-0.094631460 -0.007880170 93.094137931]
 - [-0.004918847 0.112176940 93.103448276]
 - [-0.094499606 0.047750472 93.094137931]
 - [0.040425362 -0.063492618 93.103448276]
 - [-0.094564351 0.019934902 93.092974138]
 - [0.041730789 0.112430898 93.103448276]
 - [0.082245837 -0.059902112 93.103448276]
 - [0.087182891 0.110309475 93.103448276]
 - [0.121721841 -0.054947467 93.103448276]
 - [0.129579077 0.106100528 93.103448276]
 - [0.158420364 -0.048884898 93.103448276]
 - [0.167060965 0.100091915 93.103448276]
 - [0.191908397 -0.041970618 93.103448276]
 - [0.197770173 0.092571493 93.103448276]
 - [0.216740439 -0.036061594 93.103448276]
 - [0.192873304 -0.019545711 93.097629310]
 - [0.227075189 0.083783094 93.103448276]
 - [0.196780910 0.070143424 93.097629310]
 - [0.241022008 -0.028949205 93.103448276]
 - [0.193842936 0.002876465 93.094137931]
 - [0.250923489 0.075236925 93.103448276]
 - [0.195796666 0.047719350 93.094137931]
 - [0.263451856 -0.021179134 93.103448276]
 - [0.194817365 0.025297591 93.092974138]
 - [0.270266116 0.066663988 93.103448276]
 - [0.282728731 -0.013297066 93.103448276]
 - [0.286054113 0.057795286 93.103448276]
 - [0.297551385 -0.005848684 93.103448276]
 - [0.299238523 0.048361823 93.103448276]
 - [0.306618569 0.000620326 93.103448276]
 - [0.310770389 0.038094602 93.103448276]
 - [0.315781736 0.010284498 93.103448276]
 - [0.316136093 0.029204420 93.103448276]
 - [0.318370208 0.018189375 93.103448276]
elements:
 - [1 2]
 - [1 3]
 - [2 4]
 - [3 5]
 - [4 6]
 - [5 7]
 - [6 8]
 - [7 9]
 - [8 10]
 - [9 11]
 - [10 12]
 - [11 13]
 - [12 14]
 - [13 15]
 - [14 16]
 - [15 17]
 - [16 18]
 - [17 19]
 - [18 20]
 - [19 21]
 - [20 22]
 - [21 23]
 - [22 24]
 - [22 25]
 - [23 26]
 - [23 27]
 - [24 28]
 - [25 29]
 - [26 30]
 - [27 31]
 - [28 32]
 - [29 33]
 - [30 34]
 - [31 33]
 - [32 35]
 - [34 36]
 - [35 37]
 - [36 38]
 - [37 39]
 - [38 40]
 - [39 41]
 - [40 42]
 - [41 43]
 - [41 44]
 - [42 45]
 - [42 46]
 - [43 47]
 - [44 48]
 - [45 49]
 - [46 50]
 - [47 51]
 - [48 52]
 - [49 53]
 - [50 52]
 - [51 54]
 - [53 55]
 - [54 56]
 - [55 57]
 - [56 58]
 - [57 59]
 - [58 60]
 - [59 61]
 - [60 62]
 - [61 62]
sets:
  element:
  - name: layup_0
    labels:
    - 1
    - 2
    - 3
    - 4
    - 5
    - 6
    - 7
    - 8
    - 61
    - 62
    - 63
    - 64
  - name: layup_1
    labels:
    - 9
    - 10
    - 11
    - 12
    - 13
    - 14
    - 15
    - 16
    - 17
    - 18
    - 19
    - 20
    - 21
    - 22
  - name: layup_2
    labels:
    - 23
    - 25
    - 27
    - 29
    - 31
    - 33
    - 35
    - 36
    - 37
    - 38
    - 39
    - 40
    - 41
    - 42
  - name: layup_3
    labels:
    - 43
    - 47
    - 51
    - 55
    - 57
    - 59
  - name: layup_4
    labels:
    - 45
    - 49
    - 53
    - 56
    - 58
    - 60
  - name: layup_5
    labels:
    - 24
    - 26
    - 28
    - 30
    - 32
    - 34
    - 44
    - 46
    - 48
    - 50
    - 52
    - 54
sections:
- type: shell
  elementSet: layup_0
  layup:
  - - glass_triax
    - 0.001
    - 0
  - - glass_uni
    - 0.005
    - 0
  - - glass_triax
    - 0.001
    - 0
- type: shell
  elementSet: layup_1
  layup:
  - - glass_triax
    - 0.001
    - 0
  - - medium_density_foam
    - 0.01
    - 0
  - - glass_triax
    - 0.001
    - 0
- type: shell
  elementSet: layup_2
  layup:
  - - glass_triax
    - 0.001
    - 0
  - - carbon_uni_industry_baseline
    - 0.01
    - 0
  - - glass_triax
    - 0.001
    - 0
- type: shell
  elementSet: layup_3
  layup:
  - - glass_triax
    - 0.001
    - 0
  - - medium_density_foam
    - 0.007
    - 0
  - - glass_triax
    - 0.001
    - 0
- type: shell
  elementSet: layup_4
  layup:
  - - glass_triax
    - 0.001
    - 0
  - - medium_density_foam
    - 0.008
    - 0
  - - glass_triax
    - 0.001
    - 0
- type: shell
  elementSet: layup_5
  layup:
  - - glass_biax
    - 0.001
    - 0
  - - medium_density_foam
    - 0.02
    - 0
  - - glass_biax
    - 0.001
    - 0
elementOrientations:
 - [0.04183128209643206, 0.0022075649426285533, 0.999122250025087, 0.05705589500771072, -0.9983709688225558, -0.0001829130407378824, 0.9974942449373018, 0.05701346568430533, -0.04188909222729385]
 - [-0.010811508583858653, 0.006259885716668889, 0.9999219595113187, 0.9989677299019241, -0.04405422762951895, 0.01107698707061346, 0.04412013028921335, 0.9990095289129032, -0.005777131163654393]
 - [0.03775738012436924, 0.0012552836477333885, 0.9992861474618308, 0.9782504409394267, 0.2040608451484639, -0.037218896801388804, -0.2039618960687552, 0.9789574024135365, 0.0064768211168713605]
 - [0.012495251113770157, 0.003236897975212129, 0.9999166921254499, 0.9954042311804232, -0.09499077127619275, -0.01213136103100383, 0.09494358981897805, 0.9954728905720399, -0.004408955481012229]
 - [0.03770386443157468, 0.0015387777785347328, 0.9992877717503968, 0.9908522046229561, 0.12961197304609964, -0.03758517043893898, -0.12957749496248333, 0.9915635978625099, 0.0033621709061531007]
 - [0.01245857717197585, 0.002676327348913474, 0.9999188072672553, 0.9976450977270253, -0.06748485574876671, -0.012249621455438672, 0.06744659247199457, 0.9977167090494624, -0.0035107901428419607]
 - [0.037693606275762355, 0.001494513529853927, 0.9992882259264526, 0.9985014162505776, 0.039646944718405915, -0.037723222557026134, -0.0396751029175612, 0.9992126331286072, 2.162448087713244e-06]
 - [0.01243946397309961, 0.0017571763362009267, 0.99992108291974, 0.9998103253103137, -0.015008758555527411, -0.012411710982252864, 0.014985764543294127, 0.9998858182302345, -0.0019435439556570674]
 - [-0.010809651594218598, 0.006208140744158663, 0.9999223021919812, 0.9988740639620326, -0.04612736296257527, 0.011084707036798641, 0.04619259438897562, 0.9989162754578681, -0.0057025300521805385]
 - [-0.018599336391093863, 0.0023788788787536047, 0.9998241873555026, 0.8231404045546046, 0.5676662218567792, 0.013961910776511082, -0.5675332052624694, 0.8232553683384821, -0.012516366340819202]
 - [-0.010824146145890884, 0.005663282866522414, 0.9999253797596028, 0.9999411963358428, -0.0006033527071532666, 0.010827734571641715, 0.0006646282085120503, 0.9999837814648218, -0.005656419066858957]
 - [-0.018363897525637024, 0.0020300411611484824, 0.9998293085324871, 0.897815036759517, 0.4400964722098286, 0.015596631590500055, -0.43998968969303587, 0.897948202337611, -0.009904487996775513]
 - [-0.010817685789301004, 0.005199037301340821, 0.9999279712485809, 0.9990387819027201, 0.04253739381579306, 0.010586896697750047, -0.042479288229590836, 0.9990813481086007, -0.005654196053193347]
 - [-0.018327591639635394, 0.0020068078350324757, 0.999830021607175, 0.9281524426915068, 0.3718446136032312, 0.01626734336186663, -0.3717487626213166, 0.9282928180571995, -0.008677639825615886]
 - [-0.010799957341857479, 0.004854549371381225, 0.9999298946785294, 0.9964447187776687, 0.08361021151544655, 0.010356396595077212, -0.08355407435610962, 0.9964867113417734, -0.005740276800868778]
 - [-0.018343868200949628, 0.0021064653712950725, 0.9998295181194967, 0.946531059792178, 0.3221808334361311, 0.016687223109180718, -0.32209075638416224, 0.9466758016185053, -0.007903877645731944]
 - [-0.010779596699883326, 0.004632818071811496, 0.9999311662768097, 0.9923534939070717, 0.12301206140431502, 0.010127975093147702, -0.1229566729600889, 0.9923943620082563, -0.005923413611357763]
 - [-0.018380630560004222, 0.002279390515700349, 0.9998284636871934, 0.9607325605748394, 0.2769529000667743, 0.01703050779969827, -0.2768665734095196, 0.9608807915259208, -0.007280453625347949]
 - [-0.010761238469375309, 0.004506206193412698, 0.9999319426102694, 0.9868654777446607, 0.16124093131668887, 0.009893983218545283, -0.16118537335132888, 0.9869047857690573, -0.006182171440801225]
 - [-0.018431214985491107, 0.0025356814174716563, 0.9998269153378037, 0.9735488983531634, 0.22781760154307612, 0.017369022497021016, -0.22773412750288535, 0.9737005241586909, -0.0066675650420735064]
 - [-0.010743356569948922, 0.004420557757061368, 0.9999325172023997, 0.9799640078932451, 0.1989407795457261, 0.009649324719723719, -0.19888469906812545, 0.9800015433165681, -0.00646927922769677]
 - [-0.018612652042628963, 0.0024013642181996905, 0.9998238858088114, 0.8215022611910588, 0.5700352262359022, 0.013923925745306608, -0.5699013985260231, 0.8216167441697347, -0.012582593453164469]
 - [-0.02243773416423959, -0.001358368583429285, 0.9997473195364747, -0.19858747541222915, 0.9800781840694116, -0.003125335278269537, -0.9798262921023149, -0.19860742167903983, -0.02226048874198264]
 - [-0.0005334565763322598, 1.7551202343088099e-06, 0.9999998577104903, -0.0024818163874101937, -0.9999969202888744, 4.3117361715556237e-07, 0.9999967780005595, -0.0024818158042613555, 0.0005334592893262654]
 - [-0.018383909834956164, -0.004413895546229694, 0.9998212587184209, -0.8410979336229607, 0.5407247211157652, -0.013078303768599761, -0.540570345019375, -0.8411880250576472, -0.013653152941685428]
 - [-0.0005046987678416921, 1.607808589665232e-06, 0.9999998726382764, -0.002272998125029309, -0.9999974167363193, 4.6062514194058087e-07, 0.9999972893756649, -0.002272997603059409, 0.0005047011186176052]
 - [-0.022425635751391032, -0.0013983228018749564, 0.9997475359081853, -0.518803987038171, 0.8548294516873156, -0.010441817909754255, -0.8545990369140628, -0.5189071720657797, -0.019895549357880175]
 - [-0.0005273373831389101, 1.7244992912976794e-06, 0.9999998609561455, -0.0024420388131936002, -0.9999970182186766, 4.36715852605354e-07, 0.9999968791759899, -0.0024420382433465154, 0.0005273400220283523]
 - [-0.01851081479585442, -0.00454489048977152, 0.9998183303510841, -0.7721161776951224, 0.6353790144912912, -0.011406843803144521, -0.6352117425528808, -0.7721870575932435, -0.015270566735426098]
 - [-0.0005100698841869422, 1.6360482260813852e-06, 0.9999998699130098, -0.0023166346448851077, -0.9999973165982576, 4.5439833006576186e-07, 0.9999971865123599, -0.0023166341117461763, 0.0005100723055905276]
 - [-0.022426557136052003, -0.0013548882334107023, 0.9997475750472711, -0.19845827734242055, 0.9801043594047241, -0.0031235925045605653, -0.9798527244894013, -0.19847823294691688, -0.0222492552002779]
 - [-0.0005213953466147601, 1.6944242718202795e-06, 0.9999998640720015, -0.0024012128993366267, -0.9999971170840529, 4.424382149946095e-07, 0.9999969811571958, -0.0024012123422593374, 0.0005213979121492184]
 - [-0.018425076338211725, -0.004790389278847461, 0.999818767943715, -0.9617258253331546, 0.27352159766731154, -0.01641257130324054, -0.2733934041801186, -0.9618539326634155, -0.009646697400036519]
 - [-0.0005156373751277576, 1.6649298914646374e-06, 0.9999998670576535, -0.00235939261583646, -0.9999972166292678, 4.4833430173914067e-07, 0.9999970836880384, -0.0023593920709953464, 0.0005156398681410713]
 - [-0.022427966974465724, -0.0014002275080613347, 0.9997474809472233, -0.5231954892057348, 0.8521474702350861, -0.010543673302742806, -0.8519175232216818, -0.5232998455330067, -0.0198445280358865]
 - [-0.018365965745640644, -0.004568350293179618, 0.99982089469956, -0.9441442390736453, 0.32915159592631066, -0.015839277862640357, -0.3290202837611644, -0.9442660414707083, -0.010358368547281508]
 - [-0.02241440943091522, -0.0013511331079036145, 0.9997478525554272, -0.19854170696421622, 0.9800874522202022, -0.0031267549069327054, -0.9798361010115918, -0.1985617295448381, -0.02223633770574522]
 - [-0.018355808047404103, -0.0044830488768199, 0.9998214673548947, -0.9202079093292733, 0.3911370253637699, -0.015140376396557418, -0.3909993195886338, -0.9203215360200746, -0.011304973192169372]
 - [-0.022429683778710283, -0.0014017774964919583, 0.9997474402595078, -0.5272506827447243, 0.8496431933402687, -0.010637742042971104, -0.8494136959284385, -0.5273561216392588, -0.019796316293437408]
 - [-0.018363911635120904, -0.004439365320950362, 0.9998215134637807, -0.8871124579957821, 0.4613334545771024, -0.014245369656092719, -0.46118787236671743, -0.8872157210754912, -0.012410103075988485]
 - [-0.02240132370459365, -0.0013471074632176968, 0.9997481512849946, -0.19882468230851136, 0.9800300610140835, -0.0031345196842408256, -0.9797790191676903, -0.19884482595786573, -0.022221808850418835]
 - [-0.018392098250188713, -0.0044275343009671534, 0.9998210478190431, -0.8401568700784573, 0.5421863386573231, -0.013054035136190837, -0.5420315160412038, -0.8402466132709969, -0.01369176777096115]
 - [-0.01072009307035854, -0.00695888282487017, 0.999918323441666, -0.9728350172307355, 0.23133145157205692, -0.008819793832025679, -0.23125118130344163, -0.972850108425442, -0.009249739583792833]
 - [-0.014255160883937332, 0.0006239881468153857, 0.9998981953313876, 0.039413171699861194, 0.9992229971800867, -6.166848087722624e-05, -0.99912131009439, 0.03940828016086094, -0.014268677935701309]
 - [0.013100096195675292, -0.005883931256681971, 0.999896878099252, -0.957707186498811, -0.2875397487985521, 0.010855311575292523, 0.28744622524603647, -0.95775063153925, -0.009401881618730642]
 - [-0.013927717861154336, 0.0006684297420543669, 0.9999027812126837, 0.04782691835883415, 0.9988556381569409, -1.545141709292778e-06, -0.998758531655914, 0.04782224716353245, -0.01394374844697499]
 - [-0.010745344451073403, -0.006906703279455082, 0.9999184141830961, -0.9893384817537106, 0.1453157657189652, -0.009627915390840167, -0.14523741285870578, -0.9893612210327027, -0.008394535293241231]
 - [-0.01420097294134028, 0.0006337790456713685, 0.999898960241304, 0.041121316051862915, 0.9991541597456953, -4.928525304738018e-05, -0.9990532366864552, 0.04111646126546682, -0.0142150230152203]
 - [0.013075658776346418, -0.005809628766514874, 0.9998976324410214, -0.959180352844153, -0.2825848757272731, 0.01090131771704288, 0.2824926155943388, -0.9592247058034927, -0.009267465180525366]
 - [-0.014004356853549515, 0.0006604930240076404, 0.9999017160391729, 0.046173829358870544, 0.9989334198580411, -1.3155064559763072e-05, -0.9988352494137641, 0.04616910698381607, -0.014019917576811876]
 - [-0.0107788292051584, -0.007091768635448906, 0.9999167583647086, -0.9968027546774061, 0.0792500528901666, -0.010183191269948811, -0.07917123914971012, -0.9968295420655059, -0.00792331729595318]
 - [-0.014141066697947279, 0.0006431439950411198, 0.9998998032795314, 0.04281891403000914, 0.9990828490312433, -3.7052728232987134e-05, -0.9989827680365337, 0.04281409975014804, -0.014155635932358593]
 - [0.013037568431134629, -0.005702643961872539, 0.9998987457044077, -0.9627352444912846, -0.27022136820623005, 0.01101186537602186, 0.27013121038434285, -0.9627813313606559, -0.00901316590842366]
 - [-0.014075502921432368, 0.0006520568404092191, 0.9999007225916912, 0.04450379692321115, 0.9990092148896429, -2.4999950523477144e-05, -0.9989100521453002, 0.04449902681471609, -0.014090576127924984]
 - [-0.01080240795532551, -0.007460252425493724, 0.9999138225947848, -0.9997174642172687, 0.02125431104381337, -0.010641710438014262, -0.02117308955633138, -0.9997462672577481, -0.007687742375939969]
 - [0.012992225964171872, -0.005578982760151477, 0.9999000335112794, -0.9679882605558724, -0.25074642150816295, 0.011178529727409521, 0.2506589904442125, -0.9680367281525079, -0.008658143985611707]
 - [-0.010803660983128209, -0.007982762948473922, 0.9999097741321812, -0.9993082973844218, -0.035498561531840264, -0.011080564417829373, 0.03558381216240256, -0.9993378445875435, -0.007593726826284206]
 - [0.01294954135553161, -0.005472350306385956, 0.9999011764973605, -0.9746401583414657, -0.22348740105990297, 0.011399268205152678, 0.22340293446327938, -0.9746914562822506, -0.008227631711581467]
 - [-0.010768304396221999, -0.008643933385721642, 0.9999046584730232, -0.9952969263086741, -0.09618015819638363, -0.01155013635523054, 0.09627082684248695, -0.9953264085640158, -0.007567583109690241]
 - [0.01292789763330064, -0.005465614187899132, 0.999901493410392, -0.9823174540621916, -0.18685827996193938, 0.011679154697132833, 0.18677603943642496, -0.9823716762362475, -0.00778465292922585]
 - [0.012427785785392822, 0.0014979511055937473, 0.9999216500721229, 0.9998352748382032, -0.01324737128423136, -0.012406866779024438, 0.013227748473838064, 0.9999111276991289, -0.0016623398478955045]
 - [0.01245283539676302, 0.002636046700506072, 0.9999189857925358, 0.9973403585873354, -0.07185126555132373, -0.012231302937866721, 0.07181320229223753, 0.9974118742507861, -0.0035237877444954315]
 - [0.01244586535269454, 0.0025733329303480254, 0.9999192359352091, 0.9971180706886349, -0.074875003246013, -0.012218305737052602, 0.07483751426789341, 0.9971896067682108, -0.003497800975430601]
 - [0.012434411421989616, 0.001645354033098843, 0.9999213360173361, 0.9998220094626026, -0.014210786068951523, -0.012409792643959765, 0.014189249689545914, 0.9998976679487799, -0.001821763936261505]
materials:
- name: Gelcoat
  density: 1235.0
  elastic:
    E:
    - 3440000000.0
    - 3440000000.0
    - 3440000000.0
    G:
    - 1323000000.0
    - 1323000000.0
    - 1323000000.0
    nu:
    - 0.3
    - 0.3
    - 0.3
- name: Adhesive
  density: 1100.0
  elastic:
    E:
    - 3900000000.0
    - 3900000000.0
    - 3900000000.0
    G:
    - 1500000000.0
    - 1500000000.0
    - 1500000000.0
    nu:
    - 0.3
    - 0.3
    - 0.3
- name: glass_uni
  density: 1940.0
  elastic:
    E:
    - 43700000000.0
    - 16500000000.0
    - 15450000000.0
    G:
    - 3265000000.0
    - 3495000000.0
    - 3480000000.0
    nu:
    - 0.262
    - 0.264
    - 0.35
- name: carbon_uni_industry_baseline
  density: 1600.0
  elastic:
    E:
    - 157599000000.0
    - 9100000000.0
    - 9100000000.0
    G:
    - 4131000000.0
    - 4131000000.0
    - 2689000000.0
    nu:
    - 0.3133
    - 0.3133
    - 0.47066
- name: glass_biax
  density: 1940.0
  elastic:
    E:
    - 11023100000.0
    - 11023100000.0
    - 16047700000.0
    G:
    - 13231400000.0
    - 3487480000.0
    - 3487480000.0
    nu:
    - 0.688074
    - 0.117173
    - 0.117173
- name: glass_triax
  density: 1940.0
  elastic:
    E:
    - 28211400000.0
    - 16238800000.0
    - 15835500000.0
    G:
    - 8248220000.0
    - 3491240000.0
    - 3491240000.0
    nu:
    - 0.497511
    - 0.18091
    - 0.27481
- name: medium_density_foam
  density: 130.0
  elastic:
    E:
    - 142500000.0
    - 142500000.0
    - 142500000.0
    G:
    - 54000000.0
    - 54000000.0
    - 54000000.0
    nu:
    - 0.3194
    - 0.3194
    - 0.3194
- name: resin
  density: 1150.0
  elastic:
    E:
    - 1000000.0
    - 1000000.0
    - 1000000.0
    G:
    - 312500.0
    - 312500.0
    - 312500.0
    nu:
    - 0.3
    - 0.3
    - 0.3
- name: steel
  density: 7800
  elastic:
    E:
    - 200000000000.0
    - 200000000000.0
    - 200000000000.0
    G:
    - 79300000000.0
    - 79300000000.0
    - 79300000000.0
    nu:
    - 0.3
    - 0.3
    - 0.3
