nodes:
 - [-2.005496701 0.082406054 55.172413793]
 - [-2.005690180 0.077697405 55.172413793]
 - [-2.005303222 0.087114703 55.172413793]
 - [-1.942349285 0.081832865 55.172413793]
 - [-1.941797445 0.095262875 55.172413793]
 - [-1.775538667 0.088794355 55.172413793]
 - [-1.774335215 0.118082492 55.172413793]
 - [-1.481053424 0.074350362 55.172413793]
 - [-1.485347565 0.162891195 55.172413793]
 - [-1.324694499 0.056485314 55.172413793]
 - [-1.313051815 0.192341746 55.172413793]
 - [-1.150895260 0.018595970 55.172413793]
 - [-1.139073654 0.222666069 55.172413793]
 - [-0.962553556 -0.034415178 55.172413793]
 - [-0.959979619 0.253614031 55.172413793]
 - [-0.762567234 -0.097645638 55.172413793]
 - [-0.772336246 0.284935500 55.172413793]
 - [-0.553834144 -0.166192919 55.172413793]
 - [-0.572710069 0.316380342 55.172413793]
 - [-0.339252134 -0.235154528 55.172413793]
 - [-0.357667624 0.347698423 55.172413793]
 - [-0.121719052 -0.299627975 55.172413793]
 - [-0.123775447 0.378639612 55.172413793]
 - [0.012326902 -0.329011952 55.172413793]
 - [-0.122054156 -0.186571716 55.168965517]
 - [0.018467655 0.391089116 55.172413793]
 - [0.160783135 -0.348325395 55.172413793]
 - [-0.122392277 -0.073531426 55.166896552]
 - [0.161458990 0.397573892 55.172413793]
 - [-0.123425000 0.265578414 55.168965517]
 - [0.315579260 -0.358371231 55.172413793]
 - [-0.122733440 0.039501374 55.166206897]
 - [0.303666768 0.397508597 55.172413793]
 - [-0.123077673 0.152535161 55.166896552]
 - [0.468644892 -0.359952391 55.172413793]
 - [0.443559197 0.390307888 55.172413793]
 - [0.611909646 -0.353871802 55.172413793]
 - [0.579604486 0.375386423 55.172413793]
 - [0.737303135 -0.340932393 55.172413793]
 - [0.710270843 0.352158858 55.172413793]
 - [0.836754974 -0.321937093 55.172413793]
 - [0.834026477 0.320039852 55.172413793]
 - [0.978514037 -0.288142766 55.172413793]
 - [0.836247956 -0.214927501 55.168965517]
 - [0.974258298 0.273172810 55.172413793]
 - [0.834429072 0.213030379 55.168965517]
 - [1.098367519 -0.250404450 55.172413793]
 - [0.835761891 -0.107933983 55.166896552]
 - [1.098036546 0.217265422 55.172413793]
 - [0.834852483 0.106036932 55.166896552]
 - [1.196527130 -0.210239284 55.172413793]
 - [0.835296744 -0.000948514 55.166206897]
 - [1.202301595 0.156087990 55.172413793]
 - [1.273204580 -0.169164405 55.172413793]
 - [1.283993822 0.093410815 55.172413793]
 - [1.328611579 -0.128696953 55.172413793]
 - [1.340053601 0.033004198 55.172413793]
 - [1.362959836 -0.090354065 55.172413793]
 - [1.367421307 -0.021361561 55.172413793]
 - [1.370590368 -0.066975937 55.172413793]
 - [1.371929733 -0.047350677 55.172413793]
 - [1.373219554 -0.056425725 55.172413793]
elements:
 - [1 2]
 - [1 3]
 - [2 4]
 - [3 5]
 - [4 6]
 - [5 7]
 - [6 8]
 - [7 9]
 - [8 10]
 - [9 11]
 - [10 12]
 - [11 13]
 - [12 14]
 - [13 15]
 - [14 16]
 - [15 17]
 - [16 18]
 - [17 19]
 - [18 20]
 - [19 21]
 - [20 22]
 - [21 23]
 - [22 24]
 - [22 25]
 - [23 26]
 - [23 30]
 - [24 27]
 - [25 28]
 - [26 29]
 - [27 31]
 - [28 32]
 - [29 33]
 - [30 34]
 - [31 35]
 - [32 34]
 - [33 36]
 - [35 37]
 - [36 38]
 - [37 39]
 - [38 40]
 - [39 41]
 - [40 42]
 - [41 43]
 - [41 44]
 - [42 45]
 - [42 46]
 - [43 47]
 - [44 48]
 - [45 49]
 - [46 50]
 - [47 51]
 - [48 52]
 - [49 53]
 - [50 52]
 - [51 54]
 - [53 55]
 - [54 56]
 - [55 57]
 - [56 58]
 - [57 59]
 - [58 60]
 - [59 61]
 - [60 62]
 - [61 62]
sets:
  element:
  - name: layup_0
    labels:
    - 1
    - 2
    - 3
    - 4
    - 5
    - 6
    - 7
    - 8
  - name: layup_1
    labels:
    - 9
    - 11
    - 13
    - 15
    - 17
    - 19
    - 21
  - name: layup_2
    labels:
    - 23
    - 25
    - 27
    - 29
    - 30
    - 32
    - 34
    - 36
    - 37
    - 38
    - 39
    - 40
    - 41
    - 42
  - name: layup_3
    labels:
    - 43
    - 47
    - 51
    - 55
    - 57
    - 59
  - name: layup_4
    labels:
    - 61
    - 62
    - 63
    - 64
  - name: layup_5
    labels:
    - 45
    - 49
    - 53
    - 56
    - 58
    - 60
  - name: layup_6
    labels:
    - 10
    - 12
    - 14
    - 16
    - 18
    - 20
    - 22
  - name: layup_7
    labels:
    - 44
    - 46
    - 48
    - 50
    - 52
    - 54
  - name: layup_8
    labels:
    - 24
    - 26
    - 28
    - 31
    - 33
    - 35
sections:
- type: shell
  elementSet: layup_0
  layup:
  - - glass_triax
    - 0.003
    - 0
  - - glass_uni
    - 0.01
    - 0
  - - glass_triax
    - 0.002
    - 0
- type: shell
  elementSet: layup_1
  layup:
  - - glass_triax
    - 0.003
    - 0
  - - medium_density_foam
    - 0.044
    - 0
  - - glass_triax
    - 0.002
    - 0
- type: shell
  elementSet: layup_2
  layup:
  - - glass_triax
    - 0.003
    - 0
  - - carbon_uni_industry_baseline
    - 0.035
    - 0
  - - glass_triax
    - 0.002
    - 0
- type: shell
  elementSet: layup_3
  layup:
  - - glass_triax
    - 0.003
    - 0
  - - medium_density_foam
    - 0.068
    - 0
  - - glass_triax
    - 0.002
    - 0
- type: shell
  elementSet: layup_4
  layup:
  - - glass_triax
    - 0.003
    - 0
  - - glass_uni
    - 0.005
    - 0
  - - glass_triax
    - 0.002
    - 0
- type: shell
  elementSet: layup_5
  layup:
  - - glass_triax
    - 0.003
    - 0
  - - medium_density_foam
    - 0.032
    - 0
  - - glass_triax
    - 0.002
    - 0
- type: shell
  elementSet: layup_6
  layup:
  - - glass_triax
    - 0.003
    - 0
  - - medium_density_foam
    - 0.062
    - 0
  - - glass_triax
    - 0.002
    - 0
- type: shell
  elementSet: layup_7
  layup:
  - - glass_biax
    - 0.002
    - 0
  - - medium_density_foam
    - 0.034
    - 0
  - - glass_biax
    - 0.002
    - 0
- type: shell
  elementSet: layup_8
  layup:
  - - glass_biax
    - 0.002
    - 0
  - - medium_density_foam
    - 0.023
    - 0
  - - glass_biax
    - 0.002
    - 0
elementOrientations:
 - [0.024470240758946046, -0.005612796995445529, 0.9996848022387292, -0.04102824340367187, -0.9991473728567127, -0.004605492019147037, 0.9988582935333764, -0.04090261389468024, -0.02467965996877674]
 - [9.776717772928377e-05, -0.0024676975670281957, 0.9999969504504984, 0.9939203067468604, -0.11010126144038557, -0.00036887052315055834, 0.1101018359420311, 0.9939173118011144, 0.002441930433183683]
 - [0.01735159914425257, -0.006292437859890505, 0.9998296491067452, 0.9977201321692094, 0.06533605079841992, -0.01690379632869512, -0.0652185546558101, 0.997843477551387, 0.007411776896359198]
 - [0.000421919899855391, -1.8901916821096937e-05, 0.9999999108131541, 0.9626733654104733, -0.27066551751585677, -0.0004112871837072788, 0.27066550115016913, 0.962673453082919, -9.600279616572286e-05]
 - [0.0173235491278738, -0.005932300577456687, 0.9998323371723244, 0.9989750957690188, 0.04192512864807423, -0.01705994200230421, -0.0418168946586628, 0.9991031435230804, 0.006652512563322743]
 - [0.00013990543875494525, -0.0013899523098549877, 0.9999990242290465, 0.977102442127037, -0.21276896057483766, -0.0004324410760541768, 0.2127693540335387, 0.977101549199713, 0.0013283582616167699]
 - [0.01728473759935667, -0.004946314446424805, 0.9998383728480911, 0.9986586231948099, -0.04872899466140611, -0.017505410533158045, 0.04880770599779436, 0.9987997892734486, 0.004097411688752341]
 - [2.292502290991969e-05, -0.002826118535649889, 0.999996006256258, 0.9935465400151634, -0.11342466640201673, -0.000343330000482609, 0.11342518370424334, 0.9935425799157346, 0.0028052800296918478]
 - [0.00011685005162327916, -0.0023809881704504802, 0.9999971586166619, 0.9940714352292545, -0.1087282898186867, -0.00037503913600532866, 0.10872887384368186, 0.9940686545145844, 0.002354167421585359]
 - [0.0011450496522902877, -0.009408529993821378, 0.9999550832035653, -0.9854435687532289, -0.17000220839171362, -0.00047111022167862284, 0.16999900489177686, -0.9853987663404576, -0.009466236343440649]
 - [0.00033017685744769727, -0.0006553178225845517, 0.9999997307708612, 0.979309913667431, -0.2023657211428456, -0.0004559594562647339, 0.20236596545845484, 0.979309800555926, 0.0005749427623979272]
 - [0.0011121485114911325, -0.00918815506440923, 0.9999571695488763, -0.9844640042281033, -0.17558574992643516, -0.0005184611264297244, 0.17558299321077936, -0.9844212625849177, -0.009240685356596773]
 - [0.0006734015670024849, 0.0008856381422798542, 0.9999993810875134, 0.9654172396471414, -0.2607093739147872, -0.00041921957586096875, 0.26070884128165395, 0.965416924441477, -0.0010305724315724848]
 - [0.0010631047155519621, -0.008900371493858738, 0.9999598257908341, -0.9844802700113098, -0.17549453649674088, -0.0005153816575971653, 0.17549207323073782, -0.9844401713903519, -0.0089488092007783]
 - [0.0009496655103236374, 0.0018918674951304657, 0.9999977594838896, 0.9560982081590305, -0.2930462273150628, -0.0003535696529213855, 0.29304490183333576, 0.9560964017784973, -0.0020871070171801275]
 - [0.0009932072043663963, -0.008499333397491064, 0.9999633867653595, -0.9853012757886138, -0.170824974489745, -0.00047330741453700814, 0.1708227428323872, -0.9852647306294773, -0.008544068635249638]
 - [0.001138696135606005, 0.002528121517116257, 0.9999961559789641, 0.9523015549288583, -0.3051584024241362, -0.0003129057800481986, 0.3051564383249827, 0.9522982505662517, -0.0027550167453869816]
 - [0.0008926901136898767, -0.007902242640275845, 0.9999683783328428, -0.9867854922270184, -0.16203157934363696, -0.00039953183597961405, 0.16202961283247636, -0.9867539317665072, -0.007942462382467553]
 - [0.0013094561632862644, 0.0031253417893011537, 0.9999942587651475, 0.953884066704665, -0.3001750999248129, -0.00031092137137692094, 0.30017240481351215, 0.9538789973701217, -0.0033742798704822306]
 - [0.00077727904393602, -0.0071680046425074365, 0.9999740074355596, -0.988815042706755, -0.14914664264650832, -0.00030050642681256606, 0.1491449199742507, -0.9887891072906899, -0.007203759376505755]
 - [0.001528737624913274, 0.003978384150117281, 0.9999909176691698, 0.9601956292403442, -0.27932816974485325, -0.00035661566140418876, 0.2793242140399104, 0.9601874535977569, -0.004247046555168785]
 - [0.0007086800094751835, -0.006663303456046085, 0.9999775488278205, -0.9912681472726264, -0.13186140138716027, -0.00017614456623251656, 0.1318596146488308, -0.9912457673106436, -0.006698568010774554]
 - [-0.00825441520781234, 0.008243602567995273, 0.9999319515078403, 0.9834615933987279, -0.18086169218793835, 0.009609506155426545, 0.18092860177211556, 0.983473991173949, -0.006614359014359682]
 - [-0.006738586125129004, -2.0689945363496864e-05, 0.9999772952567276, 0.0031693522401747246, -0.9999949775903538, 6.671267281132215e-07, 0.9999722729473114, 0.0031692847763366847, 0.006738617854913736]
 - [-0.02478400213830943, 0.011274717750272873, 0.9996292482604037, 0.917569180624016, 0.39715614858071474, 0.018269986685945674, -0.3968029133045517, 0.9176817936431912, -0.020188452363552104]
 - [-0.006734539895834449, -1.9749384563060385e-05, 0.9999773225340433, 0.002893724139449972, -0.9999958131715037, -2.6140713915746036e-07, 0.9999731358056557, 0.002893656756662503, 0.006734568848741751]
 - [-0.008158021215548431, 0.008865958398883668, 0.9999274181016921, 0.992987379121277, -0.11786605518412685, 0.009146471515811641, 0.11793859247805129, 0.9929899233209779, -0.007842231015120663]
 - [-0.0067382836964730375, -2.0503219222449547e-05, 0.9999772972985156, 0.0031142067997860976, -0.9999951508461311, 4.813000340721628e-07, 0.9999724482448673, 0.0031141393420149343, 0.006738314872763301]
 - [-0.024354873853406164, 0.010423619128493669, 0.9996490325528498, 0.946534230225138, 0.3220011399742265, 0.019703219721758407, -0.32168274919816575, 0.946681896953545, -0.017708609452674044]
 - [-0.008131267938110401, 0.008596162785071637, 0.9999299917829706, 0.9984556510632272, -0.05488629572622554, 0.00859112340507965, 0.05495630392981908, 0.9984556076896088, -0.00813659213353388]
 - [-0.00673772780896328, -2.031570586462869e-05, 0.9999773010480014, 0.003059049568406789, -0.9999953210968797, 2.9543924280234053e-07, 0.9999726222450845, 0.0030589821217766764, 0.006737758430538865]
 - [-0.024143765429053436, 0.009963398760214024, 0.9996588464451516, 0.9691545484895175, 0.24556090404725991, 0.020959569307867066, -0.24526830152505577, 0.9693299608949665, -0.015584838092739582]
 - [-0.00673585565893911, -1.9938693840257968e-05, 0.9999773136681606, 0.002948786551723266, -0.9999956523194823, -7.600829610796898e-08, 0.999972966087791, 0.0029487191425921185, 0.006735885168542946]
 - [-0.00808688987898647, 0.009038484356724313, 0.9999264513016036, 0.9999401449845124, 0.0074424745466523156, 0.008019726988783801, -0.007369440985403243, 0.9999314553373922, -0.009098129830189094]
 - [-0.006736918413104563, -2.012749923842895e-05, 0.9999773065050921, 0.003003902251600282, -0.9999954882754478, 1.0963844935618647e-07, 0.9999727948807198, 0.0030038348211851203, 0.006736948479024633]
 - [-0.028028683602018333, 0.014658633602475308, 0.9994996334949036, 0.6317370773843911, 0.7751567442538282, 0.006347195887389674, -0.7746758405638874, 0.6315988808561281, -0.030987025477137563]
 - [-0.008104527546990979, 0.01067070557699538, 0.9999102223078477, 0.9976208151221169, 0.06854648832194069, 0.007354466249395293, -0.06846185703239074, 0.9975908555020034, -0.011200854898504914]
 - [-0.025985067844818473, 0.01285666790461603, 0.9995796528238712, 0.806479608897832, 0.5911108936824374, 0.013362327714518245, -0.5906906268776405, 0.8064878284638527, -0.025728697179593453]
 - [-0.008253910988195128, 0.01287453721675618, 0.9998830527841006, 0.9917594282960356, 0.1279471478904819, 0.006539398490012007, -0.127847993098519, 0.9916974204051081, -0.013824508039547618]
 - [-0.02532977487634457, 0.01214614713228261, 0.9996053589364933, 0.8769314062301636, 0.4803361844966742, 0.016384707210229138, -0.47994761304948863, 0.8770003540324358, -0.022818145303254118]
 - [-0.008437978243060537, 0.014013053746425795, 0.9998662084738482, 0.9826676412184382, 0.18528859147287108, 0.0056960312665680825, -0.1851839826371597, 0.9825842316029191, -0.015333635574802855]
 - [-0.024835902680705842, 0.011393629764180761, 0.9996266118600641, 0.9178189866286875, 0.3965779007432107, 0.01828322799718387, -0.3962215109278185, 0.9179303643756996, -0.020306659872359835]
 - [-0.025705409738005114, -0.0060675380295056635, 0.9996511475972314, -0.9461350495728479, 0.3229986151307354, -0.022368786140766667, -0.3227502128271729, -0.9463799869005514, -0.014043522141075244]
 - [-0.008990111561621666, -4.7505079476034633e-05, 0.9999595870020827, -0.005079071873586099, 0.9999871014295663, 1.843118441342992e-06, -0.9999466890404771, -0.005078850043224642, -0.008990236883747503]
 - [-0.008206481447874312, -0.0076593069809756, 0.9999369923544267, -0.9990838999946319, -0.04193755146042064, -0.0085207129409027, 0.042000171830153164, -0.9990908751430352, -0.007308130551779992]
 - [-0.009534534086512865, -4.286979449380956e-05, 0.99995454437786, -0.003503395820667022, 0.9999938630452214, 9.466714848556692e-06, -0.9999484081078769, -0.0035031463109149803, -0.009534625763367206]
 - [-0.0324444187086275, -0.010385005680323937, 0.9994195872363517, -0.4506508829720632, 0.8926842217488962, -0.005353682570656987, -0.8921104984087784, -0.45056301656659203, -0.03364263264451432]
 - [-0.009104137531791385, -4.669941226615884e-05, 0.9999585553906556, -0.004769737376193815, 0.9999886247326211, 3.274671701993529e-06, -0.9999471807476454, -0.0047695098832300385, -0.00910425671372484]
 - [-0.008171063955468188, -0.007408847197237309, 0.9999391694983467, -0.9999321622894248, 0.00836146281252871, -0.008109054126703543, -0.008300875437612367, -0.9999375955142615, -0.00747666664540789]
 - [-0.009430861285992596, -4.391546944500664e-05, 0.9999555274745151, -0.003823989090214133, 0.9999926884961631, 7.851986885646977e-06, -0.999948216640663, -0.003823744976762726, -0.00943096026449017]
 - [-0.028993824017445588, -0.008667935989142332, 0.9995420076487699, -0.6779114717547443, 0.7350234058382112, -0.013290196887658473, -0.734571572164457, -0.6779863271155874, -0.02718723252105197]
 - [-0.009215629293023558, -4.583171913968924e-05, 0.9999575341364189, -0.004457332753100973, 0.9999900660317202, 4.7543394577340665e-06, -0.9999476008078932, -0.004457099654386368, -0.009215742032477338]
 - [-0.008139545313123558, -0.007508039279675151, 0.9999386866944747, -0.9976924605947202, 0.06746681127355314, -0.007614686404050233, -0.06740550329571666, -0.9976932688570941, -0.008039863350673958]
 - [-0.00932454892405751, -4.4903275804605446e-05, 0.9999565244404673, -0.004142026184340268, 0.9999914217530278, 6.28063786682187e-06, -0.9999479468484603, -0.0041417875433192395, -0.009324654926318078]
 - [-0.02737988596673355, -0.007463905315736177, 0.9995972348710686, -0.7908078258676275, 0.6118258158236415, -0.017092502398757835, -0.6114518169005342, -0.7909573068182464, -0.022654235803974174]
 - [-0.00816521496442163, -0.008156666191857332, 0.9999333968126176, -0.9911487839094847, 0.13257043006868172, -0.007012077164054124, -0.13250440528274773, -0.9911400253586974, -0.009166935836251612]
 - [-0.026542741515505733, -0.0067533313236087964, 0.9996248673321784, -0.8599751233068663, 0.5099674879706134, -0.019389391591360355, -0.509645239520769, -0.8601671661537518, -0.01934363215226835]
 - [-0.008288679906360362, -0.009214295899971182, 0.9999231943186823, -0.9799087989970341, 0.1993470202514876, -0.006285790725376962, -0.19927379013206964, -0.9798856373413793, -0.010681493270095372]
 - [-0.026065921489382436, -0.006367398687774138, 0.9996399471664086, -0.9087848403622706, 0.4167341265623046, -0.0210423783369461, -0.4164500950469711, -0.9090061187870542, -0.016649154424911144]
 - [-0.008458346045939053, -0.010122866679201079, 0.9999129881906539, -0.964801804360093, 0.2629205825848802, -0.005499596052102601, -0.2628420337116502, -0.9647643726959565, -0.011990433307492677]
 - [-0.008523427742229375, -0.010563524639593395, 0.9999078773200619, -0.9671693161281195, 0.2540720330192364, -0.005560213821287382, -0.2539898917669547, -0.9671276099795005, -0.01238228151633886]
 - [-0.00832333098520417, -0.009501813397367949, 0.9999202156689667, -0.9817771275774835, 0.18992926793168932, -0.006367491549998477, -0.18985361183558633, -0.9817517958858516, -0.010909507224818128]
 - [-0.008314471882582743, -0.009463544160177105, 0.9999206522965921, -0.9836296010680928, 0.18008577716628324, -0.006474624702724396, -0.18001021487665386, -0.9836053854032849, -0.010805940297667406]
 - [-0.008529188882281833, -0.010569245043458533, 0.9999077677447165, -0.9658824764351698, 0.2589223218306831, -0.005502088082944631, -0.258840287923798, -0.9658403192645355, -0.01241704596535873]
materials:
- name: Gelcoat
  density: 1235.0
  elastic:
    E:
    - 3440000000.0
    - 3440000000.0
    - 3440000000.0
    G:
    - 1323000000.0
    - 1323000000.0
    - 1323000000.0
    nu:
    - 0.3
    - 0.3
    - 0.3
- name: Adhesive
  density: 1100.0
  elastic:
    E:
    - 3900000000.0
    - 3900000000.0
    - 3900000000.0
    G:
    - 1500000000.0
    - 1500000000.0
    - 1500000000.0
    nu:
    - 0.3
    - 0.3
    - 0.3
- name: glass_uni
  density: 1940.0
  elastic:
    E:
    - 43700000000.0
    - 16500000000.0
    - 15450000000.0
    G:
    - 3265000000.0
    - 3495000000.0
    - 3480000000.0
    nu:
    - 0.262
    - 0.264
    - 0.35
- name: carbon_uni_industry_baseline
  density: 1600.0
  elastic:
    E:
    - 157599000000.0
    - 9100000000.0
    - 9100000000.0
    G:
    - 4131000000.0
    - 4131000000.0
    - 2689000000.0
    nu:
    - 0.3133
    - 0.3133
    - 0.47066
- name: glass_biax
  density: 1940.0
  elastic:
    E:
    - 11023100000.0
    - 11023100000.0
    - 16047700000.0
    G:
    - 13231400000.0
    - 3487480000.0
    - 3487480000.0
    nu:
    - 0.688074
    - 0.117173
    - 0.117173
- name: glass_triax
  density: 1940.0
  elastic:
    E:
    - 28211400000.0
    - 16238800000.0
    - 15835500000.0
    G:
    - 8248220000.0
    - 3491240000.0
    - 3491240000.0
    nu:
    - 0.497511
    - 0.18091
    - 0.27481
- name: medium_density_foam
  density: 130.0
  elastic:
    E:
    - 142500000.0
    - 142500000.0
    - 142500000.0
    G:
    - 54000000.0
    - 54000000.0
    - 54000000.0
    nu:
    - 0.3194
    - 0.3194
    - 0.3194
- name: resin
  density: 1150.0
  elastic:
    E:
    - 1000000.0
    - 1000000.0
    - 1000000.0
    G:
    - 312500.0
    - 312500.0
    - 312500.0
    nu:
    - 0.3
    - 0.3
    - 0.3
- name: steel
  density: 7800
  elastic:
    E:
    - 200000000000.0
    - 200000000000.0
    - 200000000000.0
    G:
    - 79300000000.0
    - 79300000000.0
    - 79300000000.0
    nu:
    - 0.3
    - 0.3
    - 0.3
