nodes:
 - [-0.767091882 -0.042265939 89.655172414]
 - [-0.766954344 -0.044762153 89.655172414]
 - [-0.767229421 -0.039769725 89.655172414]
 - [-0.748547165 -0.041259990 89.655172414]
 - [-0.748896843 -0.034913630 89.655172414]
 - [-0.688275283 -0.033493745 89.655172414]
 - [-0.695069205 -0.020604423 89.655172414]
 - [-0.600492957 -0.029718713 89.655172414]
 - [-0.605727991 0.003649419 89.655172414]
 - [-0.547643620 -0.030185442 89.655172414]
 - [-0.550870888 0.018692254 89.655172414]
 - [-0.483954345 -0.035453381 89.655172414]
 - [-0.487852363 0.036799245 89.655172414]
 - [-0.412688637 -0.044055896 89.655172414]
 - [-0.418563797 0.056603039 89.655172414]
 - [-0.337110001 -0.054526355 89.655172414]
 - [-0.344896572 0.076736281 89.655172414]
 - [-0.260481939 -0.065398125 89.655172414]
 - [-0.268742067 0.095831616 89.655172414]
 - [-0.186067956 -0.075204573 89.655172414]
 - [-0.191991665 0.112521692 89.655172414]
 - [-0.117131556 -0.082479066 89.655172414]
 - [-0.116536745 0.125439153 89.655172414]
 - [-0.057093575 -0.085789997 89.655172414]
 - [-0.117025107 -0.047823040 89.649568966]
 - [-0.059981042 0.133670465 89.655172414]
 - [0.000207199 -0.086110494 89.655172414]
 - [-0.116921593 -0.013171676 89.646206897]
 - [-0.001640832 0.137972536 89.655172414]
 - [-0.116628590 0.090780442 89.649568966]
 - [0.054690005 -0.083800435 89.655172414]
 - [-0.116821007 0.021477627 89.645086207]
 - [0.056537340 0.138739585 89.655172414]
 - [-0.116723342 0.056127467 89.646206897]
 - [0.106274084 -0.079219698 89.655172414]
 - [0.112606929 0.136365829 89.655172414]
 - [0.154878675 -0.072728163 89.655172414]
 - [0.164621389 0.131245486 89.655172414]
 - [0.200423017 -0.064685709 89.655172414]
 - [0.210634176 0.123772774 89.655172414]
 - [0.242826352 -0.055452214 89.655172414]
 - [0.248698744 0.114341912 89.655172414]
 - [0.277723148 -0.046249033 89.655172414]
 - [0.283877484 0.103862082 89.655172414]
 - [0.247704529 0.086037513 89.649568966]
 - [0.243789846 -0.027151496 89.649568966]
 - [0.308885260 -0.036455655 89.655172414]
 - [0.314624455 0.092382394 89.655172414]
 - [0.246716606 0.057738096 89.646206897]
 - [0.244759337 0.001145714 89.646206897]
 - [0.335894940 -0.026342843 89.655172414]
 - [0.340824091 0.080193552 89.655172414]
 - [0.245734899 0.029441536 89.645086207]
 - [0.358334441 -0.016181357 89.655172414]
 - [0.362360830 0.067586261 89.655172414]
 - [0.375786014 -0.006241959 89.655172414]
 - [0.379119108 0.054851225 89.655172414]
 - [0.387831910 0.003204591 89.655172414]
 - [0.390983360 0.042279147 89.655172414]
 - [0.395649771 0.013962930 89.655172414]
 - [0.395522493 0.031431370 89.655172414]
 - [0.397806865 0.021918731 89.655172414]
elements:
 - [1 2]
 - [3 1]
 - [2 4]
 - [5 3]
 - [4 6]
 - [7 5]
 - [6 8]
 - [9 7]
 - [8 10]
 - [11 9]
 - [10 12]
 - [13 11]
 - [12 14]
 - [15 13]
 - [14 16]
 - [17 15]
 - [16 18]
 - [19 17]
 - [18 20]
 - [21 19]
 - [20 22]
 - [23 21]
 - [22 24]
 - [25 22]
 - [26 23]
 - [23 30]
 - [24 27]
 - [28 25]
 - [29 26]
 - [27 31]
 - [32 28]
 - [33 29]
 - [30 34]
 - [31 35]
 - [34 32]
 - [36 33]
 - [35 37]
 - [38 36]
 - [37 39]
 - [40 38]
 - [39 41]
 - [42 40]
 - [41 43]
 - [41 46]
 - [44 42]
 - [45 42]
 - [43 47]
 - [48 44]
 - [49 45]
 - [46 50]
 - [47 51]
 - [52 48]
 - [53 49]
 - [50 53]
 - [51 54]
 - [55 52]
 - [54 56]
 - [57 55]
 - [56 58]
 - [59 57]
 - [58 60]
 - [61 59]
 - [60 62]
 - [62 61]
sets:
  element:
  - name: layup_0
    labels:
    - 1
    - 2
    - 3
    - 4
    - 5
    - 6
    - 7
    - 8
    - 61
    - 62
    - 63
    - 64
  - name: layup_1
    labels:
    - 9
    - 11
    - 13
    - 15
    - 17
    - 19
    - 21
    - 43
    - 47
    - 51
    - 55
    - 57
    - 59
  - name: layup_2
    labels:
    - 23
    - 25
    - 27
    - 29
    - 30
    - 32
    - 34
    - 36
    - 37
    - 38
    - 39
    - 40
    - 41
    - 42
  - name: layup_3
    labels:
    - 45
    - 48
    - 52
    - 56
    - 58
    - 60
  - name: layup_4
    labels:
    - 10
    - 12
    - 14
    - 16
    - 18
    - 20
    - 22
  - name: layup_5
    labels:
    - 24
    - 26
    - 28
    - 31
    - 33
    - 35
    - 44
    - 46
    - 49
    - 50
    - 53
    - 54
sections:
- type: shell
  elementSet: layup_0
  layup:
  - - glass_triax
    - 0.001
    - 0
  - - glass_uni
    - 0.005
    - 0
  - - glass_triax
    - 0.001
    - 0
- type: shell
  elementSet: layup_1
  layup:
  - - glass_triax
    - 0.001
    - 0
  - - medium_density_foam
    - 0.014
    - 0
  - - glass_triax
    - 0.001
    - 0
- type: shell
  elementSet: layup_2
  layup:
  - - glass_triax
    - 0.001
    - 0
  - - carbon_uni_industry_baseline
    - 0.01
    - 0
  - - glass_triax
    - 0.001
    - 0
- type: shell
  elementSet: layup_3
  layup:
  - - glass_triax
    - 0.001
    - 0
  - - medium_density_foam
    - 0.011
    - 0
  - - glass_triax
    - 0.001
    - 0
- type: shell
  elementSet: layup_4
  layup:
  - - glass_triax
    - 0.001
    - 0
  - - medium_density_foam
    - 0.015
    - 0
  - - glass_triax
    - 0.001
    - 0
- type: shell
  elementSet: layup_5
  layup:
  - - glass_biax
    - 0.001
    - 0
  - - medium_density_foam
    - 0.02
    - 0
  - - glass_biax
    - 0.001
    - 0
elementOrientations:
 - [0.040937777862431794, 0.0018874852735678727, 0.9991599150001107, 0.055033492767938216, -0.9984844409317574, -0.0003686339075983524, 0.9976449333392357, 0.05500235100919417, -0.04097960914911116]
 - [-0.004157917549838437, 0.006380873149818887, 0.9999709976691799, 0.9984903442944101, -0.054742786274404216, 0.004501077842719203, 0.05476991941275852, 0.9984801008576791, -0.0061436242364842145]
 - [0.0368212316475662, 0.0009734484347955181, 0.999321394396268, 0.9816433342938407, 0.1872294811594824, -0.03635224368898062, -0.18713781321910408, 0.9823157200121028, 0.005938440929731142]
 - [0.019208958438315122, 0.002411013742451367, 0.9998125839018275, 0.993517371842202, -0.1121121208496423, -0.018817656771205876, 0.1120457396043187, 0.9936926382797292, -0.004548941106707856]
 - [0.036777601766490926, 0.001221114130516735, 0.9993227290963544, 0.9911150886683777, 0.1278631832032919, -0.03663178121515408, -0.12782131677532857, 0.9917910643181866, 0.003492236592705238]
 - [0.019184111876335445, 0.00196764752005549, 0.9998140318152933, 0.996752863223791, -0.07825481984031257, -0.018971368609933512, 0.07820293796712492, 0.996931447761077, -0.003462507518109532]
 - [0.036767608056380095, 0.0011836057892155455, 0.9993231419691772, 0.9984015862516509, 0.04290887339455859, -0.036784523297131035, -0.042923368553735915, 0.99907828905514, 0.0003959427416625273]
 - [0.019188565490178434, 0.0012395807894601805, 0.9998151141055508, 0.9997614397492096, -0.010459423758079097, -0.01917456766751734, 0.010433721532435302, 0.9999445304086197, -0.0014399864125276007]
 - [-0.004158919962054038, 0.006267442305127579, 0.9999717108757135, 0.9986369922550066, -0.05200090051979853, 0.004479290680968255, 0.052027503155771565, 0.9986273707004439, -0.006042632149507813]
 - [0.019441864956522295, -0.0035593108894044915, 0.9998046535163778, -0.9624697663765063, -0.27080772312035933, 0.017751786093781897, 0.27069163765836, -0.962626879120025, -0.0086907363022758]
 - [-0.004191197057570153, 0.006116651508004864, 0.9999725098429224, 0.9999834981990979, -0.00390334470510191, 0.004215119168835542, 0.00392901981656334, 0.9999736748907159, -0.006100190885396786]
 - [0.019429917564367717, -0.0035090217176497497, 0.9998050635349011, -0.9600873698074316, -0.2791410363668331, 0.017678352646624252, 0.27902458787657036, -0.9602437027039724, -0.008792654756935242]
 - [-0.004220191880263411, 0.006042707877601132, 0.9999728374620984, 0.9990575300896584, 0.04322509172889071, 0.003955125305341215, -0.043200017958858854, 0.99904708453933, -0.006219430988387415]
 - [0.01940592679167942, -0.0034216696526316436, 0.9998058322405127, -0.9611236253721211, -0.2755497386862525, 0.017712093650611535, 0.2754356308775356, -0.9612807257439034, -0.0086359455977749]
 - [-0.004251283329733905, 0.00604726247507811, 0.9999726782300642, 0.9960435785402147, 0.08878917253014246, 0.003697633055781368, -0.08876438609517297, 0.9960320845524859, -0.006400804885087015]
 - [0.019395674705035743, -0.0033880878347361753, 0.9998061455420046, -0.9646869199766381, -0.26279546673997195, 0.017823834798018377, 0.26268413394935586, -0.9648456164183699, -0.008365539404748493]
 - [-0.0042888696992476084, 0.006124097647670591, 0.9999720501217544, 0.9912180338401948, 0.13219290383026583, 0.003441738935483518, -0.13216813150938017, 0.9912050905866676, -0.006637274169062586]
 - [0.019415231104396698, -0.003475151299440056, 0.999805467140788, -0.9703009295074675, -0.2412301164772812, 0.01800380796669893, 0.2411206233363444, -0.9704617221857867, -0.008055480996772764]
 - [-0.004335373735050779, 0.0062594359716234334, 0.9999710115777828, 0.9849438344994007, 0.17284524223398953, 0.0031882783269837956, -0.17282027489908203, 0.9849291049097852, -0.006914541591103995]
 - [0.019471214734135486, -0.003736405157870672, 0.9998034362179767, -0.9776132524048298, -0.2096164553659999, 0.018255693967756708, 0.2095070416936571, -0.9777765495839477, -0.0077342462129278405]
 - [-0.004390451048576025, 0.006432492582877038, 0.9999696730295177, 0.9776635273161752, 0.21015560887410203, 0.002940648644291802, -0.21013031979056182, 0.9776467885171654, -0.007211491301356135]
 - [0.01955771127541667, -0.0042125664308544355, 0.9997998550778716, -0.9861049728509589, -0.1650794828450512, 0.018594269607058306, 0.16496811342885925, -0.9862712703043093, -0.007382609568909183]
 - [-0.023070363055090564, -0.0010107884484419952, 0.9997333327719045, 0.2840635612358707, 0.9587759247806014, 0.007524575675584009, -0.9585278564165477, 0.2841614054860637, -0.021832180506848157]
 - [0.006633187662631339, -2.2497856791332775e-05, 0.9999779999156374, -0.004141051414025531, -0.99999142579748, 4.970816618185472e-06, 0.9999694257899179, -0.0041409932829045365, -0.006633223953118645]
 - [-0.019359838088305447, -0.004415937946857362, 0.9998028286423499, -0.8683242761125446, 0.4957812878833839, -0.014624161456946805, -0.4956189546242359, -0.8684361888341267, -0.013432711581696701]
 - [0.006609015928092476, -1.3923631982518977e-05, 0.9999781601188069, -0.0015712147245633907, -0.9999987656351185, -3.5395089570366053e-06, 0.9999769258301671, -0.0015711570167494032, -0.006609029647170904]
 - [-0.02329452336091198, -0.0009105392217893486, 0.999728231120695, 0.6403907620099886, 0.7678903926532243, 0.015621037198072788, -0.7676959275088375, 0.6405806083462119, -0.017304539784198734]
 - [0.006632429839228811, -2.0788246226244057e-05, 0.999978004979248, -0.003626310836053623, -0.9999934249079199, 3.2632144282151512e-06, 0.9999714299639505, -0.003626252718312276, -0.006632461615034455]
 - [-0.019497166264910423, -0.004561509902287223, 0.9997995064686968, -0.8068953704306265, 0.5905504160146063, -0.013040986258608613, -0.5903725278883327, -0.8069878554057595, -0.015194720871177821]
 - [-0.023045140588872522, -0.0010220388867652225, 0.9997339030620865, 0.2851987627761501, 0.9584386274220188, 0.007554017232606611, -0.9581913103374466, 0.2852969556478146, -0.02179586868873187]
 - [0.006629631802207853, -1.907274402992928e-05, 0.9999780235677169, -0.003111444143298193, -0.9999951594447466, 1.5551115117245788e-06, 0.9999731830891817, -0.0031113860746734092, -0.006629659054886513]
 - [-0.019666192047325278, -0.004708990068256485, 0.9997955122438261, -0.7317105846198685, 0.6815237059535331, -0.011182959295832235, -0.6813316822558658, -0.7317808849894202, -0.016848593961900134]
 - [0.006617918830586402, -1.5637167187873385e-05, 0.9999781012131371, -0.0020833845371473784, -0.9999978297503697, -1.8495039934142383e-06, 0.9999759310399536, -0.0020833266736861407, -0.006617937046282831]
 - [-0.02327607224117301, -0.0009236769560135344, 0.9997286488252223, 0.6434726719935934, 0.7653082947376305, 0.01568867117399244, -0.76511511869682, 0.6436632355717246, -0.017219010276137082]
 - [0.006624793469940447, -1.7354625383212477e-05, 0.9999780556643721, -0.0025969644924879035, -0.9999966278820156, -1.5021674627485905e-07, 0.9999746836229931, -0.0025969065086725467, -0.006624816199701143]
 - [-0.019445907663863195, -0.004862041145825712, 0.9997990884327833, -0.9575391614641173, 0.28778824318330887, -0.017224440428042907, -0.2876466772582694, -0.9576817256486421, -0.010251898405466024]
 - [-0.02302001231562266, -0.0010332868201870867, 0.9997344704226897, 0.28635304125809047, 0.9580941608089654, 0.007583850341815005, -0.9578475947640264, 0.2864515863843521, -0.021759454557896064]
 - [-0.019387515934986964, -0.004640716449921675, 0.999801274242388, -0.9397799584414144, 0.3413748243055866, -0.01663908177105117, -0.3412297670745103, -0.9399157904201638, -0.010979662158473714]
 - [-0.02325812142128249, -0.0009365685609447438, 0.999729054607939, 0.6465486469939845, 0.7627100315238478, 0.01575610621757088, -0.7625181354290538, 0.6467399250488731, -0.017133665386515912]
 - [-0.019337757165047778, -0.004451657750559028, 0.9998030975602636, -0.9115283936786557, 0.41093348085893194, -0.0158006907055235, -0.41078222778673784, -0.9116544614339549, -0.012004344302412047]
 - [-0.022994981266980297, -0.0010445327008553576, 0.9997350347907029, 0.2875320877268029, 0.9577407386266165, 0.007614203990524413, -0.9574949239364129, 0.28763099020512384, -0.021722893675167058]
 - [-0.01936551089586023, -0.004426193985831953, 0.999802673428383, -0.868079259775049, 0.496210370258985, -0.014617359400512824, -0.4960477554995538, -0.8681910373035654, -0.01345165453073099]
 - [-0.01972984039539563, 0.002597542782729889, 0.99980197347748, 0.7923219627779262, 0.609941375684223, 0.014050819483999156, -0.6097840935099132, 0.792442282440765, -0.014092136188809948]
 - [-0.01534753147833445, 0.0005345594615487338, 0.9998820768089123, 0.031090421558333775, 0.9995165743606236, -5.714655716230175e-05, -0.9993987387248631, 0.031085878218026414, -0.015356731767124227]
 - [-0.004151331608657073, -0.007671217406073655, 0.9999619587111223, -0.9979592619512199, -0.06368563362809303, -0.0046315823608573895, 0.0637187408197311, -0.9979405255289001, -0.007391182276934957]
 - [-0.01501007810457513, 0.0005762538657981768, 0.9998871763788038, 0.03819779427320868, 0.9992701979477334, -2.481719077464706e-06, -0.9991574580955475, 0.038193447408939867, -0.015021135345384636]
 - [-0.01953952326325135, 0.002766577486644722, 0.9998052575775223, 0.9676699211584688, 0.2515613705865904, 0.018215392220857617, -0.2514619866218521, 0.9678373948539117, -0.007592523071092372]
 - [-0.004188729066880907, -0.007569165851207129, 0.9999625804384485, -0.9999797086431277, -0.004767871459237573, -0.004224890975284689, 0.00479967194807323, -0.9999599867645029, -0.007549040940793157]
 - [-0.01508736845836598, 0.0005686491446957042, 0.9998860174795682, 0.03679944838068517, 0.9993226708267701, -1.3058633712617683e-05, -0.999208772935806, 0.036795056866389855, -0.015098075318408814]
 - [-0.01528996082815779, 0.0005435952701179264, 0.9998829539511392, 0.032532034661784136, 0.999470692223645, -4.589937761605742e-05, -0.9993537330788523, 0.03252752511597978, -0.015299551993160734]
 - [-0.019476862542854877, 0.0024990135216001095, 0.9998071847896002, 0.9548607364966786, 0.29651642352898105, 0.017860136466510114, -0.2964146179298638, 0.9550244842458234, -0.00816141951452314]
 - [-0.004222869293604825, -0.0076301307805950475, 0.9999619735165935, -0.9988737079232312, 0.04729097063515072, -0.003857423502941544, -0.047259739680037, -0.9988520136640142, -0.007821240612512098]
 - [-0.015159824342211642, 0.0005606592785630585, 0.9998849260725389, 0.0353880554946341, 0.9993736463206553, -2.3834145138708156e-05, -0.9992586578330067, 0.035383621930649464, -0.015170169572120048]
 - [-0.015227375212499457, 0.0005523017718538224, 0.9998839042643353, 0.03396508538018839, 0.9994230194291649, -3.478804399710252e-05, -0.9993070098919823, 0.03396061244801541, -0.015237348289693673]
 - [-0.01944525257870159, 0.002342820731385098, 0.9998081782737982, 0.9377450529486835, 0.3468869747725485, 0.017425337971479788, -0.34677960987119977, 0.9379040131720144, -0.008942273391515883]
 - [-0.004269835223738417, -0.007835548785975331, 0.9999601855485973, -0.9950622743808059, 0.09919182237829967, -0.003471667808098678, -0.09916067068782901, -0.9950374799717316, -0.008220391733092044]
 - [-0.019439441231457653, 0.0022594357526572284, 0.9998084831980013, 0.912974944583166, 0.407668378544177, 0.016829845469489697, -0.40755227724547677, 0.9131272573334134, -0.009987653717704615]
 - [-0.004351481781627303, -0.008213401079397187, 0.9999568013914467, -0.9872622201863385, 0.1590734754597297, -0.0029896484584388404, -0.15904204852505655, -0.9872325812329494, -0.008800985915329686]
 - [-0.01948539485966319, 0.0022789221527653135, 0.9998075444309192, 0.8724992148363461, 0.48835703367433847, 0.015891122388335673, -0.48822683201266504, 0.8726409422979321, -0.011504187422599208]
 - [-0.004523055299588566, -0.008869949671262424, 0.9999504317532873, -0.9702831586314925, 0.24196190397556228, -0.0022425656321701706, -0.24193001890391913, -0.970245206644872, -0.00970076985601008]
 - [0.019180770899270984, 0.0010688179896806863, 0.9998154608005493, 0.9997775452930621, -0.008794681242242622, -0.019170641867879777, 0.008772568351904642, 0.9999607548348848, -0.0012372689921275925]
 - [0.019176694603316547, 0.0019032580779521373, 0.9998142987539134, 0.996575802529628, -0.08048065637998857, -0.018961375505850617, 0.08042962263071234, 0.9967543536686133, -0.0034400939153296476]
 - [0.01916872526894851, 0.0018320171473307795, 0.999814584652942, 0.9964193168412727, -0.08239746436344886, -0.018952648681526237, 0.08234746503162532, 0.9965978635235209, -0.003404911631625756]
 - [0.019184776705389213, 0.001140766974170235, 0.9998153044405125, 0.9997774392756367, -0.008799389021951275, -0.01917401022974681, 0.00877589073624021, 0.9999606339269317, -0.001309327397776121]
materials:
- name: Gelcoat
  density: 1235.0
  elastic:
    E:
    - 3440000000.0
    - 3440000000.0
    - 3440000000.0
    G:
    - 1323000000.0
    - 1323000000.0
    - 1323000000.0
    nu:
    - 0.3
    - 0.3
    - 0.3
- name: Adhesive
  density: 1100.0
  elastic:
    E:
    - 3900000000.0
    - 3900000000.0
    - 3900000000.0
    G:
    - 1500000000.0
    - 1500000000.0
    - 1500000000.0
    nu:
    - 0.3
    - 0.3
    - 0.3
- name: glass_uni
  density: 1940.0
  elastic:
    E:
    - 43700000000.0
    - 16500000000.0
    - 15450000000.0
    G:
    - 3265000000.0
    - 3495000000.0
    - 3480000000.0
    nu:
    - 0.262
    - 0.264
    - 0.35
- name: carbon_uni_industry_baseline
  density: 1600.0
  elastic:
    E:
    - 157599000000.0
    - 9100000000.0
    - 9100000000.0
    G:
    - 4131000000.0
    - 4131000000.0
    - 2689000000.0
    nu:
    - 0.3133
    - 0.3133
    - 0.47066
- name: glass_biax
  density: 1940.0
  elastic:
    E:
    - 11023100000.0
    - 11023100000.0
    - 16047700000.0
    G:
    - 13231400000.0
    - 3487480000.0
    - 3487480000.0
    nu:
    - 0.688074
    - 0.117173
    - 0.117173
- name: glass_triax
  density: 1940.0
  elastic:
    E:
    - 28211400000.0
    - 16238800000.0
    - 15835500000.0
    G:
    - 8248220000.0
    - 3491240000.0
    - 3491240000.0
    nu:
    - 0.497511
    - 0.18091
    - 0.27481
- name: medium_density_foam
  density: 130.0
  elastic:
    E:
    - 142500000.0
    - 142500000.0
    - 142500000.0
    G:
    - 54000000.0
    - 54000000.0
    - 54000000.0
    nu:
    - 0.3194
    - 0.3194
    - 0.3194
- name: resin
  density: 1150.0
  elastic:
    E:
    - 1000000.0
    - 1000000.0
    - 1000000.0
    G:
    - 312500.0
    - 312500.0
    - 312500.0
    nu:
    - 0.3
    - 0.3
    - 0.3
- name: steel
  density: 7800
  elastic:
    E:
    - 200000000000.0
    - 200000000000.0
    - 200000000000.0
    G:
    - 79300000000.0
    - 79300000000.0
    - 79300000000.0
    nu:
    - 0.3
    - 0.3
    - 0.3
