nodes:
 - [-1.557458470 0.014633632 68.965517241]
 - [-1.557481959 0.012133743 68.965517241]
 - [-1.557434981 0.017133522 68.965517241]
 - [-1.517710702 0.015692875 68.965517241]
 - [-1.517639265 0.023295846 68.965517241]
 - [-1.387945679 0.024681239 68.965517241]
 - [-1.387758894 0.044560822 68.965517241]
 - [-1.196843695 0.022886050 68.965517241]
 - [-1.201505712 0.078386367 68.965517241]
 - [-1.064224870 0.012157096 68.965517241]
 - [-1.085890074 0.100558512 68.965517241]
 - [-0.926782878 -0.011040221 68.965517241]
 - [-0.950336863 0.128179034 68.965517241]
 - [-0.784032076 -0.043734727 68.965517241]
 - [-0.799917258 0.159156771 68.965517241]
 - [-0.635486823 -0.082955250 68.965517241]
 - [-0.639702438 0.191400560 68.965517241]
 - [-0.480661476 -0.125730615 68.965517241]
 - [-0.474763582 0.222819237 68.965517241]
 - [-0.319070392 -0.169089650 68.965517241]
 - [-0.310171868 0.251321640 68.965517241]
 - [-0.150227928 -0.210061183 68.965517241]
 - [-0.150998476 0.274816604 68.965517241]
 - [-0.022927599 -0.228646761 68.965517241]
 - [-0.150346956 -0.129240140 68.961206897]
 - [-0.018688512 0.288259705 68.965517241]
 - [0.099063344 -0.238117891 68.965517241]
 - [-0.150469729 -0.048430410 68.958620690]
 - [0.104278145 0.294522659 68.965517241]
 - [-0.150860622 0.193991514 68.961206897]
 - [0.215176486 -0.239589146 68.965517241]
 - [-0.150596258 0.032374068 68.957758621]
 - [0.219520125 0.293573140 68.965517241]
 - [-0.150726552 0.113179356 68.958620690]
 - [0.324843410 -0.234175098 68.965517241]
 - [0.328656061 0.285378823 68.965517241]
 - [0.427495699 -0.222990318 68.965517241]
 - [0.433304584 0.269907383 68.965517241]
 - [0.522564939 -0.207149379 68.965517241]
 - [0.535084327 0.247126495 68.965517241]
 - [0.609482711 -0.187766853 68.965517241]
 - [0.635613920 0.217003833 68.965517241]
 - [0.694908843 -0.163111065 68.965517241]
 - [0.613799548 -0.120297553 68.961206897]
 - [0.717392385 0.183658943 68.965517241]
 - [0.767973197 -0.136971922 68.965517241]
 - [0.618131295 -0.052838007 68.958620690]
 - [0.783682089 0.151607685 68.965517241]
 - [0.631219265 0.149532705 68.961206897]
 - [0.828419106 -0.110164865 68.965517241]
 - [0.622478279 0.014616845 68.957758621]
 - [0.836433306 0.119869758 68.965517241]
 - [0.626840827 0.082072063 68.958620690]
 - [0.875989902 -0.083505335 68.965517241]
 - [0.877596311 0.087464859 68.965517241]
 - [0.910428919 -0.057808775 68.965517241]
 - [0.909121377 0.053412686 68.965517241]
 - [0.931479488 -0.033890626 68.965517241]
 - [0.932958780 0.016732938 68.965517241]
 - [0.936928715 -0.016145302 68.965517241]
 - [0.937009287 -0.000893850 68.965517241]
 - [0.938595688 -0.008818896 68.965517241]
elements:
 - [1 2]
 - [3 1]
 - [2 4]
 - [5 3]
 - [4 6]
 - [7 5]
 - [6 8]
 - [9 7]
 - [8 10]
 - [11 9]
 - [10 12]
 - [13 11]
 - [12 14]
 - [15 13]
 - [14 16]
 - [17 15]
 - [16 18]
 - [19 17]
 - [18 20]
 - [21 19]
 - [20 22]
 - [23 21]
 - [22 24]
 - [25 22]
 - [26 23]
 - [23 30]
 - [24 27]
 - [28 25]
 - [29 26]
 - [27 31]
 - [32 28]
 - [33 29]
 - [30 34]
 - [31 35]
 - [34 32]
 - [36 33]
 - [35 37]
 - [38 36]
 - [37 39]
 - [40 38]
 - [39 41]
 - [42 40]
 - [41 43]
 - [41 44]
 - [45 42]
 - [49 42]
 - [43 46]
 - [44 47]
 - [48 45]
 - [46 50]
 - [47 51]
 - [52 48]
 - [53 49]
 - [50 54]
 - [51 53]
 - [55 52]
 - [54 56]
 - [57 55]
 - [56 58]
 - [59 57]
 - [58 60]
 - [61 59]
 - [60 62]
 - [62 61]
sets:
  element:
  - name: layup_0
    labels:
    - 1
    - 2
    - 3
    - 4
    - 5
    - 6
    - 7
    - 8
    - 61
    - 62
    - 63
    - 64
  - name: layup_1
    labels:
    - 9
    - 11
    - 13
    - 15
    - 17
    - 19
    - 21
  - name: layup_2
    labels:
    - 23
    - 27
    - 30
    - 34
    - 37
    - 39
    - 41
  - name: layup_3
    labels:
    - 43
    - 47
    - 50
    - 54
    - 57
    - 59
  - name: layup_4
    labels:
    - 45
    - 49
    - 52
    - 56
    - 58
    - 60
  - name: layup_5
    labels:
    - 25
    - 29
    - 32
    - 36
    - 38
    - 40
    - 42
  - name: layup_6
    labels:
    - 10
    - 12
    - 14
    - 16
    - 18
    - 20
    - 22
  - name: layup_7
    labels:
    - 44
    - 46
    - 48
    - 51
    - 53
    - 55
  - name: layup_8
    labels:
    - 24
    - 26
    - 28
    - 31
    - 33
    - 35
sections:
- type: shell
  elementSet: layup_0
  layup:
  - - glass_triax
    - 0.002
    - 0
  - - glass_uni
    - 0.005
    - 0
  - - glass_triax
    - 0.001
    - 0
- type: shell
  elementSet: layup_1
  layup:
  - - glass_triax
    - 0.002
    - 0
  - - medium_density_foam
    - 0.02
    - 0
  - - glass_triax
    - 0.001
    - 0
- type: shell
  elementSet: layup_2
  layup:
  - - glass_triax
    - 0.002
    - 0
  - - carbon_uni_industry_baseline
    - 0.025
    - 0
  - - glass_triax
    - 0.001
    - 0
- type: shell
  elementSet: layup_3
  layup:
  - - glass_triax
    - 0.002
    - 0
  - - medium_density_foam
    - 0.05
    - 0
  - - glass_triax
    - 0.001
    - 0
- type: shell
  elementSet: layup_4
  layup:
  - - glass_triax
    - 0.002
    - 0
  - - medium_density_foam
    - 0.024
    - 0
  - - glass_triax
    - 0.001
    - 0
- type: shell
  elementSet: layup_5
  layup:
  - - glass_triax
    - 0.002
    - 0
  - - carbon_uni_industry_baseline
    - 0.02
    - 0
  - - glass_triax
    - 0.001
    - 0
- type: shell
  elementSet: layup_6
  layup:
  - - glass_triax
    - 0.002
    - 0
  - - medium_density_foam
    - 0.03
    - 0
  - - glass_triax
    - 0.001
    - 0
- type: shell
  elementSet: layup_7
  layup:
  - - glass_biax
    - 0.001
    - 0
  - - medium_density_foam
    - 0.024
    - 0
  - - glass_biax
    - 0.001
    - 0
- type: shell
  elementSet: layup_8
  layup:
  - - glass_biax
    - 0.001
    - 0
  - - medium_density_foam
    - 0.02
    - 0
  - - glass_biax
    - 0.001
    - 0
elementOrientations:
 - [0.035104534276455414, -0.0044191071256087025, 0.9993738755668201, -0.0094104970171534, -0.9999473513992647, -0.004091084878905765, 0.9993393388729992, -0.009260989245683157, -0.03514427206627031]
 - [-0.01012451297819051, 0.007713060803312356, 0.9999189981843526, 0.9894663679825781, -0.14433428085909641, 0.011132025882699547, 0.14440845151278395, 0.9894989257507726, -0.006170499959326545]
 - [0.030854758831015634, -0.004665618118662423, 0.9995129893428354, 0.9955322578828328, 0.08942347179244144, -0.03031445541809751, -0.08923848593622179, 0.9959827682747113, 0.007403912996078965]
 - [0.012279127883120208, -0.0006422572358745842, 0.9999244024045383, 0.9763321780381372, -0.21593607167429207, -0.012128111031086153, 0.21592753679356724, 0.976407292299437, -0.002024450232705048]
 - [0.030835985386803596, -0.004411623175525281, 0.9995147220457444, 0.9971254544543676, 0.069377637856848, -0.03045605760065945, -0.06920960976913157, 0.9975807140008075, 0.006538269590901786]
 - [0.012246037775261275, -0.0011068640002236112, 0.9999244018479055, 0.9869826104333599, -0.16035864579470815, -0.012265048758069129, 0.16036009871834497, 0.9870581946222687, -0.0008713025136563254]
 - [0.030819130809153775, -0.0040148598307719425, 0.9995169143524824, 0.999482068945549, -0.00914201988728251, -0.030854778053088883, 0.009261481117678364, 0.9999501509439955, 0.0037310313034202756]
 - [0.012194748829557076, -0.00229023453130284, 0.9999230185003121, 0.9977931946795787, -0.06524570686167598, -0.012318213638392039, 0.06526889574755222, 0.9978666005844229, 0.0014895254221691016]
 - [-0.010136911075227599, 0.007489985624173495, 0.9999205684199135, 0.9894405914786382, -0.14451233112391473, 0.011113149307682722, 0.14458408960966537, 0.9894746516553528, -0.005945987156271751]
 - [0.012963106442292654, -0.007513367632974578, 0.9998877472887535, -0.981392833708149, -0.1916788970645801, 0.011283012292653488, 0.1915726071693337, -0.9814289325911062, -0.009858319097405411]
 - [-0.010162070729521246, 0.007442481767480627, 0.9999206677450111, 0.9970635392638102, -0.07582785597260636, 0.010697426294319398, 0.07590145577795551, 0.9970931479674998, -0.006650059176329037]
 - [0.012940289720479045, -0.0073537077697884475, 0.9998892298069754, -0.978584958942806, -0.2055409703804319, 0.011152920065034926, 0.20543618725253027, -0.978620882914884, -0.009855987522127007]
 - [-0.010188429413378781, 0.00791978494680269, 0.999916732989545, 0.9998858150750108, -0.011079858788444443, 0.010275871788299506, 0.011160318896431124, 0.9999072525667693, -0.00780599426757634]
 - [0.012851301327998714, -0.006905133156401133, 0.9998935759320935, -0.9779388025153958, -0.20859494940001103, 0.01112859468042373, 0.20849590544883914, -0.9779777432134636, -0.009433514200418465]
 - [-0.01024062565391152, 0.008344136290991153, 0.999912748681491, 0.99869752964789, 0.05006996356107822, 0.009810352908797965, -0.04998373596900608, 0.9987108561233075, -0.008846016054192165]
 - [0.012737652167867809, -0.006344525251747871, 0.9998987444819503, -0.9788701880419797, -0.20417710813973028, 0.011174232607064146, 0.2040855388799272, -0.9789134055221774, -0.00881120361034054]
 - [-0.010299600436306698, 0.008534711779540726, 0.9999105344608048, 0.9940781368898282, 0.10826763566403291, 0.009315407954984098, -0.10817844511962622, 0.9940851461331472, -0.009599283772220685]
 - [0.01263527806285888, -0.00581994913818187, 0.9999032342883503, -0.9811006335992096, -0.19316950769616958, 0.011273333475470127, 0.19308520528384324, -0.981148138401357, -0.008150706229992068]
 - [-0.010361176998556236, 0.008652952879470906, 0.9999088820575952, 0.9863405915859997, 0.16448357660177543, 0.008797182393659873, -0.16439246759199164, 0.9863418674246538, -0.010239002112629694]
 - [0.012576396577395173, -0.005478386008204053, 0.9999059063411283, -0.9844985567297697, -0.17502025908224345, 0.011423690637648282, 0.17494120739873828, -0.9845495905222497, -0.007594587305582199]
 - [-0.010480871831079113, 0.00916948277741252, 0.9999030312541587, 0.9754385129721915, 0.2201189932731547, 0.008205864428142504, -0.22002240507789353, 0.9754299305362778, -0.011251305601205486]
 - [0.012588591410050271, -0.005484919008849384, 0.9999057170702533, -0.9889511909539165, -0.14778380120228757, 0.011640017741962015, 0.14770602315796486, -0.9890044811656159, -0.007284707076447065]
 - [-0.024798744033225278, 0.006863918184507211, 0.9996688996470434, 0.6603658135728572, 0.7508601511326874, 0.01122611710504017, -0.7505344859222878, 0.6604255598234777, -0.023153085608897995]
 - [-0.000816109641706374, -1.1293810234829117e-06, 0.9999996669818333, 0.0015076271844414167, -0.9999988635294856, 1.0100937504341858e-07, 0.999998530511583, 0.0015076267648089009, 0.0008161104169073621]
 - [-0.010873286423541025, -0.008209104359305516, 0.9999071868168415, -0.9945143366192745, -0.10394754032149046, -0.011668038388555561, 0.10403367676419174, -0.9945489025013957, -0.007033820597194976]
 - [-0.0007463121663866628, -1.0886678414658569e-06, 0.999999721508444, 0.001657367538942918, -0.9999986265654666, 1.4824725363641377e-07, 0.9999983480741311, 0.0016573671880187823, 0.0007463129456985019]
 - [-0.023945412137538338, 0.006136645829077176, 0.9996944327220852, 0.9604055948933512, 0.27779028236322706, 0.02129911552404919, -0.27757469361437037, 0.960622142469414, -0.012545471787115287]
 - [-0.0008018796034267855, -1.1212118124563367e-06, 0.9999996784938703, 0.001536367470827229, -0.9999988197867945, 1.1077128468066136e-07, 0.9999984982809206, 0.0015363670657009038, 0.0008018803796312448]
 - [-0.010927588266258215, -0.0075828857501340045, 0.9999115399165988, -0.9984278828995123, -0.05489486758694029, -0.011327672373901185, 0.054975908027801494, -0.998463346025438, -0.006971096054854327]
 - [-0.023920081010210315, 0.006005875234489148, 0.9996958333348865, 0.9413217693477753, 0.33688737010847924, 0.02049942470817684, -0.3366617832134183, 0.941525798544076, -0.013711834286522841]
 - [-0.0007877806843325597, -1.1130627211665025e-06, 0.9999996897001291, 0.0015657269039386459, -0.9999987742488726, 1.203880922024443e-07, 0.9999984639492483, 0.0015657265129332032, 0.0007877814614617462]
 - [-0.01096786809922476, -0.00726070541195053, 0.9999134902711728, -0.999931521602284, 0.004161194810517647, -0.010937850057952524, -0.004081418319572133, -0.9999649826942293, -0.007305847646294569]
 - [-0.0007599929554310588, -1.096797088442689e-06, 0.9999997112047107, 0.0016262428118855496, -0.9999986776662745, 1.391374828677577e-07, 0.9999983888712145, 0.0016262424479777928, 0.0007599937341251238]
 - [-0.023919140587933808, 0.005939219346809874, 0.9996962540627454, 0.9140161648548147, 0.4052106740684956, 0.019461757501617872, -0.40497200532583866, 0.9142040446719242, -0.01512083357037845]
 - [-0.000773817107163095, -1.1049266787514711e-06, 0.9999997006028871, 0.0015956905417141023, -0.999998726885029, 1.2984740569134567e-07, 0.9999984274881536, 0.0015956901644471055, 0.0007738178851260017]
 - [-0.01100304500956589, -0.00706920593609501, 0.9999144760067983, -0.9973881995193388, 0.07146438573970663, -0.010470006228172317, -0.07138425918988732, -0.997418100847523, -0.00783706843350821]
 - [-0.023985060798914087, 0.005998279351775238, 0.9996943220321353, 0.8722780943201296, 0.48867890617357096, 0.017995911486933375, -0.4884215832943051, 0.8724430911559906, -0.01695316095788621]
 - [-0.011033679023394029, -0.006929901953028168, 0.9999151135902135, -0.9896248609725616, 0.14333211020986472, -0.00992676824678444, -0.14325115173096126, -0.9896503840456532, -0.008439483754620369]
 - [-0.024202643693322624, 0.006263592567250755, 0.9996874508797267, 0.8013171691165271, 0.5980349294522393, 0.015653039134006806, -0.5977499699015717, 0.8014455630691372, -0.019493150578182572]
 - [-0.011070117346196812, -0.0068989544242075325, 0.9999149248460062, -0.9766470127503113, 0.21464746609479543, -0.009331547833967863, -0.21456482700534915, -0.9766672256848475, -0.009114015867236015]
 - [-0.024787070122187, 0.006848414408048142, 0.9996692955046951, 0.6603384357433313, 0.7508841823403178, 0.011229202605810782, -0.7505589593328479, 0.660398397886615, -0.02313449013884311]
 - [-0.011155488669626309, -0.007167479569612995, 0.9999120872902579, -0.9599182886214098, 0.28014490619836174, -0.008701189645935067, -0.28005791230151883, -0.9599309656260341, -0.010005348049141178]
 - [-0.02824366272974227, 0.0022705284908028614, 0.9995984895026507, -0.19622761493701504, 0.9805275748370608, -0.007771622757346686, -0.9801515284137136, -0.19636832658176928, -0.02724814973051328]
 - [-0.020064632166151078, 0.0012413513047243327, 0.9997979143721872, 0.06282191077238242, 0.9980247527292058, 2.160356844573214e-05, -0.99782303945286, 0.06280964883475791, -0.02010298361712797]
 - [-0.024983772422492122, -0.0016523461989222084, 0.9996864912899341, -0.6852363520424571, 0.7281467184104321, -0.015921630182364904, -0.727892130026892, -0.6854193068627099, -0.019324099584611367]
 - [-0.018329100573052856, 0.001167145504406806, 0.9998313266964353, 0.06641900187816442, 0.9977918186662541, 5.284124280347056e-05, -0.9976234561505112, 0.06640876729815193, -0.018366147234752373]
 - [-0.028277535761487865, 0.0022588088201466864, 0.9995975583973639, -0.22386730885454448, 0.9745822579987103, -0.008535245770275054, -0.9742093250413288, -0.22401857105349327, -0.027053111201286967]
 - [-0.019723507189073466, 0.0012277324924504917, 0.999804718901191, 0.06357649283911407, 0.9979769680378969, 2.870826937339632e-05, -0.997782046752917, 0.06356464377949142, -0.01976166082963982]
 - [-0.025286429882067658, -0.0018708851703650312, 0.9996784964439812, -0.5545544920462724, 0.8320539727555998, -0.012470035000938434, -0.8317631344410019, -0.5546915234707513, -0.02207718221550899]
 - [-0.028230510215580356, 0.0022732881772872544, 0.9995988547681671, -0.19654592344386695, 0.9804637486438356, -0.007780589494039917, -0.9800881278081913, -0.19668672999503592, -0.027232186348037073]
 - [-0.019379283002950186, 0.0012134937528535004, 0.9998114676393766, 0.06431388837792941, 0.9979297182215835, 3.5382235743700204e-05, -0.9977415332399482, 0.06430244881109239, -0.019417206928238732]
 - [-0.025233318303706693, -0.0024602968694499077, 0.9996785616320372, -0.9280484599248471, 0.37177862066200457, -0.022510292085555668, -0.37160373474778696, -0.928318158907802, -0.011664482994328302]
 - [-0.018681968045570457, 0.001183190534696172, 0.9998247767134516, 0.0657355190328426, 0.9978370805328792, 4.7445790782526826e-05, -0.9976621801027775, 0.065724887019902, -0.018719338097113566]
 - [-0.028264406515466915, 0.002261756661366661, 0.9995979230576327, -0.22415557738780703, 0.9745159266262162, -0.008543177265245854, -0.9741434188302391, -0.224306917433795, -0.02703712893562094]
 - [-0.019032066570498773, 0.0011986433519029366, 0.9998181553143407, 0.0650336924323829, 0.9978830678570431, 4.16272281253305e-05, -0.9977015582280434, 0.06502265865320209, -0.01906972918011257]
 - [-0.025075423859779913, -0.002083899461989798, 0.9996833901197338, -0.9030300827339559, 0.42902600799316415, -0.0217567034027088, -0.4288448353376268, -0.9032897330471998, -0.012639832900867813]
 - [-0.028217017102571115, 0.0022761253370084888, 0.9995992292910613, -0.19686187816077244, 0.9804002880259459, -0.007789490718610629, -0.980025102164657, -0.1970027778791262, -0.027215889385820948]
 - [-0.024962308903028616, -0.0018071695274240566, 0.9996867595764828, -0.8602906039716255, 0.5093891765599069, -0.020560727656272947, -0.5091924585580241, -0.8605343694135169, -0.014270220941374541]
 - [-0.0282509375259984, 0.0022647865733321122, 0.9995982969526706, -0.22444094456676367, 0.9744501744034215, -0.008551023746898622, -0.9740781010426632, -0.22459236039304264, -0.027020820161508523]
 - [-0.024916475021740467, -0.001654247699724766, 0.9996881677488431, -0.7898393512164597, 0.6130294982166405, -0.018671732276793175, -0.6128074481780174, -0.7900582875844047, -0.016581124109806944]
 - [0.012179397397335602, -0.0022110755882662394, 0.9999233837768673, 0.9966928657437248, -0.08032189382436589, -0.01231766000620796, 0.08034297514157052, 0.9967665245769495, 0.0012254909998515205]
 - [0.012247698499315512, -0.001079039138474523, 0.999924411921225, 0.9864924138633042, -0.16334755387228225, -0.012259446728687068, 0.16334843516734876, 0.9865679968043154, -0.0009361676660617018]
 - [0.012262383558208025, -0.0009842214013896507, 0.9999243297658601, 0.9860034607846474, -0.16627381694493892, -0.012255330238698441, 0.16627329692458143, 0.9860791292319264, -0.0010684676111175967]
 - [0.012197420228353548, -0.002166644812801949, 0.9999232613506043, 0.9972045849794129, -0.07369624232513906, -0.012323942680508074, 0.07371728858151959, 0.9972783811541338, 0.0012616841044576692]
materials:
- name: Gelcoat
  density: 1235.0
  elastic:
    E:
    - 3440000000.0
    - 3440000000.0
    - 3440000000.0
    G:
    - 1323000000.0
    - 1323000000.0
    - 1323000000.0
    nu:
    - 0.3
    - 0.3
    - 0.3
- name: Adhesive
  density: 1100.0
  elastic:
    E:
    - 3900000000.0
    - 3900000000.0
    - 3900000000.0
    G:
    - 1500000000.0
    - 1500000000.0
    - 1500000000.0
    nu:
    - 0.3
    - 0.3
    - 0.3
- name: glass_uni
  density: 1940.0
  elastic:
    E:
    - 43700000000.0
    - 16500000000.0
    - 15450000000.0
    G:
    - 3265000000.0
    - 3495000000.0
    - 3480000000.0
    nu:
    - 0.262
    - 0.264
    - 0.35
- name: carbon_uni_industry_baseline
  density: 1600.0
  elastic:
    E:
    - 157599000000.0
    - 9100000000.0
    - 9100000000.0
    G:
    - 4131000000.0
    - 4131000000.0
    - 2689000000.0
    nu:
    - 0.3133
    - 0.3133
    - 0.47066
- name: glass_biax
  density: 1940.0
  elastic:
    E:
    - 11023100000.0
    - 11023100000.0
    - 16047700000.0
    G:
    - 13231400000.0
    - 3487480000.0
    - 3487480000.0
    nu:
    - 0.688074
    - 0.117173
    - 0.117173
- name: glass_triax
  density: 1940.0
  elastic:
    E:
    - 28211400000.0
    - 16238800000.0
    - 15835500000.0
    G:
    - 8248220000.0
    - 3491240000.0
    - 3491240000.0
    nu:
    - 0.497511
    - 0.18091
    - 0.27481
- name: medium_density_foam
  density: 130.0
  elastic:
    E:
    - 142500000.0
    - 142500000.0
    - 142500000.0
    G:
    - 54000000.0
    - 54000000.0
    - 54000000.0
    nu:
    - 0.3194
    - 0.3194
    - 0.3194
- name: resin
  density: 1150.0
  elastic:
    E:
    - 1000000.0
    - 1000000.0
    - 1000000.0
    G:
    - 312500.0
    - 312500.0
    - 312500.0
    nu:
    - 0.3
    - 0.3
    - 0.3
- name: steel
  density: 7800
  elastic:
    E:
    - 200000000000.0
    - 200000000000.0
    - 200000000000.0
    G:
    - 79300000000.0
    - 79300000000.0
    - 79300000000.0
    nu:
    - 0.3
    - 0.3
    - 0.3
