nodes:
 - [-2.230967406 0.153149663 44.827586207]
 - [-2.231554216 0.144601456 44.827586207]
 - [-2.230380595 0.161697869 44.827586207]
 - [-2.154949383 0.148279195 44.827586207]
 - [-2.153439941 0.170267593 44.827586207]
 - [-1.953410865 0.152162111 44.827586207]
 - [-1.950536519 0.194033400 44.827586207]
 - [-1.598644160 0.124788308 44.827586207]
 - [-1.600922879 0.240337050 44.827586207]
 - [-1.401994017 0.093651895 44.827586207]
 - [-1.417458301 0.267312389 44.827586207]
 - [-1.198581776 0.041627916 44.827586207]
 - [-1.217477310 0.297353969 44.827586207]
 - [-0.987260371 -0.026635251 44.827586207]
 - [-1.003022954 0.329236038 44.827586207]
 - [-0.766882733 -0.106489225 44.827586207]
 - [-0.776138278 0.361732844 44.827586207]
 - [-0.536301795 -0.193285628 44.827586207]
 - [-0.538866328 0.393618633 44.827586207]
 - [-0.294370489 -0.282376080 44.827586207]
 - [-0.293250150 0.423667654 44.827586207]
 - [-0.039941747 -0.369112200 44.827586207]
 - [-0.041332791 0.450654153 44.827586207]
 - [0.110628645 -0.408530541 44.827586207]
 - [-0.040171077 -0.232469945 44.824784483]
 - [0.096953686 0.460988843 44.827586207]
 - [0.257804952 -0.438905877 44.827586207]
 - [-0.040401388 -0.095847164 44.823103448]
 - [0.237887381 0.467779971 44.827586207]
 - [-0.041098382 0.314006801 44.824784483]
 - [0.400787383 -0.460917043 44.827586207]
 - [-0.040632697 0.040766390 44.822543103]
 - [0.379724807 0.470402705 44.827586207]
 - [-0.040865023 0.177380962 44.823103448]
 - [0.538776147 -0.475242876 44.827586207]
 - [0.520722476 0.468232217 44.827586207]
 - [0.670971453 -0.482562213 44.827586207]
 - [0.659136902 0.460643674 44.827586207]
 - [0.796573508 -0.483553889 44.827586207]
 - [0.793224597 0.447012247 44.827586207]
 - [0.914782522 -0.478896740 44.827586207]
 - [0.921242074 0.426713106 44.827586207]
 - [1.166522073 -0.448131939 44.827586207]
 - [0.915801873 -0.327941268 44.824784483]
 - [1.179344899 0.362959551 44.827586207]
 - [0.920107972 0.275760895 44.824784483]
 - [1.373151147 -0.405627435 44.827586207]
 - [0.916844013 -0.177009089 44.823103448]
 - [1.393325075 0.285810790 44.827586207]
 - [0.918996981 0.124830673 44.823103448]
 - [1.538634238 -0.353844337 44.827586207]
 - [0.917909022 -0.026088882 44.822543103]
 - [1.564572614 0.198925539 44.827586207]
 - [1.666935841 -0.295243751 44.827586207]
 - [1.694477527 0.105962517 44.827586207]
 - [1.762020449 -0.232286785 44.827586207]
 - [1.784429828 0.010580441 44.827586207]
 - [1.827852557 -0.167434545 44.827586207]
 - [1.835819528 -0.083561971 44.827586207]
 - [1.836776088 -0.140627304 44.827586207]
 - [1.839279681 -0.113319058 44.827586207]
 - [1.840468051 -0.126342976 44.827586207]
elements:
 - [1 2]
 - [3 1]
 - [2 4]
 - [5 3]
 - [4 6]
 - [7 5]
 - [6 8]
 - [9 7]
 - [8 10]
 - [11 9]
 - [10 12]
 - [13 11]
 - [12 14]
 - [15 13]
 - [14 16]
 - [17 15]
 - [16 18]
 - [19 17]
 - [18 20]
 - [21 19]
 - [20 22]
 - [23 21]
 - [22 24]
 - [25 22]
 - [26 23]
 - [23 30]
 - [24 27]
 - [28 25]
 - [29 26]
 - [27 31]
 - [32 28]
 - [33 29]
 - [30 34]
 - [31 35]
 - [34 32]
 - [36 33]
 - [35 37]
 - [38 36]
 - [37 39]
 - [40 38]
 - [39 41]
 - [42 40]
 - [41 43]
 - [41 44]
 - [45 42]
 - [46 42]
 - [43 47]
 - [44 48]
 - [49 45]
 - [50 46]
 - [47 51]
 - [48 52]
 - [53 49]
 - [52 50]
 - [51 54]
 - [55 53]
 - [54 56]
 - [57 55]
 - [56 58]
 - [59 57]
 - [58 60]
 - [61 59]
 - [60 62]
 - [62 61]
sets:
  element:
  - name: layup_0
    labels:
    - 1
    - 2
    - 3
    - 4
    - 5
    - 6
    - 7
    - 8
  - name: layup_1
    labels:
    - 9
    - 11
    - 13
    - 15
    - 17
    - 19
    - 21
  - name: layup_2
    labels:
    - 23
    - 25
    - 27
    - 29
    - 30
    - 32
    - 34
    - 36
    - 37
    - 38
    - 39
    - 40
    - 41
    - 42
  - name: layup_3
    labels:
    - 43
    - 47
    - 51
    - 55
    - 57
    - 59
  - name: layup_4
    labels:
    - 61
    - 62
    - 63
    - 64
  - name: layup_5
    labels:
    - 45
    - 49
    - 53
    - 56
    - 58
    - 60
  - name: layup_6
    labels:
    - 10
    - 12
    - 14
    - 16
    - 18
    - 20
    - 22
  - name: layup_7
    labels:
    - 44
    - 46
    - 48
    - 50
    - 52
    - 54
  - name: layup_8
    labels:
    - 24
    - 26
    - 28
    - 31
    - 33
    - 35
sections:
- type: shell
  elementSet: layup_0
  layup:
  - - glass_triax
    - 0.004
    - 0
  - - glass_uni
    - 0.01
    - 0
  - - glass_triax
    - 0.003
    - 0
- type: shell
  elementSet: layup_1
  layup:
  - - glass_triax
    - 0.004
    - 0
  - - medium_density_foam
    - 0.048
    - 0
  - - glass_triax
    - 0.003
    - 0
- type: shell
  elementSet: layup_2
  layup:
  - - glass_triax
    - 0.004
    - 0
  - - carbon_uni_industry_baseline
    - 0.04
    - 0
  - - glass_triax
    - 0.003
    - 0
- type: shell
  elementSet: layup_3
  layup:
  - - glass_triax
    - 0.004
    - 0
  - - medium_density_foam
    - 0.07100000000000001
    - 0
  - - glass_triax
    - 0.003
    - 0
- type: shell
  elementSet: layup_4
  layup:
  - - glass_triax
    - 0.004
    - 0
  - - glass_uni
    - 0.005
    - 0
  - - glass_triax
    - 0.003
    - 0
- type: shell
  elementSet: layup_5
  layup:
  - - glass_triax
    - 0.004
    - 0
  - - medium_density_foam
    - 0.037
    - 0
  - - glass_triax
    - 0.003
    - 0
- type: shell
  elementSet: layup_6
  layup:
  - - glass_triax
    - 0.004
    - 0
  - - medium_density_foam
    - 0.073
    - 0
  - - glass_triax
    - 0.003
    - 0
- type: shell
  elementSet: layup_7
  layup:
  - - glass_biax
    - 0.002
    - 0
  - - medium_density_foam
    - 0.046
    - 0
  - - glass_biax
    - 0.002
    - 0
- type: shell
  elementSet: layup_8
  layup:
  - - glass_biax
    - 0.002
    - 0
  - - medium_density_foam
    - 0.027
    - 0
  - - glass_biax
    - 0.002
    - 0
elementOrientations:
 - [0.027454054716770985, -0.007222166352566455, 0.9995969763823744, -0.06851319939496345, -0.997635991886691, -0.005326274582153566, 0.9972723882612385, -0.0683393591236732, -0.027883966832054297]
 - [0.0011264122159701947, -0.003046642387576947, 0.9999947245689259, 0.9879189352213535, -0.15496343254613149, -0.0015849304803325658, 0.15496744376360677, 0.9879155088081587, 0.0028352830000866235]
 - [0.017343987664856588, -0.007359752068338466, 0.999822494316553, 0.9986957635781483, 0.048153832908409584, -0.016969979000818453, -0.048020390491337654, 0.998812816510542, 0.00818533269561416]
 - [0.001632330158551494, -0.0003423118535714419, 0.9999986091594567, 0.9516675548988461, -0.30712556731107904, -0.001658570679809062, 0.307125707896792, 0.951668938615968, -0.00017556324128287053]
 - [0.017324059100222913, -0.006865131649281859, 0.9998263583961617, 0.9996628044333447, 0.01946444614670393, -0.017187575997282614, -0.019343071337103807, 0.9997869799630519, 0.00720001997272382]
 - [0.0012828874089195795, -0.001751636065735093, 0.9999976429827168, 0.9688581590604245, -0.24761069528768545, -0.0016766637093406042, 0.2476130485696206, 0.9688580264157606, 0.0013794302506935554]
 - [0.017318127673453417, -0.006024644297794832, 0.9998318789251375, 0.9968901623715719, -0.07678318062034495, -0.017729843219950782, 0.07687708774834354, 0.9970296118144679, 0.0046761677071026865]
 - [0.0010824862571958622, -0.003221765248258933, 0.999994224209414, 0.9876968160658386, -0.1563730324722747, -0.0015729745166228224, 0.15637719704901992, 0.9876928140591639, 0.0030128556191696336]
 - [0.0011438026865669118, -0.0029832473235766365, 0.9999948959623847, 0.9881099737506669, -0.15374054542578336, -0.0015888570228522634, 0.15374450068171755, 0.988106747739124, 0.0027719275856987837]
 - [0.002125419254093865, -0.00899960428149627, 0.9999572439438452, -0.9886651060573943, -0.15013575612818308, 0.0007501975340961911, 0.15012258543442344, -0.9886244291208848, -0.009216696148242878]
 - [0.0013287738209599262, -0.0016338823342833245, 0.9999977823918663, 0.9709328218705063, -0.23934625320324615, -0.0016812174587794747, 0.23934846933855433, 0.9709329026797296, 0.0012683529500287585]
 - [0.0020812672396033267, -0.008685267302343765, 0.9999601164339329, -0.9883082948652729, -0.15246697144976745, 0.0007327464994546654, 0.15245452642402596, -0.988270402647384, -0.008901046230828413]
 - [0.0015751373960595364, -0.0005533701535239681, 0.9999986063608574, 0.9548456112092084, -0.29709775348853534, -0.001668420384314444, 0.29709826269552103, 0.9548469084903292, 6.0413280661466614e-05]
 - [0.0020152502986821898, -0.008239743070031943, 0.9999640220529802, -0.9885817452446466, -0.15068367350423553, 0.000750671910486791, 0.15067206687134116, -0.9885476908947838, -0.008449324902575606]
 - [0.0018178698033387746, 0.0002795735245376618, 0.9999983085925808, 0.9438232251751698, -0.3304467949636673, -0.0016233663113694205, 0.3304457821932654, 0.9438245798541615, -0.0008645772357772597]
 - [0.0019322589778925413, -0.0076740086775941374, 0.9999686874927928, -0.9893236977888257, -0.14573260330718818, 0.0007933011749553248, 0.14572195225389628, -0.9892942524467258, -0.007873671772892938]
 - [0.002072647187985762, 0.0010528083018842226, 0.9999972978605062, 0.9392362692418145, -0.34326770503255427, -0.0015853146064124754, 0.34326510844295277, 0.9392370170922582, -0.0017003085852505969]
 - [0.0018369038859254712, -0.0069948170436543574, 0.9999738488173776, -0.9904739089152955, -0.13769786702440728, 0.0008562563771738819, 0.1376882767056392, -0.9904495797118874, -0.007181121526396436]
 - [0.002366362840311512, 0.0019290702853972622, 0.9999953394965109, 0.9408101785584806, -0.33893028075243653, -0.001572485241479706, 0.338925667732127, 0.9408095149800032, -0.002616920981485372]
 - [0.0017456713196364036, -0.006289058500119913, 0.9999786999605672, -0.9920199541338449, -0.126077472836637, 0.0009388521778100165, 0.1260688828852248, -0.9920004629970236, -0.006458961353217183]
 - [0.0026781804976249222, 0.0029193658810943938, 0.999992152295244, 0.9473607219040184, -0.3201641679849419, -0.001602539237509822, 0.3201569770327051, 0.9473575791861079, -0.00362314999935113]
 - [0.0016973662186665335, -0.005824717118389439, 0.999981595639845, -0.99396328045999, -0.10970824282030402, 0.001048119504832762, 0.10970011871066926, -0.9939467662444363, -0.005975770000018279]
 - [-0.008108801034427219, 0.0075813384443408635, 0.9999383834282873, 0.9722953856646428, -0.2335561089361924, 0.009655412670062093, 0.23361491896072875, 0.9723137699765327, -0.0054774403688559875]
 - [-0.007769432157632845, -1.5301047450857433e-05, 0.9999698173894179, 0.0018517853264715426, -0.999998285443665, -9.137283305326434e-07, 0.9999681028988137, 0.001851722335605878, 0.0077694471707588685]
 - [-0.028037325675807523, 0.0164892645879347, 0.9994708662698963, 0.9486730112861437, 0.31553331390715966, 0.021406668868503086, -0.31501337436088106, 0.9487712221437341, -0.024489630574111836]
 - [-0.007963772364313702, -1.4545894924777833e-05, 0.9999682885562652, 0.001566026330339562, -0.9999987737778628, -2.0744656612260376e-06, 0.9999670624031883, 0.0015659601488113967, 0.007963785378214185]
 - [-0.007906912880286611, 0.008445324963362333, 0.999933076368097, 0.9810444006932878, -0.19355533728054847, 0.009392298896456321, 0.19362170487073707, 0.9810530097280554, -0.006754813577950077]
 - [-0.007808916371599251, -1.5160717613633363e-05, 0.9999695098328015, 0.001795929940649653, -0.9999983873158776, -1.1364610993142861e-06, 0.9999678972150804, 0.0017958663079158017, 0.007808931005870492]
 - [-0.027233393897696967, 0.014615598391343736, 0.9995222491472993, 0.9746532827174865, 0.22250389872424772, 0.023302221793998785, -0.22205702138153594, 0.9748222398653883, -0.020304677268734316]
 - [-0.007764876917350651, 0.009063777563565238, 0.9999287747748519, 0.9893259994709265, -0.14544088468674918, 0.009000879534146852, 0.1455121075969656, 0.9893254252255999, -0.00783770022871314]
 - [-0.007848097820997877, -1.5014979624840357e-05, 0.9999692030933462, 0.0017394060430198622, -0.999998487231234, -1.3639701406561097e-06, 0.9999676903916492, 0.0017393417701232331, 0.007848112065786918]
 - [-0.02672738241371622, 0.013109446786298587, 0.999556796502464, 0.9899728858916215, 0.13909067272001782, 0.024646905722761854, -0.13870591994837425, 0.9901928737206959, -0.016695526467443628]
 - [-0.007925530916448683, -1.4707505442502924e-05, 0.9999685923784721, 0.0016244334724891158, -0.9999986806053968, -1.8330459011529898e-06, 0.9999672730522665, 0.0016243679250354537, 0.0079255443509101]
 - [-0.007618961248258658, 0.010005830386277772, 0.9999209142666126, 0.9957304479851568, -0.09191577308269597, 0.008506798098565535, 0.09199362143527644, 0.9957165128774813, -0.009262807259771065]
 - [-0.007886971073377928, -1.4863888783103426e-05, 0.9999688972494858, 0.0016822337060926498, -0.9999985850426042, -1.596188818593349e-06, 0.9999674823598245, 0.001682168794902343, 0.007886984918184592]
 - [-0.032428189067876326, 0.02101118483172053, 0.9992531924721311, 0.6933782497261592, 0.7205363024263841, 0.007351169458117764, -0.7198437437114155, 0.6930988147426607, -0.03793438600864251]
 - [-0.007489640203440449, 0.011450159689490957, 0.9999063951854232, 0.9992568661480922, -0.037723208908214505, 0.007916752210388449, 0.0378103259112705, 0.9992226245200577, -0.011159117426174198]
 - [-0.029913132581022354, 0.018699976501058577, 0.999377563975723, 0.8322553938522612, 0.5542016987107987, 0.014540857948646103, -0.5535848299068609, 0.8321723307253882, -0.032141065198080465]
 - [-0.007424084915358586, 0.013128755690839329, 0.9998862528993883, 0.9999068625062786, 0.011548836258811207, 0.007272598841973147, -0.011452042438737637, 0.9998471183911455, -0.013213272452497595]
 - [-0.028903814277072566, 0.017814398941623184, 0.999423442145813, 0.9059137230730718, 0.4230510353597044, 0.01865871991770853, -0.42247472808219183, 0.9059307195759676, -0.02836609702527501]
 - [-0.007431637187011447, 0.014482448372193632, 0.999867505951597, 0.9986591871344151, 0.051334368964755434, 0.006679110346377055, -0.05123083759562553, 0.9985765074605636, -0.014844528524461274]
 - [-0.02804246286081362, 0.016509663478565813, 0.9994703853984493, 0.9488852920017993, 0.314893340429747, 0.021421642692755472, -0.31437290420670894, 0.9489834641155871, -0.024496161654829093]
 - [-0.02873086145764706, -0.005547063856478328, 0.9995717921602597, -0.9693145339584872, 0.24439071667465018, -0.026504940295946803, -0.24413904205747664, -0.9696609756434582, -0.012398405439194708]
 - [-0.007420657671195258, 4.418266899121065e-05, 0.999972465564737, 0.006571199530348691, 0.9999784094247969, 4.581033277971127e-06, -0.9999508753816158, 0.006571052590360355, -0.007420787788061475]
 - [-0.00814485004328704, -0.0067088984576093875, 0.9999443244997482, -0.9988541312419578, -0.04710613434932403, -0.008452017956491475, 0.047160215421961194, -0.9988673599573412, -0.0063175385400717566]
 - [-0.008079886600312518, 5.234726625204219e-05, 0.999967355813324, 0.007620518447657508, 0.9999709633851592, 9.227479851490545e-06, -0.9999383196633257, 0.007620344239021539, -0.008080050901065502]
 - [-0.036094473106062404, -0.01033736159805502, 0.9992949154110544, -0.4836186697004487, 0.8752383577682378, -0.008414238428197834, -0.8745342596653168, -0.4835813851321713, -0.03659060843012377]
 - [-0.007555891731432715, 4.57656133537922e-05, 0.9999714527953542, 0.0067770522940103824, 0.9999770355026089, 5.442266383794973e-06, -0.9999484887044671, 0.00677689994928722, -0.007556028370131728]
 - [-0.008117473433860024, -0.006564708445669675, 0.9999455041291373, -0.9998681516551734, -0.014010513571113608, -0.008208825442283291, 0.01406363860168528, -0.9998802978919511, -0.0064501129280185926]
 - [-0.007951477590599805, 5.066563207921366e-05, 0.9999683852188127, 0.007406814296600393, 0.9999725691408861, 8.231135845204893e-06, -0.9999409548098839, 0.007406645581479328, -0.007951634745666302]
 - [-0.03265049979607579, -0.008507821632090618, 0.9994306188196074, -0.6843976936786869, 0.7289299422665108, -0.016153518336134844, -0.728377472022825, -0.6845354309591417, -0.029622660434558707]
 - [-0.007689456597302921, 4.737415520906612e-05, 0.9999704345694065, 0.006984995084621127, 0.9999756046041813, 6.338004423580947e-06, -0.9999460395945904, 0.006984837306043687, -0.007689599918206873]
 - [-0.00808613573059069, -0.006685620946891413, 0.9999449569258805, -0.9996292566581773, 0.0260536140428806, -0.007909388618884128, -0.02599930079764424, -0.9996381903808292, -0.006893815356862555]
 - [-0.007821326637285556, 4.900770497992789e-05, 0.9999694117561182, 0.007194944205752411, 0.9999741160275374, 7.267794613483787e-06, -0.9999435282192236, 0.007194780968839934, -0.007821476797985243]
 - [-0.030561242878236274, -0.006856626078011211, 0.9995093782014072, -0.8112826533154991, 0.5842840989259196, -0.02079779247156135, -0.5838548337241898, -0.8115202267480168, -0.02341911005452765]
 - [-0.008078839431411442, -0.007269369294567702, 0.9999409425678601, -0.9974001858945918, 0.07166629682503861, -0.007537312307417125, -0.07160727289092605, -0.9974021747366731, -0.007829450790431616]
 - [-0.029582498954159223, -0.006072752253312605, 0.9995438947018275, -0.8902516158299053, 0.45485804085573484, -0.02358438426429978, -0.45450735557070016, -0.890543252374051, -0.018862115023951943]
 - [-0.008127728478221132, -0.008255510829037886, 0.999932891033561, -0.9926957432668905, 0.12043716958448066, -0.007074565871839506, -0.12037068301534333, -0.992686624632079, -0.009174091071547756]
 - [-0.02915105735453622, -0.005912191519069567, 0.9995575330347695, -0.9391930449801446, 0.3424515122851751, -0.025365054593301538, -0.3421500257431487, -0.9395169012450164, -0.015535512831073532]
 - [-0.00822491581455671, -0.009236394061619283, 0.999923516967464, -0.9855279895157126, 0.16938649854153465, -0.006541864639054589, -0.16931312010875146, -0.9855064196323517, -0.010495914560549177]
 - [-0.008212118641995635, -0.009154021454760467, 0.9999243796400883, -0.9872522207550973, 0.1590245281825496, -0.006652221466979848, -0.1589516081124631, -0.98723219321876, -0.010343256302474554]
 - [-0.008124031198553863, -0.008200918414847085, 0.9999333703073612, -0.9936880639474258, 0.11195014785027341, -0.007155135548571707, -0.11188400996345024, -0.9936799833615726, -0.00905864123605853]
 - [-0.008136762686026257, -0.008385284250374898, 0.9999317377206463, -0.9944937444527996, 0.10454723603774303, -0.007215793866119206, -0.10447959292245147, -0.9944845712452803, -0.009189788781575501]
 - [-0.008208858358344406, -0.00909861272504276, 0.9999249121263721, -0.986458837676446, 0.16387588928663985, -0.00660715374035698, -0.16380346826147602, -0.9864390037691094, -0.010320640896715555]
materials:
- name: Gelcoat
  density: 1235.0
  elastic:
    E:
    - 3440000000.0
    - 3440000000.0
    - 3440000000.0
    G:
    - 1323000000.0
    - 1323000000.0
    - 1323000000.0
    nu:
    - 0.3
    - 0.3
    - 0.3
- name: Adhesive
  density: 1100.0
  elastic:
    E:
    - 3900000000.0
    - 3900000000.0
    - 3900000000.0
    G:
    - 1500000000.0
    - 1500000000.0
    - 1500000000.0
    nu:
    - 0.3
    - 0.3
    - 0.3
- name: glass_uni
  density: 1940.0
  elastic:
    E:
    - 43700000000.0
    - 16500000000.0
    - 15450000000.0
    G:
    - 3265000000.0
    - 3495000000.0
    - 3480000000.0
    nu:
    - 0.262
    - 0.264
    - 0.35
- name: carbon_uni_industry_baseline
  density: 1600.0
  elastic:
    E:
    - 157599000000.0
    - 9100000000.0
    - 9100000000.0
    G:
    - 4131000000.0
    - 4131000000.0
    - 2689000000.0
    nu:
    - 0.3133
    - 0.3133
    - 0.47066
- name: glass_biax
  density: 1940.0
  elastic:
    E:
    - 11023100000.0
    - 11023100000.0
    - 16047700000.0
    G:
    - 13231400000.0
    - 3487480000.0
    - 3487480000.0
    nu:
    - 0.688074
    - 0.117173
    - 0.117173
- name: glass_triax
  density: 1940.0
  elastic:
    E:
    - 28211400000.0
    - 16238800000.0
    - 15835500000.0
    G:
    - 8248220000.0
    - 3491240000.0
    - 3491240000.0
    nu:
    - 0.497511
    - 0.18091
    - 0.27481
- name: medium_density_foam
  density: 130.0
  elastic:
    E:
    - 142500000.0
    - 142500000.0
    - 142500000.0
    G:
    - 54000000.0
    - 54000000.0
    - 54000000.0
    nu:
    - 0.3194
    - 0.3194
    - 0.3194
- name: resin
  density: 1150.0
  elastic:
    E:
    - 1000000.0
    - 1000000.0
    - 1000000.0
    G:
    - 312500.0
    - 312500.0
    - 312500.0
    nu:
    - 0.3
    - 0.3
    - 0.3
- name: steel
  density: 7800
  elastic:
    E:
    - 200000000000.0
    - 200000000000.0
    - 200000000000.0
    G:
    - 79300000000.0
    - 79300000000.0
    - 79300000000.0
    nu:
    - 0.3
    - 0.3
    - 0.3
