nodes:
 - [-2.354160602 0.179962663 41.379310345]
 - [-2.354961187 0.169489905 41.379310345]
 - [-2.353360017 0.190435421 41.379310345]
 - [-2.285226631 0.172708108 41.379310345]
 - [-2.283293223 0.197999758 41.379310345]
 - [-2.058197041 0.176114074 41.379310345]
 - [-2.054556700 0.223734778 41.379310345]
 - [-1.720187827 0.149756889 41.379310345]
 - [-1.721682241 0.265521879 41.379310345]
 - [-1.519919726 0.121677278 41.379310345]
 - [-1.535997520 0.291309770 41.379310345]
 - [-1.298063819 0.063957689 41.379310345]
 - [-1.316824749 0.322671133 41.379310345]
 - [-1.058859338 -0.015834450 41.379310345]
 - [-1.072598369 0.357301141 41.379310345]
 - [-0.806545515 -0.110131709 41.379310345]
 - [-0.811752823 0.392894966 41.379310345]
 - [-0.545361585 -0.211366660 41.379310345]
 - [-0.542722552 0.427147781 41.379310345]
 - [-0.279546780 -0.311971874 41.379310345]
 - [-0.273941998 0.457754759 41.379310345]
 - [-0.013340333 -0.404379922 41.379310345]
 - [-0.013845603 0.482411072 41.379310345]
 - [0.112978829 -0.440311090 41.379310345]
 - [-0.013423706 -0.256565387 41.376724138]
 - [0.141715712 0.491780721 41.379310345]
 - [0.253245914 -0.471238194 41.379310345]
 - [-0.013507406 -0.108772046 41.375172414]
 - [0.285952856 0.497763859 41.379310345]
 - [-0.013760531 0.334591660 41.376724138]
 - [0.401066177 -0.496573747 41.379310345]
 - [-0.013591439 0.039011186 41.374655172]
 - [0.422066819 0.499865694 41.379310345]
 - [-0.013675812 0.186795393 41.375172414]
 - [0.550044876 -0.515730259 41.379310345]
 - [0.553258592 0.497591431 41.379310345]
 - [0.693787268 -0.528120240 41.379310345]
 - [0.682729169 0.490446277 41.379310345]
 - [0.825898608 -0.533156200 41.379310345]
 - [0.813679539 0.477935438 41.379310345]
 - [0.939984155 -0.530250652 41.379310345]
 - [0.949310694 0.459564119 41.379310345]
 - [1.190144014 -0.511729067 41.379310345]
 - [0.941479732 -0.365258693 41.376724138]
 - [1.238837854 0.394519290 41.379310345]
 - [0.947697036 0.294576579 41.376724138]
 - [1.424293385 -0.467642068 41.379310345]
 - [0.942998692 -0.200292364 41.375172414]
 - [1.483614004 0.308353698 41.379310345]
 - [0.946107227 0.129612900 41.375172414]
 - [1.631006484 -0.405991660 41.379310345]
 - [0.944541151 -0.035339290 41.374655172]
 - [1.681952586 0.208140969 41.379310345]
 - [1.798857528 -0.334779843 41.379310345]
 - [1.832167046 0.100954728 41.379310345]
 - [1.916420734 -0.262008620 41.379310345]
 - [1.932570827 -0.006131401 41.379310345]
 - [1.972270316 -0.195679992 41.379310345]
 - [1.981477373 -0.106043793 41.379310345]
 - [1.981508110 -0.167808762 41.379310345]
 - [1.984531624 -0.137039157 41.379310345]
 - [1.985652410 -0.151792233 41.379310345]
elements:
 - [1 2]
 - [3 1]
 - [2 4]
 - [5 3]
 - [4 6]
 - [7 5]
 - [6 8]
 - [9 7]
 - [8 10]
 - [11 9]
 - [10 12]
 - [13 11]
 - [12 14]
 - [15 13]
 - [14 16]
 - [17 15]
 - [16 18]
 - [19 17]
 - [18 20]
 - [21 19]
 - [20 22]
 - [23 21]
 - [22 24]
 - [25 22]
 - [26 23]
 - [23 30]
 - [24 27]
 - [28 25]
 - [29 26]
 - [27 31]
 - [32 28]
 - [33 29]
 - [30 34]
 - [31 35]
 - [34 32]
 - [36 33]
 - [35 37]
 - [38 36]
 - [37 39]
 - [40 38]
 - [39 41]
 - [42 40]
 - [41 43]
 - [41 44]
 - [45 42]
 - [46 42]
 - [43 47]
 - [44 48]
 - [49 45]
 - [50 46]
 - [47 51]
 - [48 52]
 - [53 49]
 - [52 50]
 - [51 54]
 - [55 53]
 - [54 56]
 - [57 55]
 - [56 58]
 - [59 57]
 - [58 60]
 - [61 59]
 - [60 62]
 - [62 61]
sets:
  element:
  - name: layup_0
    labels:
    - 1
    - 2
    - 3
    - 4
    - 5
    - 6
    - 7
    - 8
  - name: layup_1
    labels:
    - 9
    - 11
    - 13
    - 15
    - 17
    - 19
    - 21
  - name: layup_2
    labels:
    - 23
    - 25
    - 27
    - 29
    - 30
    - 32
    - 34
    - 36
    - 37
    - 38
    - 39
    - 40
    - 41
    - 42
  - name: layup_3
    labels:
    - 43
    - 47
    - 51
    - 55
    - 57
    - 59
  - name: layup_4
    labels:
    - 61
    - 62
    - 63
    - 64
  - name: layup_5
    labels:
    - 45
    - 49
    - 53
    - 56
    - 58
    - 60
  - name: layup_6
    labels:
    - 10
    - 12
    - 14
    - 16
    - 18
    - 20
    - 22
  - name: layup_7
    labels:
    - 44
    - 46
    - 48
    - 50
    - 52
    - 54
  - name: layup_8
    labels:
    - 24
    - 26
    - 28
    - 31
    - 33
    - 35
sections:
- type: shell
  elementSet: layup_0
  layup:
  - - glass_triax
    - 0.005
    - 0
  - - glass_uni
    - 0.01
    - 0
  - - glass_triax
    - 0.003
    - 0
- type: shell
  elementSet: layup_1
  layup:
  - - glass_triax
    - 0.005
    - 0
  - - medium_density_foam
    - 0.048
    - 0
  - - glass_triax
    - 0.003
    - 0
- type: shell
  elementSet: layup_2
  layup:
  - - glass_triax
    - 0.005
    - 0
  - - carbon_uni_industry_baseline
    - 0.04
    - 0
  - - glass_triax
    - 0.003
    - 0
- type: shell
  elementSet: layup_3
  layup:
  - - glass_triax
    - 0.005
    - 0
  - - medium_density_foam
    - 0.07
    - 0
  - - glass_triax
    - 0.003
    - 0
- type: shell
  elementSet: layup_4
  layup:
  - - glass_triax
    - 0.005
    - 0
  - - glass_uni
    - 0.005
    - 0
  - - glass_triax
    - 0.003
    - 0
- type: shell
  elementSet: layup_5
  layup:
  - - glass_triax
    - 0.005
    - 0
  - - medium_density_foam
    - 0.038
    - 0
  - - glass_triax
    - 0.003
    - 0
- type: shell
  elementSet: layup_6
  layup:
  - - glass_triax
    - 0.005
    - 0
  - - medium_density_foam
    - 0.076
    - 0
  - - glass_triax
    - 0.003
    - 0
- type: shell
  elementSet: layup_7
  layup:
  - - glass_biax
    - 0.002
    - 0
  - - medium_density_foam
    - 0.049
    - 0
  - - glass_biax
    - 0.002
    - 0
- type: shell
  elementSet: layup_8
  layup:
  - - glass_biax
    - 0.002
    - 0
  - - medium_density_foam
    - 0.029
    - 0
  - - glass_biax
    - 0.002
    - 0
elementOrientations:
 - [0.022022751037858685, -0.006468653061953085, 0.9997365427772901, -0.07618231594786082, -0.9970824792368383, -0.004773294013511899, 0.9968506674389823, -0.07605712410079152, -0.022451296175766598]
 - [0.012482138724780422, -0.00398569237790285, 0.999914151549584, 0.988758470152596, -0.1489608370277599, -0.012936643053253644, 0.14899961045034138, 0.9888350637433211, 0.00208153726573418]
 - [0.03547944681482629, -0.005208093418564972, 0.9993568354780272, 0.9983050750057354, 0.04634540277021348, -0.03520058039094917, -0.046132267140331404, 0.9989118977192185, 0.006843575343554873]
 - [0.012377009588665262, -0.0027503583323939553, 0.9999196193508183, 0.9485869257636897, -0.31626538488062733, -0.012611526335087973, 0.3162746494802168, 0.948666770713169, -0.001305465745956307]
 - [0.035507903264303836, -0.005570609470184537, 0.9993538698158445, 0.9992565433035601, 0.01522545076945522, -0.03541957529230764, -0.015018304524592465, 0.999868568342359, 0.006107091796347913]
 - [0.012171951721348852, -0.003996240109402004, 0.999917933460682, 0.9677290212451483, -0.2516685548098491, -0.012785928195829466, 0.2516989968815927, 0.9678052327740897, 0.0008039800308050838]
 - [0.03551846153787582, -0.006786102469754063, 0.9993459799805332, 0.9963377065139124, -0.07758612242363713, -0.03593839431389628, 0.07777926117275182, 0.9969625581838741, 0.004005510065706279]
 - [0.012260419185808367, -0.00507951302203509, 0.99991193645683, 0.9901950603632024, -0.13909951117004474, -0.012847895725336478, 0.13915252262788042, 0.9902653808650052, 0.003324290387983929]
 - [0.01248999308129328, -0.003915603071206144, 0.9999143303930684, 0.9883069187749113, -0.1519275885736759, -0.012939943269966605, 0.1519652406784899, 0.9883838707115655, 0.001972243076306537]
 - [0.013980378010967865, -0.011587224705321008, 0.9998351290359322, -0.9896984781526971, -0.14264794623138605, 0.012185474065575503, 0.14248323190082987, -0.9897056631441472, -0.01346213086767253]
 - [0.012877516663634701, -0.0015741354202911898, 0.9999158422898684, 0.9681023880312642, -0.2502245837900666, -0.012861724427624907, 0.25022377155806375, 0.9681865418217539, -0.001698346987939148]
 - [0.013966533406150778, -0.011445560874136743, 0.9998369542484872, -0.9892007304878636, -0.14606297137049576, 0.012145912756942512, 0.14590013963972892, -0.989209081807632, -0.013361950546587049]
 - [0.013321242746055928, 0.00012594350741438592, 0.9999112603776068, 0.9499239808349548, -0.31222630906431126, -0.012615964598466263, 0.31219701332071265, 0.9500077452664847, -0.00427887921267418]
 - [0.013894472402274679, -0.010942339637711828, 0.9998435921882557, -0.9894197919369431, -0.14456980596403465, 0.012167437157335976, 0.14441405388714343, -0.9894340990721792, -0.012835288586817683]
 - [0.013612034988984357, 0.001048563295929107, 0.9999068021663187, 0.9381336685683135, -0.3460509446055072, -0.012408208420005815, 0.34600568261520903, 0.9382151375098629, -0.005694150097477305]
 - [0.013795340394930218, -0.010265551645606552, 0.9998521425854923, -0.9901828686406297, -0.13924172100582688, 0.012232325287907957, 0.1390955615179785, -0.9902052118529505, -0.012085660315076512]
 - [0.013803027971169264, 0.0016005450204173508, 0.9999034526765398, 0.933854684038623, -0.35744044059689484, -0.012319112184808252, 0.3573862133853953, 0.9339345639184449, -0.006428436863917438]
 - [0.01370121154623852, -0.00961686149302039, 0.9998598865727083, -0.9913821866817435, -0.13041976593981486, 0.012330635925563946, 0.13028291036160547, -0.9914122253771274, -0.011320893978918304]
 - [0.014032303257456816, 0.0022628136566370124, 0.9998989819675016, 0.9367308238511172, -0.34983244423067444, -0.012354133348790488, 0.3497691497437965, 0.9368095540919444, -0.007028602247545319]
 - [0.013627069793386763, -0.0090918550434901, 0.9998658115670895, -0.9929374372276877, -0.1179830443847324, 0.012459814983479622, 0.1178539295931979, -0.9929739872774002, -0.010635406426795677]
 - [0.014362117988468641, 0.003289903803612007, 0.9998914471580647, 0.9456563435392422, -0.3249268833478635, -0.012514008224189212, 0.3248504417279996, 0.9457334175182809, -0.007777756637786966]
 - [0.013558491796477808, -0.008562794811656385, 0.999871414655514, -0.9947642535787418, -0.1014139869929589, 0.012620738651951277, 0.10129287784505749, -0.9948074596559906, -0.009892982900057426]
 - [-0.007755052188419781, 0.011310910599219313, 0.9999059568114251, 0.9653399355901431, -0.2607870360321717, 0.01043698195712498, 0.26088056255760683, 0.9653300912843086, -0.008896456634823437]
 - [-0.007709235128511082, -7.040385039764059e-06, 0.9999702833805446, 0.0007152942215482484, -0.9999997441758914, -1.5260572479569195e-06, 0.9999700275747818, 0.0007152612006879242, 0.007709238192249613]
 - [-0.02594414913796137, 0.01579154851619165, 0.9995386576420981, 0.9557248772617383, 0.29356971292414347, 0.020168853132272496, -0.2931157793578203, 0.9558072246269625, -0.022708792181902564]
 - [-0.007953244189658737, -6.218253463573468e-06, 0.9999683724339448, 0.00045252055999399907, -0.9999998976091355, -2.619329155395421e-06, 0.9999682700626068, 0.00045248541570570996, 0.007953246189206729]
 - [-0.007731836745710116, 0.011239143883704134, 0.9999069458431113, 0.9781547603457708, -0.20764224719836966, 0.009897575022129762, 0.20773416549389565, 0.97814026541349, -0.009388166135206072]
 - [-0.007758556415578277, -6.88692097138955e-06, 0.9999699019245114, 0.0006641241941213051, -0.9999997794679995, -1.7343266254625935e-06, 0.9999696814110923, 0.0006640907493902099, 0.007758559278339148]
 - [-0.02581470701416692, 0.016180196308139147, 0.9995357933306851, 0.9803403323008925, 0.19606740875340417, 0.02214506917806522, -0.1956180813880673, 0.9804569202530804, -0.02092352173741084]
 - [-0.007678353482129463, 0.011383838129011486, 0.9999057211143738, 0.9870892395511421, -0.15989517507404, 0.009400327142700397, 0.15998711213766925, 0.9870683569122731, -0.010009132447633786]
 - [-0.007807623193915578, -6.727943886754539e-06, 0.9999695200228841, 0.0006122446830364908, -0.9999998125763098, -1.94782620783551e-06, 0.9999693326180108, 0.0006122108139394845, 0.007807625849729897]
 - [-0.025445889757647853, 0.015482622835950624, 0.9995562991070394, 0.9937715622509087, 0.10890623743822213, 0.023611723961589712, -0.10849234422681797, 0.9939314462462537, -0.018157406395197462]
 - [-0.00790497213695326, -6.393573547777874e-06, 0.9999687551991991, 0.000506425281345918, -0.999999871763852, -2.390369676052842e-06, 0.999968626982341, 0.0005063905623831958, 0.007904974361117366]
 - [-0.007570133248894529, 0.01206137395822751, 0.9998986030297439, 0.9933433711209845, -0.11484612724359672, 0.008905846795513771, 0.11494189894286395, 0.9933100675596656, -0.011111685381663041]
 - [-0.007856430149054228, -6.563483328272669e-06, 0.9999691377548773, 0.0005596725908933378, -0.999999843380936, -2.1665205473186263e-06, 0.9999689811548677, 0.0005596382970233024, 0.007856432591989216]
 - [-0.031401222944618876, 0.022370746879321092, 0.9992564800298491, 0.6946421559415491, 0.7193326776680863, 0.005724860499421922, -0.7186697700519059, 0.6943054432473669, -0.03812758962507953]
 - [-0.007446814438181327, 0.013218530212948557, 0.9998849010829858, 0.9975238932660008, -0.06983065127096287, 0.008352395256067641, 0.06993302022767, 0.9974712780837766, -0.012665783819162486]
 - [-0.0284196699939862, 0.019539267094406062, 0.9994050927421004, 0.8399423876216221, 0.5425131035637223, 0.013278476499463976, -0.5419309068819768, 0.8398200697191462, -0.03182990202634627]
 - [-0.007368924041024938, 0.014514158963145694, 0.9998675102972742, 0.9997350681530052, -0.021697153416304973, 0.0076829056179817815, 0.02180578968033707, 0.9996592282989347, -0.0143504290247728]
 - [-0.026572572632597307, 0.016676179736573777, 0.9995077805665542, 0.9138717196045173, 0.40562450541528644, 0.01752828324985397, -0.40513254434909113, 0.9138876657642326, -0.026018375684005734]
 - [-0.007388262361751529, 0.01530946224676976, 0.9998555065333135, 0.99939596982219, 0.034067454884760734, 0.006863236906815033, -0.0339574598937877, 0.9993022710288362, -0.015551914164252416]
 - [-0.025945899383335254, 0.015799724390168916, 0.9995384830082253, 0.9558322032172959, 0.29321955966400187, 0.02017644971790816, -0.2927654515101812, 0.9559145665485195, -0.022709730566349274]
 - [-0.026593242787852956, -0.005201429826037925, 0.9996328048667622, -0.9746496087015645, 0.22236121158139457, -0.02477159344776975, -0.2221507139216834, -0.9749504791074364, -0.01098287723082168]
 - [-0.007369733978955936, 6.352742822906107e-05, 0.9999728411238702, 0.00891120213129677, 0.9999602944477144, 2.148341649435739e-06, -0.9999331365134644, 0.008910975945768371, -0.007370007465351934]
 - [-0.008056882348016, -0.009199530669040765, 0.9999252248454878, -0.9988641298350566, -0.046888639412931636, -0.008479718324291202, 0.04696314273646382, -0.9988577597082948, -0.008811304945413781]
 - [-0.007991047423926168, 7.270971625526827e-05, 0.9999680684273702, 0.009868774515367504, 0.9999513024401088, 6.1558662653300825e-06, -0.9999193719748775, 0.009868508581696559, -0.007991375835210448]
 - [-0.033257393409888626, -0.009199174654382802, 0.9994044831644782, -0.44076853875829414, 0.8975979418609955, -0.006405467023044092, -0.8970044821651999, -0.44071908280965477, -0.033906474646572114]
 - [-0.007496620261947345, 6.532717414431776e-05, 0.9999718978136377, 0.00909952380010971, 0.9999585984720826, 2.8912862459775943e-06, -0.9999304972603144, 0.009099289758471123, -0.0074969043365902014]
 - [-0.008054434351405257, -0.009185948545544068, 0.9999253694334381, -0.9997999838337792, -0.018232083496263957, -0.008220915846807259, 0.018306239735509034, -0.9997915830215334, -0.009037262087722894]
 - [-0.00786944114259798, 7.083753541768969e-05, 0.9999690329595946, 0.009674203193252703, 0.9999532037873184, 5.2965161589408905e-06, -0.9999222378208612, 0.009673945292433702, -0.007869758179267926]
 - [-0.029592979376569416, -0.007173283133068904, 0.9995362922779296, -0.6837878834387918, 0.7295264593935116, -0.015009180759277298, -0.7290805072376547, -0.6839149720936516, -0.026493865558362275]
 - [-0.007622211622281011, 6.714575740710491e-05, 0.9999709482687147, 0.009289509291910658, 0.9999568515709522, 3.6638519581665193e-06, -0.9999278008471915, 0.009289267342237914, -0.007622506486960986]
 - [-0.00805252753174627, -0.009241725537412562, 0.9999248708325249, -0.999859854491272, 0.014751734415646815, -0.007915662222621384, -0.014677471752413027, -0.999848476940792, -0.0093592190986086]
 - [-0.007746490720064986, 6.898270933159987e-05, 0.999969993111248, 0.00948109175812115, 0.9999550534294684, 4.465714527190981e-06, -0.9999250475813664, 0.00948084185367166, -0.007746796573270361]
 - [-0.027844616271029687, -0.0057283931200406875, 0.9995958497597821, -0.8137174707135018, 0.5809388386990938, -0.01933761998204297, -0.5805932786386189, -0.8139270552102388, -0.02083731260140602]
 - [-0.00805017297714354, -0.009243217176826052, 0.9999248760038228, -0.9985622883873637, 0.053069523729825485, -0.007548633100149232, -0.05299576327999481, -0.9985480402000254, -0.009657146941992526]
 - [-0.027121633285845527, -0.005169104141260834, 0.9996187760192805, -0.891974639585328, 0.4515563311923335, -0.021866003218317987, -0.4512711594424487, -0.8922276391832393, -0.016857655025880443]
 - [-0.008049444570003422, -0.00927712082791377, 0.999924567890628, -0.9951622046726375, 0.09798851037260475, -0.007101987472096614, -0.09791523289667615, -0.995144304542865, -0.010020993098862598]
 - [-0.02685470997998066, -0.005222821032811707, 0.9996257032971644, -0.9423324829004838, 0.3338471014696885, -0.02357126451629859, -0.3335990351042713, -0.9426127704316063, -0.01388700099921999]
 - [-0.008087722003519373, -0.009738800170579187, 0.9999198690515312, -0.9884986281637066, 0.15108905376696202, -0.006523798761032327, -0.15101341288529369, -0.9884721815018577, -0.010848756873219977]
 - [-0.007960547966930786, -0.008200360233780811, 0.9999346897513368, -0.9905745440766707, 0.13680760126358985, -0.006764086324021847, -0.13674319838062296, -0.9905636952405125, -0.009212131571941432]
 - [-0.008034060781572084, -0.009023752927776501, 0.9999270102114736, -0.9952401775406308, 0.09719210124789826, -0.0071193022067940785, -0.09712076439284945, -0.995224732077191, -0.009761648714837394]
 - [-0.007958481238374768, -0.007772519123655394, 0.9999381233470652, -0.9953096997476143, 0.09647366238301583, -0.00717175395014285, -0.09641195032096357, -0.9953051895840191, -0.008503847507320575]
 - [-0.008057774857191443, -0.009400618198911555, 0.9999233473831025, -0.9896289312750216, 0.1434945206340078, -0.0066257778014684274, -0.14342123499610837, -0.9896064626534601, -0.010459370282022807]
materials:
- name: Gelcoat
  density: 1235.0
  elastic:
    E:
    - 3440000000.0
    - 3440000000.0
    - 3440000000.0
    G:
    - 1323000000.0
    - 1323000000.0
    - 1323000000.0
    nu:
    - 0.3
    - 0.3
    - 0.3
- name: Adhesive
  density: 1100.0
  elastic:
    E:
    - 3900000000.0
    - 3900000000.0
    - 3900000000.0
    G:
    - 1500000000.0
    - 1500000000.0
    - 1500000000.0
    nu:
    - 0.3
    - 0.3
    - 0.3
- name: glass_uni
  density: 1940.0
  elastic:
    E:
    - 43700000000.0
    - 16500000000.0
    - 15450000000.0
    G:
    - 3265000000.0
    - 3495000000.0
    - 3480000000.0
    nu:
    - 0.262
    - 0.264
    - 0.35
- name: carbon_uni_industry_baseline
  density: 1600.0
  elastic:
    E:
    - 157599000000.0
    - 9100000000.0
    - 9100000000.0
    G:
    - 4131000000.0
    - 4131000000.0
    - 2689000000.0
    nu:
    - 0.3133
    - 0.3133
    - 0.47066
- name: glass_biax
  density: 1940.0
  elastic:
    E:
    - 11023100000.0
    - 11023100000.0
    - 16047700000.0
    G:
    - 13231400000.0
    - 3487480000.0
    - 3487480000.0
    nu:
    - 0.688074
    - 0.117173
    - 0.117173
- name: glass_triax
  density: 1940.0
  elastic:
    E:
    - 28211400000.0
    - 16238800000.0
    - 15835500000.0
    G:
    - 8248220000.0
    - 3491240000.0
    - 3491240000.0
    nu:
    - 0.497511
    - 0.18091
    - 0.27481
- name: medium_density_foam
  density: 130.0
  elastic:
    E:
    - 142500000.0
    - 142500000.0
    - 142500000.0
    G:
    - 54000000.0
    - 54000000.0
    - 54000000.0
    nu:
    - 0.3194
    - 0.3194
    - 0.3194
- name: resin
  density: 1150.0
  elastic:
    E:
    - 1000000.0
    - 1000000.0
    - 1000000.0
    G:
    - 312500.0
    - 312500.0
    - 312500.0
    nu:
    - 0.3
    - 0.3
    - 0.3
- name: steel
  density: 7800
  elastic:
    E:
    - 200000000000.0
    - 200000000000.0
    - 200000000000.0
    G:
    - 79300000000.0
    - 79300000000.0
    - 79300000000.0
    nu:
    - 0.3
    - 0.3
    - 0.3
