nodes:
 - [-1.912019178 0.062260928 58.620689655]
 - [-1.912144668 0.058407169 58.620689655]
 - [-1.911893689 0.066114687 58.620689655]
 - [-1.861744167 0.062033394 58.620689655]
 - [-1.861390008 0.072909560 58.620689655]
 - [-1.697385289 0.070232873 58.620689655]
 - [-1.696533428 0.096393331 58.620689655]
 - [-1.455308838 0.062251592 58.620689655]
 - [-1.459633530 0.134564836 58.620689655]
 - [-1.288366554 0.044833259 58.620689655]
 - [-1.314118363 0.160311293 58.620689655]
 - [-1.115386865 0.010441644 58.620689655]
 - [-1.141320685 0.191518054 58.620689655]
 - [-0.935845816 -0.036943853 58.620689655]
 - [-0.949106918 0.226000557 58.620689655]
 - [-0.749219454 -0.093343834 58.620689655]
 - [-0.745343483 0.261574239 58.620689655]
 - [-0.554983825 -0.154778901 58.620689655]
 - [-0.537896804 0.296054537 58.620689655]
 - [-0.352614973 -0.217269655 58.620689655]
 - [-0.334633302 0.327256890 58.620689655]
 - [-0.141588946 -0.276836699 58.620689655]
 - [-0.143419400 0.352996734 58.620689655]
 - [0.027321841 -0.305160819 58.620689655]
 - [-0.141885153 -0.171853719 58.617025862]
 - [0.021005792 0.366528103 58.620689655]
 - [0.177604377 -0.322007939 58.620689655]
 - [-0.142184877 -0.066885532 58.614827586]
 - [0.169356514 0.372651056 58.620689655]
 - [-0.143105379 0.248008994 58.617025862]
 - [0.313580602 -0.328570196 58.620689655]
 - [-0.142488141 0.038075734 58.614094828]
 - [0.305261064 0.371181911 58.620689655]
 - [-0.142794968 0.143037951 58.614827586]
 - [0.439572456 -0.326039730 58.620689655]
 - [0.432347738 0.361936988 58.620689655]
 - [0.559901879 -0.315608678 58.620689655]
 - [0.554244832 0.344732608 58.620689655]
 - [0.678890810 -0.298469179 58.620689655]
 - [0.674580642 0.319385088 58.620689655]
 - [0.800861189 -0.275813370 58.620689655]
 - [0.796983467 0.285710750 58.620689655]
 - [0.907668621 -0.247966149 58.620689655]
 - [0.800164888 -0.182214627 58.617025862]
 - [0.916766257 0.241335783 58.620689655]
 - [1.006241492 -0.213630459 58.620689655]
 - [0.799488658 -0.088629799 58.614827586]
 - [1.019444076 0.191817933 58.620689655]
 - [0.797579902 0.192111389 58.617025862]
 - [1.092362106 -0.175843586 58.620689655]
 - [0.798832449 0.004948133 58.614094828]
 - [1.103930249 0.139647937 58.620689655]
 - [0.798196213 0.098526190 58.614827586]
 - [1.161812769 -0.137642815 58.620689655]
 - [1.169138102 0.087316529 58.620689655]
 - [1.210375788 -0.102065430 58.620689655]
 - [1.213980960 0.037314445 58.620689655]
 - [1.233833467 -0.072148716 58.620689655]
 - [1.237372147 -0.007867579 58.620689655]
 - [1.240955640 -0.050088685 58.620689655]
 - [1.242032742 -0.032425825 58.620689655]
 - [1.243307043 -0.040485708 58.620689655]
elements:
 - [1 2]
 - [3 1]
 - [2 4]
 - [5 3]
 - [4 6]
 - [7 5]
 - [6 8]
 - [9 7]
 - [8 10]
 - [11 9]
 - [10 12]
 - [13 11]
 - [12 14]
 - [15 13]
 - [14 16]
 - [17 15]
 - [16 18]
 - [19 17]
 - [18 20]
 - [21 19]
 - [20 22]
 - [23 21]
 - [22 24]
 - [25 22]
 - [26 23]
 - [23 30]
 - [24 27]
 - [28 25]
 - [29 26]
 - [27 31]
 - [32 28]
 - [33 29]
 - [30 34]
 - [31 35]
 - [34 32]
 - [36 33]
 - [35 37]
 - [38 36]
 - [37 39]
 - [40 38]
 - [39 41]
 - [42 40]
 - [41 43]
 - [41 44]
 - [45 42]
 - [49 42]
 - [43 46]
 - [44 47]
 - [48 45]
 - [46 50]
 - [47 51]
 - [52 48]
 - [53 49]
 - [50 54]
 - [51 53]
 - [55 52]
 - [54 56]
 - [57 55]
 - [56 58]
 - [59 57]
 - [58 60]
 - [61 59]
 - [60 62]
 - [62 61]
sets:
  element:
  - name: layup_0
    labels:
    - 1
    - 2
    - 3
    - 4
    - 5
    - 6
    - 7
    - 8
  - name: layup_1
    labels:
    - 9
    - 11
    - 13
    - 15
    - 17
    - 19
    - 21
  - name: layup_2
    labels:
    - 23
    - 27
    - 30
    - 34
    - 37
    - 39
    - 41
  - name: layup_3
    labels:
    - 43
    - 47
    - 50
    - 54
    - 57
    - 59
  - name: layup_4
    labels:
    - 61
    - 62
    - 63
    - 64
  - name: layup_5
    labels:
    - 45
    - 49
    - 52
    - 56
    - 58
    - 60
  - name: layup_6
    labels:
    - 25
    - 29
    - 32
    - 36
    - 38
    - 40
    - 42
  - name: layup_7
    labels:
    - 10
    - 12
    - 14
    - 16
    - 18
    - 20
    - 22
  - name: layup_8
    labels:
    - 44
    - 46
    - 48
    - 51
    - 53
    - 55
  - name: layup_9
    labels:
    - 24
    - 26
    - 28
    - 31
    - 33
    - 35
sections:
- type: shell
  elementSet: layup_0
  layup:
  - - glass_triax
    - 0.003
    - 0
  - - glass_uni
    - 0.01
    - 0
  - - glass_triax
    - 0.002
    - 0
- type: shell
  elementSet: layup_1
  layup:
  - - glass_triax
    - 0.003
    - 0
  - - medium_density_foam
    - 0.035
    - 0
  - - glass_triax
    - 0.002
    - 0
- type: shell
  elementSet: layup_2
  layup:
  - - glass_triax
    - 0.003
    - 0
  - - carbon_uni_industry_baseline
    - 0.035
    - 0
  - - glass_triax
    - 0.002
    - 0
- type: shell
  elementSet: layup_3
  layup:
  - - glass_triax
    - 0.003
    - 0
  - - medium_density_foam
    - 0.064
    - 0
  - - glass_triax
    - 0.002
    - 0
- type: shell
  elementSet: layup_4
  layup:
  - - glass_triax
    - 0.003
    - 0
  - - glass_uni
    - 0.005
    - 0
  - - glass_triax
    - 0.002
    - 0
- type: shell
  elementSet: layup_5
  layup:
  - - glass_triax
    - 0.003
    - 0
  - - medium_density_foam
    - 0.03
    - 0
  - - glass_triax
    - 0.002
    - 0
- type: shell
  elementSet: layup_6
  layup:
  - - glass_triax
    - 0.003
    - 0
  - - carbon_uni_industry_baseline
    - 0.03
    - 0
  - - glass_triax
    - 0.002
    - 0
- type: shell
  elementSet: layup_7
  layup:
  - - glass_triax
    - 0.003
    - 0
  - - medium_density_foam
    - 0.05
    - 0
  - - glass_triax
    - 0.002
    - 0
- type: shell
  elementSet: layup_8
  layup:
  - - glass_biax
    - 0.002
    - 0
  - - medium_density_foam
    - 0.03
    - 0
  - - glass_biax
    - 0.002
    - 0
- type: shell
  elementSet: layup_9
  layup:
  - - glass_biax
    - 0.002
    - 0
  - - medium_density_foam
    - 0.022
    - 0
  - - glass_biax
    - 0.002
    - 0
elementOrientations:
 - [0.030212657628449914, -0.004851173950294337, 0.999531721072588, -0.03253420707899454, -0.9994631400460096, -0.003867435728234566, 0.9990138741222601, -0.03240212648384222, -0.03035426676034068]
 - [0.011060394641608379, -0.0025033019231861515, 0.9999356985075858, 0.9949721862422651, -0.09951724422452742, -0.011254630435654337, 0.09953901885521708, 0.9950326886999427, 0.0013900157925683995]
 - [0.028966428753249174, -0.005207321446714669, 0.9995668210823295, 0.9969917570407282, 0.07207117611542334, -0.02851634559654258, -0.07189146262335161, 0.997385897923512, 0.0072793011467462065]
 - [0.011048062352573114, -0.0013567161588771523, 0.9999380479007278, 0.9668698989136897, -0.2550313034695222, -0.011028727273268004, 0.2550304665973955, 0.9669318453603134, -0.0015058337272011648]
 - [0.028952576612642333, -0.005022401108192867, 0.999568168658145, 0.9983337507627053, 0.05008022536975327, -0.028665189951989693, -0.049914631077050006, 0.9987325700676948, 0.006463984097973129]
 - [0.010936256716371903, -0.002226779815151247, 0.9999377179308161, 0.9807873435222186, -0.1947604411794813, -0.01116052589278163, 0.19477316312999393, 0.9808483124332877, 5.4047276578432404e-05]
 - [0.02893258173795154, -0.0047436106194413425, 0.999570109533227, 0.9990433667460086, -0.032667248111777826, -0.02907236250467547, 0.03279111274074831, 0.999455026031234, 0.0037939248976308435]
 - [0.010905508903695448, -0.0033325715856938943, 0.9999349798072762, 0.9945615767242016, -0.10354713469660357, -0.01119200607550107, 0.10357770020338376, 0.9946189646607134, 0.0021852134514280287]
 - [0.011084463511567116, -0.0023751237820021425, 0.9999357446634666, 0.9950576013042658, -0.09865838007542505, -0.011264729357351405, 0.09867879587460593, 0.9951185270247526, 0.0012698097592633943]
 - [0.012059672138329489, -0.00857906562218388, 0.9998904759727268, -0.9838108995590495, -0.17891168519336004, 0.010330673263888061, 0.1788034625412192, -0.9838277331597854, -0.010597794532284774]
 - [0.011230507379256682, -0.0009537652165853112, 0.9999364810006265, 0.982015150784543, -0.18846910103788095, -0.011208995654586657, 0.18846782041933843, 0.9820786568732081, -0.0011799917369897156]
 - [0.012040123525615017, -0.00845388474449243, 0.9998917777730821, -0.9833069429537168, -0.1816625257347389, 0.010304498177542781, 0.18155575277171362, -0.9833245947175338, -0.01050000281401138]
 - [0.011403654560202396, 4.386839016026003e-06, 0.9999349762076669, 0.9685229863886511, -0.2486790052219362, -0.011044328799771538, 0.24866278672025058, 0.9685859550615958, -0.0028400982263503305]
 - [0.011956198998545551, -0.007985121463983318, 0.9998966382285285, -0.9835971570900787, -0.18008349423247322, 0.01032316178975757, 0.17998244878271302, -0.9836189165221599, -0.010007256864389837]
 - [0.011591978776592238, 0.0007769592386847777, 0.9999325089036681, 0.9590753051881468, -0.28294130497758585, -0.010898482272503781, 0.28291374128222607, 0.9591369111195346, -0.004025012021281839]
 - [0.011844592007308552, -0.007359564652814016, 0.9999027664969736, -0.9844620792374249, -0.1752907487666715, 0.01037149653358505, 0.17519737493383553, -0.9844892026858094, -0.009321459722188388]
 - [0.011786109317492353, 0.0014799288202409554, 0.9999294462300047, 0.955422269224498, -0.2950442517885451, -0.010824830550583153, 0.29500741532555985, 0.9554824432176787, -0.004891380756802878]
 - [0.011739624725461872, -0.006754250507422498, 0.9999082764490892, -0.9858601037255181, -0.16724460650814343, 0.010444973731250994, 0.16715871826983947, -0.9858922972079757, -0.00862213502359882]
 - [0.011970738974598409, 0.0021514550129641285, 0.9999260335893497, 0.9575572087654411, -0.28803924156301414, -0.010843766003634205, 0.28799460645946134, 0.9576161895880473, -0.005508183832190481]
 - [0.011669106004440802, -0.00632079848801457, 0.9999119358581189, -0.9878459094327705, -0.1550780420104243, 0.010547990479490637, 0.1549977134734557, -0.9878820012494847, -0.008053597041914799]
 - [0.012134176942643713, 0.0028196923388367876, 0.9999224025318361, 0.964406740545208, -0.2641960580050004, -0.010958180760829017, 0.2641446583614614, 0.9644648735281824, -0.00592513201321952]
 - [0.011648115314538575, -0.006155853455276344, 0.999913209672648, -0.9905437578283687, -0.13677953108708177, 0.01069690155381523, 0.13670181138841286, -0.990582386954177, -0.0076908659650010225]
 - [-0.008116837309021765, 0.007561691825739778, 0.9999384669912602, 0.9865144135758362, -0.16341317935697297, 0.00924362588867444, 0.163473021502702, 0.9865287393832876, -0.006133319786120328]
 - [-0.0014060078899149984, -3.917840220286411e-06, 0.9999990115627435, 0.002860594032096367, -0.9999959084925161, 1.0419369157814179e-07, 0.9999949200588956, 0.002860591351075803, 0.0014060133445735472]
 - [-0.007988679969403938, -0.007888155433501345, 0.9999369770121532, -0.9959662450691844, -0.08930967065926372, -0.00866149002904257, 0.08937236527660998, -0.995972670172526, -0.007142870170556698]
 - [-0.0013005406996465514, -3.6728358788742826e-06, 0.9999991542898417, 0.0029357617268518143, -0.9999956906422455, 1.4525768176413195e-07, 0.9999948449351985, 0.002935759432961826, 0.0013005458777224045]
 - [-0.008085049592006717, 0.007779973198115192, 0.9999370500137155, 0.9947093581636226, -0.1023482444252159, 0.008839097509955401, 0.10241056954635605, 0.9947182057648856, -0.006911321514594652]
 - [-0.0013847766193999722, -3.8682674798024385e-06, 0.9999990411889156, 0.002874441848437168, -0.99999586878349, 1.1220847397144905e-07, 0.9999949099759329, 0.002874439247774133, 0.0013847820176978646]
 - [-0.007995940030998003, -0.007471363997672146, 0.9999401200387127, -0.9990910177547035, -0.041811748916856545, -0.0083015597560893, 0.04187126920563626, -0.9990975709972115, -0.007130248423519782]
 - [-0.008055595699747757, 0.008728725268213841, 0.9999294558783205, 0.9992897192108448, -0.036742080662175616, 0.008371176030020164, 0.03681255842010454, 0.9992866600049285, -0.00842654607536001]
 - [-0.0013636100774215845, -3.8189903916129695e-06, 0.9999990702760537, 0.002888888655085179, -0.9999958271524557, 1.2034333893468838e-07, 0.9999948974319295, 0.0028888861333176085, 0.0013636154199226376]
 - [-0.00801203991509018, -0.007751146988654961, 0.9999378615377854, -0.9998845687795483, 0.012971670096364416, -0.00791106133512506, -0.012909544257487469, -0.9998858212292399, -0.007854181802875611]
 - [-0.0013214879895157281, -3.721284295718937e-06, 0.9999991268274416, 0.0029195552220064895, -0.9999957380895614, 1.3688884419129952e-07, 0.9999948649202152, 0.00291955285362795, 0.0013214932219472691]
 - [-0.008085531088762154, 0.00946906006505333, 0.9999224775393828, 0.9995103760234966, 0.030302515602361454, 0.007795240184717601, -0.030226352879258445, 0.9994959201765924, -0.009709435718181126]
 - [-0.001342512480921231, -3.7699992361066386e-06, 0.9999990988226066, 0.0029039285732964963, -0.9999957835905232, 1.2857712902901582e-07, 0.999994882416445, 0.0029039261289581157, 0.0013425177681473863]
 - [-0.008044060979606063, -0.008005976404463365, 0.9999355966384872, -0.9972088245542442, 0.07429263367351494, -0.007427301865106942, -0.07422838617468987, -0.9972043466229296, -0.008581244795309204]
 - [-0.008136181634280086, 0.00969222483647582, 0.9999199284573408, 0.9954860017873066, 0.09463629176011108, 0.007182793844879243, -0.09455909683333966, 0.9954647322028108, -0.010418452209841932]
 - [-0.008058228704949336, -0.007922512352528357, 0.9999361473354997, -0.9900551686638842, 0.14051202926673237, -0.0068653210611086535, -0.1404486666083587, -0.9900472733306066, -0.008976002371052035]
 - [-0.008183381101104451, 0.009762344578433401, 0.9999188611592874, 0.9883959229250897, 0.15175585975263842, 0.006607463643312273, -0.1516790421212312, 0.9883697970188433, -0.010890937614195026]
 - [-0.008054629879594677, -0.007746986343031854, 0.9999375516201519, -0.9778704374826215, 0.2091178152937556, -0.006256742308374742, -0.20905628532777826, -0.9778597668016451, -0.009259915527853099]
 - [-0.008300451112377667, 0.010549323011093046, 0.9999099030889429, 0.9802429921791818, 0.19770446979014925, 0.006051355930757995, -0.19762281951975028, 0.9802049042975675, -0.011981936240050225]
 - [-0.008177630670035584, -0.008350704172235044, 0.9999316937153516, -0.9608467768605511, 0.2770247825986958, -0.005544476786409842, -0.2769595597796079, -0.9608264856705256, -0.010289153546947037]
 - [-0.02302705845333422, 0.0076223850672459586, 0.9997057836308011, 0.9134828194758188, 0.4064815277543262, 0.01794174230719907, -0.4062251753664408, 0.9136272034262095, -0.01632299170215768]
 - [-0.012433234606992524, -9.421550217233242e-05, 0.9999226999126719, -0.007962616793924314, 0.9999682978529167, -4.788937531083253e-06, -0.9998909997649749, -0.007962060824934622, -0.012433590648700135]
 - [-0.02426849473682365, -0.0037325358095648517, 0.9996985087213238, -0.6814412314682818, 0.731742522481798, -0.013810461504496089, -0.7314703604509213, -0.6815709419923988, -0.02030179335412891]
 - [-0.012771271011873813, -8.364078433281244e-05, 0.9999184404945038, -0.0059056936604530465, 0.999982561205381, 8.216781644216709e-06, -0.9999010038094425, -0.005905107056253262, -0.012771542253151405]
 - [-0.0231917088317784, 0.00787904078023948, 0.9996999876752249, 0.8720034777367688, 0.4892257579293935, 0.01637353332029625, -0.48894997643566995, 0.8721215961635131, -0.01821653229250324]
 - [-0.012506171417780142, -9.222336722923392e-05, 0.9999217905272989, -0.007555695599739414, 0.9999714553220214, -2.2722673208342727e-06, -0.9998932478722282, -0.007555133090135291, -0.012506511244834243]
 - [-0.025675825127795794, -0.004566139774841953, 0.9996598933495149, -0.4482903105889563, 0.8938571326516591, -0.007431274440599207, -0.8935191936584599, -0.4483286481759905, -0.024997475645053457]
 - [-0.02375623683162354, 0.008699247788765033, 0.9996799309276495, 0.8008240884121539, 0.5987401572715436, 0.01382040119859, -0.5984282919702598, 0.8008960901130414, -0.021190380157055513]
 - [-0.012576466040982032, -9.016721286756424e-05, 0.9999209090582084, -0.007146325199238916, 0.9999744646920056, 2.894171242430341e-07, -0.9998953757959216, -0.007145756349803925, -0.012576789261273653]
 - [-0.02370452520953784, -0.003725901950422092, 0.9997120651163746, -0.9376653502787154, 0.34690804357933636, -0.020940396048101755, -0.34673013478970144, -0.9378917458612231, -0.011716939621864509]
 - [-0.012709035573565335, -8.587320709544382e-05, 0.9999192332586576, -0.006321104414678291, 0.9999800216045931, 5.536797805290848e-06, -0.9998992569523036, -0.0063205235123127606, -0.012709324480935879]
 - [-0.02485895047092735, 0.009770122512928815, 0.9996432249995826, 0.6436833280712888, 0.7652444379062407, 0.00852780256756913, -0.7648881001457359, 0.6436656701733006, -0.02531203855485011]
 - [-0.012644094482192256, -8.804960384286503e-05, 0.9999200563655043, -0.006734721881279374, 0.9999773214992481, 2.8933785388823965e-06, -0.9998973799325146, -0.006734146898983248, -0.012644400722679671]
 - [-0.023721677759573328, -0.0035770869655754644, 0.9997122018126579, -0.899850720616156, 0.4357486885450185, -0.019792954248470163, -0.4355524797436663, -0.9000612672924757, -0.013555534257501353]
 - [-0.02306494862377393, 0.007849119283694127, 0.9997031556774506, 0.9624645639197484, 0.27066349814760454, 0.02008068647408223, -0.2704255375214244, 0.9626420217801486, -0.013797338847640181]
 - [-0.02386431694827331, -0.003644005259373708, 0.9997085653340487, -0.852889055361139, 0.5217658223971325, -0.018457676544673084, -0.521546501878573, -0.8530809737673872, -0.015559517161859918]
 - [-0.023049630676530562, 0.007737402525608252, 0.999704379868285, 0.9416670008117857, 0.3360030233874624, 0.019110935524494648, -0.335755825128638, 0.9418291250946964, -0.01503080222564172]
 - [-0.023992526088645584, -0.0036418459935294023, 0.9997055044610108, -0.7880877622649753, 0.6153370766841506, -0.016672163206582102, -0.6150951452093153, -0.7882556812453452, -0.017633585125209645]
 - [-0.02827236651581801, -0.006920652037894144, 0.9995762991722872, -0.4595598295807063, 0.8881204023751379, -0.006849373750587163, -0.8876967028931377, -0.4595587617056098, -0.02828971919724767]
 - [-0.02377789155367457, -0.003868814087913674, 0.9997097799615717, -0.9375119950194517, 0.34732142399254934, -0.020954417921639462, -0.34713955560827214, -0.9377381621291419, -0.011885630767881974]
 - [-0.026013159646296448, -0.005712674281954027, 0.999645277524865, -0.6672851676167088, 0.7446869592559311, -0.013108691502066625, -0.7443479163697291, -0.6673894650552283, -0.023183643573412953]
 - [-0.023841008098891003, -0.0037847672867208086, 0.9997085984772833, -0.8996703655812325, 0.43612042689420266, -0.01980420512290351, -0.43591838643002906, -0.8998803524814863, -0.01380259359816049]
materials:
- name: Gelcoat
  density: 1235.0
  elastic:
    E:
    - 3440000000.0
    - 3440000000.0
    - 3440000000.0
    G:
    - 1323000000.0
    - 1323000000.0
    - 1323000000.0
    nu:
    - 0.3
    - 0.3
    - 0.3
- name: Adhesive
  density: 1100.0
  elastic:
    E:
    - 3900000000.0
    - 3900000000.0
    - 3900000000.0
    G:
    - 1500000000.0
    - 1500000000.0
    - 1500000000.0
    nu:
    - 0.3
    - 0.3
    - 0.3
- name: glass_uni
  density: 1940.0
  elastic:
    E:
    - 43700000000.0
    - 16500000000.0
    - 15450000000.0
    G:
    - 3265000000.0
    - 3495000000.0
    - 3480000000.0
    nu:
    - 0.262
    - 0.264
    - 0.35
- name: carbon_uni_industry_baseline
  density: 1600.0
  elastic:
    E:
    - 157599000000.0
    - 9100000000.0
    - 9100000000.0
    G:
    - 4131000000.0
    - 4131000000.0
    - 2689000000.0
    nu:
    - 0.3133
    - 0.3133
    - 0.47066
- name: glass_biax
  density: 1940.0
  elastic:
    E:
    - 11023100000.0
    - 11023100000.0
    - 16047700000.0
    G:
    - 13231400000.0
    - 3487480000.0
    - 3487480000.0
    nu:
    - 0.688074
    - 0.117173
    - 0.117173
- name: glass_triax
  density: 1940.0
  elastic:
    E:
    - 28211400000.0
    - 16238800000.0
    - 15835500000.0
    G:
    - 8248220000.0
    - 3491240000.0
    - 3491240000.0
    nu:
    - 0.497511
    - 0.18091
    - 0.27481
- name: medium_density_foam
  density: 130.0
  elastic:
    E:
    - 142500000.0
    - 142500000.0
    - 142500000.0
    G:
    - 54000000.0
    - 54000000.0
    - 54000000.0
    nu:
    - 0.3194
    - 0.3194
    - 0.3194
- name: resin
  density: 1150.0
  elastic:
    E:
    - 1000000.0
    - 1000000.0
    - 1000000.0
    G:
    - 312500.0
    - 312500.0
    - 312500.0
    nu:
    - 0.3
    - 0.3
    - 0.3
- name: steel
  density: 7800
  elastic:
    E:
    - 200000000000.0
    - 200000000000.0
    - 200000000000.0
    G:
    - 79300000000.0
    - 79300000000.0
    - 79300000000.0
    nu:
    - 0.3
    - 0.3
    - 0.3
