nodes:
 - [-1.677405625 0.029360860 65.517241379]
 - [-1.677450218 0.026813285 65.517241379]
 - [-1.677361033 0.031908436 65.517241379]
 - [-1.634157984 0.030395639 65.517241379]
 - [-1.634019904 0.038284233 65.517241379]
 - [-1.492928757 0.039181504 65.517241379]
 - [-1.492558900 0.060311727 65.517241379]
 - [-1.284917603 0.035464817 65.517241379]
 - [-1.289498622 0.095703599 65.517241379]
 - [-1.140769342 0.022606413 65.517241379]
 - [-1.163848083 0.119186266 65.517241379]
 - [-0.991592454 -0.004048578 65.517241379]
 - [-1.016085429 0.148027125 65.517241379]
 - [-0.836732019 -0.041291565 65.517241379]
 - [-0.852007453 0.180166629 65.517241379]
 - [-0.675533114 -0.085913958 65.517241379]
 - [-0.677410945 0.213545230 65.517241379]
 - [-0.507340820 -0.134707166 65.517241379]
 - [-0.498092697 0.246103382 65.517241379]
 - [-0.331500216 -0.184462597 65.517241379]
 - [-0.319849498 0.275781540 65.517241379]
 - [-0.147356380 -0.231971661 65.517241379]
 - [-0.148478140 0.300520154 65.517241379]
 - [-0.009856096 -0.253579978 65.517241379]
 - [-0.147534119 -0.143214074 65.513146552]
 - [-0.026834118 0.314725981 65.517241379]
 - [0.122217933 -0.265186227 65.517241379]
 - [-0.147715527 -0.054468942 65.510689655]
 - [0.103834570 0.320491675 65.517241379]
 - [-0.148281912 0.211758283 65.513146552]
 - [0.248236681 -0.267947627 65.517241379]
 - [-0.147900620 0.034270391 65.509870690]
 - [0.237794292 0.318264262 65.517241379]
 - [-0.148089410 0.123010580 65.510689655]
 - [0.367571124 -0.263021395 65.517241379]
 - [0.369311417 0.308490766 65.517241379]
 - [0.479592236 -0.251564751 65.517241379]
 - [0.492652313 0.291618214 65.517241379]
 - [0.583670993 -0.234734914 65.517241379]
 - [0.602083350 0.268093629 65.517241379]
 - [0.679178369 -0.213689101 65.517241379]
 - [0.691870895 0.238364036 65.517241379]
 - [0.771347671 -0.187196080 65.517241379]
 - [0.681251209 -0.138338265 65.513146552]
 - [0.779762539 0.204186077 65.517241379]
 - [0.689712365 0.163011658 65.513146552]
 - [0.850615738 -0.158756161 65.517241379]
 - [0.683340870 -0.062998422 65.510689655]
 - [0.856319147 0.167083436 65.517241379]
 - [0.687571289 0.087670889 65.510689655]
 - [0.916521915 -0.129362371 65.517241379]
 - [0.685447510 0.012336080 65.509870690]
 - [0.920658712 0.128070605 65.517241379]
 - [0.968605549 -0.100007736 65.517241379]
 - [0.971899223 0.088162073 65.517241379]
 - [1.006405987 -0.071685285 65.517241379]
 - [1.009158671 0.048372328 65.517241379]
 - [1.029462576 -0.045388043 65.517241379]
 - [1.031555046 0.009715861 65.517241379]
 - [1.035500239 -0.026169415 65.517241379]
 - [1.035724141 -0.009350234 65.517241379]
 - [1.037381700 -0.018158052 65.517241379]
elements:
 - [1 2]
 - [3 1]
 - [2 4]
 - [5 3]
 - [4 6]
 - [7 5]
 - [6 8]
 - [9 7]
 - [8 10]
 - [11 9]
 - [10 12]
 - [13 11]
 - [12 14]
 - [15 13]
 - [14 16]
 - [17 15]
 - [16 18]
 - [19 17]
 - [18 20]
 - [21 19]
 - [20 22]
 - [23 21]
 - [22 24]
 - [25 22]
 - [26 23]
 - [23 30]
 - [24 27]
 - [28 25]
 - [29 26]
 - [27 31]
 - [32 28]
 - [33 29]
 - [30 34]
 - [31 35]
 - [34 32]
 - [36 33]
 - [35 37]
 - [38 36]
 - [37 39]
 - [40 38]
 - [39 41]
 - [42 40]
 - [41 43]
 - [41 44]
 - [45 42]
 - [46 42]
 - [43 47]
 - [44 48]
 - [49 45]
 - [50 46]
 - [47 51]
 - [48 52]
 - [53 49]
 - [52 50]
 - [51 54]
 - [55 53]
 - [54 56]
 - [57 55]
 - [56 58]
 - [59 57]
 - [58 60]
 - [61 59]
 - [60 62]
 - [62 61]
sets:
  element:
  - name: layup_0
    labels:
    - 1
    - 2
    - 3
    - 4
    - 5
    - 6
    - 7
    - 8
    - 61
    - 62
    - 63
    - 64
  - name: layup_1
    labels:
    - 9
    - 11
    - 13
    - 15
    - 17
    - 19
    - 21
  - name: layup_2
    labels:
    - 23
    - 25
    - 27
    - 29
    - 30
    - 32
    - 34
    - 36
    - 37
    - 38
    - 39
    - 40
    - 41
    - 42
  - name: layup_3
    labels:
    - 43
    - 47
    - 51
    - 55
    - 57
    - 59
  - name: layup_4
    labels:
    - 45
    - 49
    - 53
    - 56
    - 58
    - 60
  - name: layup_5
    labels:
    - 10
    - 12
    - 14
    - 16
    - 18
    - 20
    - 22
  - name: layup_6
    labels:
    - 44
    - 46
    - 48
    - 50
    - 52
    - 54
  - name: layup_7
    labels:
    - 24
    - 26
    - 28
    - 31
    - 33
    - 35
sections:
- type: shell
  elementSet: layup_0
  layup:
  - - glass_triax
    - 0.002
    - 0
  - - glass_uni
    - 0.005
    - 0
  - - glass_triax
    - 0.002
    - 0
- type: shell
  elementSet: layup_1
  layup:
  - - glass_triax
    - 0.002
    - 0
  - - medium_density_foam
    - 0.03
    - 0
  - - glass_triax
    - 0.002
    - 0
- type: shell
  elementSet: layup_2
  layup:
  - - glass_triax
    - 0.002
    - 0
  - - carbon_uni_industry_baseline
    - 0.025
    - 0
  - - glass_triax
    - 0.002
    - 0
- type: shell
  elementSet: layup_3
  layup:
  - - glass_triax
    - 0.002
    - 0
  - - medium_density_foam
    - 0.055
    - 0
  - - glass_triax
    - 0.002
    - 0
- type: shell
  elementSet: layup_4
  layup:
  - - glass_triax
    - 0.002
    - 0
  - - medium_density_foam
    - 0.026000000000000002
    - 0
  - - glass_triax
    - 0.002
    - 0
- type: shell
  elementSet: layup_5
  layup:
  - - glass_triax
    - 0.002
    - 0
  - - medium_density_foam
    - 0.04
    - 0
  - - glass_triax
    - 0.002
    - 0
- type: shell
  elementSet: layup_6
  layup:
  - - glass_biax
    - 0.001
    - 0
  - - medium_density_foam
    - 0.026000000000000002
    - 0
  - - glass_biax
    - 0.001
    - 0
- type: shell
  elementSet: layup_7
  layup:
  - - glass_biax
    - 0.001
    - 0
  - - medium_density_foam
    - 0.02
    - 0
  - - glass_biax
    - 0.001
    - 0
elementOrientations:
 - [0.03458912388303655, -0.004258629212631344, 0.9993925437915939, -0.017504775759531736, -0.9998401002366651, -0.0036546934677737183, 0.9992483051447284, -0.017367729729708497, -0.0346581394397238]
 - [-0.010442409032804646, 0.008147488330875082, 0.9999122834166451, 0.98784508913939, -0.15500966578661265, 0.011579437633716546, 0.1550904122013417, 0.9878793559674279, -0.006429782002293283]
 - [0.03018757794797104, -0.0046033871815496724, 0.9995336507412304, 0.9961296257538694, 0.08272517346080678, -0.029703777055039477, -0.08254985665094298, 0.9965617665264588, 0.007082842972464766]
 - [0.011999191006949142, -0.0001771408529797817, 0.9999279914255311, 0.9736517361916464, -0.22773853274131006, -0.011724219199068665, 0.22772421045240518, 0.9737223060636709, -0.0025602046549510807]
 - [0.030170336362205136, -0.004363492160333148, 0.9995352473724766, 0.9976087569479248, 0.062340518245840824, -0.029840037628256544, -0.06218133855592997, 0.9980453996291986, 0.006233892394493172]
 - [0.011870869137762476, -0.0010484627018378493, 0.9999289890746629, 0.9852811741360131, -0.17052851299146832, -0.011875779977666286, 0.1705288549163262, 0.9853521842381441, -0.0009912911000743297]
 - [0.030152300660743772, -0.003985083958677241, 0.9995373719229843, 0.9993876704544823, -0.017639440351582106, -0.03021811191397482, 0.017751701564262513, 0.9998364712541371, 0.003450774065059818]
 - [0.011778561877664968, -0.0023136185167276606, 0.9999279537293938, 0.9962512425563372, -0.08567994715905536, -0.011933497382391555, 0.08570138379891003, 0.99632002580706, 0.001295758762803284]
 - [-0.01044403736342615, 0.008137794330543565, 0.9999123453518237, 0.9880997131833991, -0.15337899673532396, 0.011568931123922703, 0.1534596979354382, 0.9881339279995901, -0.006439056271287047]
 - [0.01259705198839946, -0.007335913390286725, 0.9998937436827633, -0.9824095937945176, -0.18641402671320847, 0.011009117360496002, 0.1863134571137885, -0.9824438889928, -0.009555138879736526]
 - [-0.010486448041779685, 0.008090001289292485, 0.9999122892967195, 0.996240219645938, -0.08591424391650487, 0.011143045008815834, 0.08599685556623711, 0.9962696896781488, -0.007158649406501453]
 - [0.012573968321724667, -0.007185820509469755, 0.9998951241526534, -0.9805067635780713, -0.19618163537180638, 0.010920280239074749, 0.19608258948285182, -0.9805412433582021, -0.00951252727986235]
 - [-0.010524507283703029, 0.008162353465475562, 0.9999113014324519, 0.999733968159254, -0.02043839292572546, 0.010689480958632314, 0.020523831391496796, 0.9997577947085576, -0.00794507800434434]
 - [0.012501819750159595, -0.006806852709665365, 0.9998986804967408, -0.980220317561258, -0.1976084231521758, 0.010910551746692209, 0.19751413504618126, -0.9802574038769101, -0.009142680212022655]
 - [-0.010570786013285764, 0.008385060672713102, 0.9999089704771008, 0.9990406877871194, 0.04258606086497321, 0.010204487534630519, -0.04249661902905871, 0.9990576150440574, -0.008827184918156419]
 - [0.012411814584158564, -0.006339993716632118, 0.9999028709521748, -0.9811019044515275, -0.19318145053710017, 0.010953549651490082, 0.19309324157078678, -0.9811425643850412, -0.008617912254763774]
 - [-0.010638187249182187, 0.00874914359534128, 0.9999051362296323, 0.9946433895690703, 0.10291157191316991, 0.00968173294979773, -0.10281710246161425, 0.9946520300349808, -0.009797070413616757]
 - [0.012330850237479636, -0.005904781716388409, 0.9999065374750297, -0.9829608928195727, -0.1834830729702562, 0.011038347735966793, 0.1834007451450766, -0.9830051350253839, -0.008066671801754612]
 - [-0.010734547364993892, 0.009211952860248647, 0.9998999497036535, 0.9869925495862181, 0.16050726744778965, 0.009117245074044506, -0.16040722101627836, 0.9869916701882263, -0.01081510170504891]
 - [0.0122829035847693, -0.005618077078884316, 0.9999087795841495, -0.9857324221700906, -0.16794919441623637, 0.011165123269517055, 0.16787114749775653, -0.9857796433812545, -0.007600824489061206]
 - [-0.010859021785575884, 0.009703129834700388, 0.9998939598363774, 0.9764528486301788, 0.21556291472624536, 0.008512590483215227, -0.21545745762880858, 0.9764417438158493, -0.011815451154896206]
 - [0.01228839655173754, -0.005606157893621984, 0.9999087789912935, -0.9893895365964346, -0.14484332828913574, 0.011347031489268487, 0.14476650228447208, -0.9894387203075273, -0.007326566216347501]
 - [-0.0254837558196175, 0.006977559082854908, 0.99965088498864, 0.6592242698774463, 0.7518575584318077, 0.01155741465502207, -0.7515144311281545, 0.6592886511219539, -0.02375993072213176]
 - [-0.0008123622918387684, -1.581445165708066e-06, 0.999999670032449, 0.0020334434377017167, -0.9999979325517534, 7.04508983631681e-08, 0.9999976025847723, 0.002033442823963019, 0.0008123638281010666]
 - [-0.028798225048248458, 0.002332384455330347, 0.9995825239652913, -0.18591165670630172, 0.9825366925384, -0.007648772216484374, -0.9821443468934637, -0.18605431410868709, -0.027861695331716067]
 - [-0.000754237641653714, -1.5196227413634617e-06, 0.9999997155615948, 0.002169554136182938, -0.999997646514649, 1.1674026357606555e-07, 0.9999973620767355, 0.0021695536071283214, 0.0007542391634702766]
 - [-0.0246673005839367, 0.00637422772328888, 0.9996753940669106, 0.9607067722164232, 0.2766967133014779, 0.021941437183107072, -0.27646703618949264, 0.9609361571244422, -0.012949124739008217]
 - [-0.0008004871753477953, -1.5688742190014259e-06, 0.9999996796088593, 0.0020597938006054577, -0.9999978786224962, 7.996765600201325e-08, 0.9999975582319095, 0.002059793204678855, 0.0008004887087696996]
 - [-0.02884964549135384, 0.0023183697104727425, 0.9995810738088774, -0.21415503258490115, 0.9767631654973402, -0.008446333297695575, -0.9763735555480715, -0.21430899115413102, -0.027682780512720714]
 - [-0.024640046836954935, 0.006224236311042381, 0.9996770113262665, 0.9409646311720957, 0.33784730399696883, 0.021089382758639832, -0.3376069178423827, 0.9411803536327794, -0.014181359618972232]
 - [-0.0007887341087165413, -1.556408180669443e-06, 0.9999996889479935, 0.0020865930051887625, -0.9999978230624418, 8.936230942531209e-08, 0.999997512010973, 0.0020865924266329225, 0.00078873563928206]
 - [-0.02881076222245273, 0.002329888228588185, 0.9995821685089242, -0.18557605980030117, 0.9826002085021215, -0.0076391282606351986, -0.982207445506883, -0.18571860938643084, -0.02787708948965061]
 - [-0.0007656064204398016, -1.5317838921773392e-06, 0.9999997069221883, 0.0021414865417182655, -0.9999977070150607, 1.0775549742280399e-07, 0.9999974139377564, 0.0021414859965943763, 0.0007656079452104003]
 - [-0.024641931431767575, 0.006151054226552291, 0.9996774178439831, 0.9131003862429212, 0.4072439114805537, 0.02000203002313798, -0.40698950829025027, 0.9132987250039938, -0.015651806532774676]
 - [-0.00077710619580253, -1.5440452597613773e-06, 0.9999996980517428, 0.002113828308018189, -0.9999977658624416, 9.862729455830621e-08, 0.9999974639147065, 0.0021138277463952967, 0.0007771077234869696]
 - [-0.02886184425747611, 0.0023157640399584923, 0.9995807276968519, -0.21384684486283567, 0.976830759553408, -0.008437661555276423, -0.9764407411042757, -0.21400071127737474, -0.02769791841475063]
 - [-0.02470790521386132, 0.006196711351019387, 0.9996755074464789, 0.8710817343022919, 0.49079000719994115, 0.018487319913730767, -0.4905161889121029, 0.8712558577140893, -0.017524235048423133]
 - [-0.028823071316811284, 0.00232744260976291, 0.9995818193478532, -0.18523897301670178, 0.9826638868477168, -0.007629440415606406, -0.9822707129073854, -0.1853814135673691, -0.02789225821227893]
 - [-0.02491423007632171, 0.006428299833935385, 0.9996689242448965, 0.8002828143528263, 0.5994067983773611, 0.01609059074492457, -0.5991049141771608, 0.8004187447956514, -0.020078216766690568]
 - [-0.02887381125785518, 0.0023132128278371845, 0.999580387997813, -0.21353718942543962, 0.9768985728520557, -0.008428943700162552, -0.9765081524266606, -0.21369096238734503, -0.027712828044799128]
 - [-0.025472299024296267, 0.006962548461612318, 0.9996512816484237, 0.6592707998562012, 0.7518166787133677, 0.011562614988172485, -0.7514740011732811, 0.659335426416115, -0.023740704144964896]
 - [-0.028835152848317953, 0.0023250474070686798, 0.9995814764764144, -0.18490034387333387, 0.9827277358945951, -0.00761970727822911, -0.982334157400493, -0.18504267415393108, -0.027907202407713286]
 - [-0.02388788443989364, -0.0037615683196649853, 0.9997075670318609, -0.6796109925515258, 0.7334488408045665, -0.01347949277856904, -0.7331836521500711, -0.6797342484575968, -0.020076944330991327]
 - [-0.019910533044685392, 0.0007193052135488513, 0.9998015069371947, 0.026940636002849745, 0.999637018502479, -0.00018267795599281335, -0.9994387288901897, 0.026931651258016286, -0.019922684429517577]
 - [-0.008538017571525258, -0.008105174720948415, 0.9999307017982253, -0.99876721441677, -0.04883047812135061, -0.008923889992964056, 0.0488994239446085, -0.9987741939743854, -0.0076782672981768]
 - [-0.01591371826019622, 0.0005995107320484811, 0.9998731890384985, 0.030025736683989137, 0.9995491185480556, -0.00012143470888752465, -0.9994224375646761, 0.03001999661370619, -0.015924543811180948]
 - [-0.0232507010673428, -0.003182351139085669, 0.9997246008482059, -0.7863359537634298, 0.6175834846151306, -0.016321989755846287, -0.6173614603446141, -0.7864988952133753, -0.01686164610307737]
 - [-0.019117232050962947, 0.0006972190795193771, 0.9998170059187155, 0.02762695874057886, 0.9996182884712607, -0.00016883285726633761, -0.999435481954416, 0.027618675553735258, -0.01912919682583454]
 - [-0.008539724237369654, -0.007238801028731716, 0.9999373344713237, -0.9999052577587563, 0.010857695249539452, -0.008460848672768903, -0.01079576844625007, -0.9999148514816318, -0.0073308369317828005]
 - [-0.016718649324131737, 0.000625251874959618, 0.9998600381177706, 0.029478676799782236, 0.9995654006362946, -0.00013215497759695596, -0.9994255822115576, 0.029472341455964817, -0.016729815007713845]
 - [-0.023028185391822487, -0.002990326390174135, 0.9997303439556287, -0.8566783921355386, 0.5155300360874214, -0.018191051090305905, -0.5153366231169955, -0.8568662905259966, -0.014433469249968932]
 - [-0.018320654588572547, 0.0006741521027814303, 0.9998319354443468, 0.02827897762537816, 0.9996000575954431, -0.0001558192872751547, -0.9994321653018324, 0.028271370220228822, -0.018332391714153996]
 - [-0.008525667235105493, -0.006870410595057048, 0.9999400534314304, -0.9971582605962875, 0.07491066106334046, -0.007987251319437168, -0.07485129473016995, -0.9971665810271165, -0.007489550047137207]
 - [-0.017521044660642113, 0.0006501479367227648, 0.9998462833364238, 0.02889632664220075, 0.9995824036487848, -0.00014360468212286685, -0.9994288445410143, 0.028889368691230745, -0.01753251482346765]
 - [-0.023064261532572777, -0.003151380118535102, 0.9997290176059236, -0.8998457659454581, 0.43577720400085695, -0.019386231795449245, -0.4355980226653795, -0.9000490527057642, -0.012886635459557596]
 - [-0.008580512787422983, -0.007357387836368868, 0.9999361197819238, -0.9895980343500734, 0.14366786505120804, -0.007434713316452595, -0.14360398744733666, -0.9895986122645143, -0.008513600494035423]
 - [-0.023127346462417542, -0.0033536141723224584, 0.9997269022676095, -0.9258006516647862, 0.37747462715979285, -0.020150911335039427, -0.37730396131324234, -0.9260138547141498, -0.011834764669264815]
 - [-0.008755425025314735, -0.008406434164033444, 0.9999263344853321, -0.9760729276305617, 0.2173395728175996, -0.0067193775133812935, -0.21726707638142065, -0.9760598557220294, -0.01010819314026012]
 - [-0.02467008781559446, -0.004253652730313346, 0.9996865974922445, -0.5401587937680278, 0.8415066415779877, -0.009749343321743811, -0.8412014409653852, -0.5402300238033663, -0.023057690673049077]
 - [-0.008924472388713234, -0.008950211567062858, 0.9999201205623819, -0.9551992519214764, 0.29590514268135326, -0.0058767051466148785, -0.29582890819058805, -0.9551753976352368, -0.011190032668935371]
 - [0.01177578040452535, -0.0022949601608760477, 0.999928029486985, 0.9959849790192545, -0.0887216194169131, -0.011932971803209227, 0.0887426197713374, 0.9960538175248869, 0.0012409795402927102]
 - [0.011865227546451996, -0.001059917559284692, 0.9999290439576395, 0.9848240688783613, -0.17314926412476458, -0.011869527830607084, 0.1731495588592127, 0.9848950243085909, -0.001010623094930679]
 - [0.011869945845834446, -0.001020389433459857, 0.9999290290770746, 0.9843610556480685, -0.17576275413596368, -0.011864500914987138, 0.17576238650245368, 0.9844320256188057, -0.0010818627534159271]
 - [0.011771972290138015, -0.0023381783623285927, 0.9999279742013153, 0.9961261326624546, -0.08712279015692599, -0.011930937189275508, 0.08714441172755955, 0.9961948365441463, 0.0013035134979745683]
materials:
- name: Gelcoat
  density: 1235.0
  elastic:
    E:
    - 3440000000.0
    - 3440000000.0
    - 3440000000.0
    G:
    - 1323000000.0
    - 1323000000.0
    - 1323000000.0
    nu:
    - 0.3
    - 0.3
    - 0.3
- name: Adhesive
  density: 1100.0
  elastic:
    E:
    - 3900000000.0
    - 3900000000.0
    - 3900000000.0
    G:
    - 1500000000.0
    - 1500000000.0
    - 1500000000.0
    nu:
    - 0.3
    - 0.3
    - 0.3
- name: glass_uni
  density: 1940.0
  elastic:
    E:
    - 43700000000.0
    - 16500000000.0
    - 15450000000.0
    G:
    - 3265000000.0
    - 3495000000.0
    - 3480000000.0
    nu:
    - 0.262
    - 0.264
    - 0.35
- name: carbon_uni_industry_baseline
  density: 1600.0
  elastic:
    E:
    - 157599000000.0
    - 9100000000.0
    - 9100000000.0
    G:
    - 4131000000.0
    - 4131000000.0
    - 2689000000.0
    nu:
    - 0.3133
    - 0.3133
    - 0.47066
- name: glass_biax
  density: 1940.0
  elastic:
    E:
    - 11023100000.0
    - 11023100000.0
    - 16047700000.0
    G:
    - 13231400000.0
    - 3487480000.0
    - 3487480000.0
    nu:
    - 0.688074
    - 0.117173
    - 0.117173
- name: glass_triax
  density: 1940.0
  elastic:
    E:
    - 28211400000.0
    - 16238800000.0
    - 15835500000.0
    G:
    - 8248220000.0
    - 3491240000.0
    - 3491240000.0
    nu:
    - 0.497511
    - 0.18091
    - 0.27481
- name: medium_density_foam
  density: 130.0
  elastic:
    E:
    - 142500000.0
    - 142500000.0
    - 142500000.0
    G:
    - 54000000.0
    - 54000000.0
    - 54000000.0
    nu:
    - 0.3194
    - 0.3194
    - 0.3194
- name: resin
  density: 1150.0
  elastic:
    E:
    - 1000000.0
    - 1000000.0
    - 1000000.0
    G:
    - 312500.0
    - 312500.0
    - 312500.0
    nu:
    - 0.3
    - 0.3
    - 0.3
- name: steel
  density: 7800
  elastic:
    E:
    - 200000000000.0
    - 200000000000.0
    - 200000000000.0
    G:
    - 79300000000.0
    - 79300000000.0
    - 79300000000.0
    nu:
    - 0.3
    - 0.3
    - 0.3
