nodes:
 - [-2.081856159 0.104800924 51.724137931]
 - [-2.082145450 0.099054186 51.724137931]
 - [-2.081566867 0.110547661 51.724137931]
 - [-2.014481754 0.103043417 51.724137931]
 - [-2.013686874 0.118833599 51.724137931]
 - [-1.836338795 0.109092550 51.724137931]
 - [-1.834682220 0.142000190 51.724137931]
 - [-1.522045926 0.090707206 51.724137931]
 - [-1.525812450 0.187510938 51.724137931]
 - [-1.356607351 0.070285749 51.724137931]
 - [-1.343221763 0.217353809 51.724137931]
 - [-1.170744133 0.027219810 51.724137931]
 - [-1.156104685 0.248395905 51.724137931]
 - [-0.969002967 -0.032610220 51.724137931]
 - [-0.962851687 0.280103413 51.724137931]
 - [-0.755930551 -0.103323951 51.724137931]
 - [-0.761853239 0.311942521 51.724137931]
 - [-0.536073579 -0.179040993 51.724137931]
 - [-0.551499812 0.343379415 51.724137931]
 - [-0.313978749 -0.253880956 51.724137931]
 - [-0.330181877 0.373880283 51.724137931]
 - [-0.094192757 -0.321963449 51.724137931]
 - [-0.096289905 0.402911312 51.724137931]
 - [0.044454943 -0.354478093 51.724137931]
 - [-0.094536373 -0.201138417 51.720905172]
 - [0.055496417 0.415080455 51.724137931]
 - [0.193733572 -0.377531873 51.724137931]
 - [-0.094882317 -0.080330495 51.718965517]
 - [0.201385584 0.421788159 51.724137931]
 - [-0.095934384 0.282081221 51.720905172]
 - [0.346911703 -0.391792326 51.724137931]
 - [-0.095230616 0.040469378 51.718318966]
 - [0.341983528 0.422592436 51.724137931]
 - [-0.095581296 0.161270263 51.718965517]
 - [0.497257905 -0.397926993 51.724137931]
 - [0.477896185 0.417051298 51.724137931]
 - [0.638040750 -0.396603412 51.724137931]
 - [0.609729488 0.404722757 51.724137931]
 - [0.762528808 -0.388489122 51.724137931]
 - [0.738089372 0.385164824 51.724137931]
 - [0.863990652 -0.374251661 51.724137931]
 - [0.863581772 0.357935513 51.724137931]
 - [1.037052654 -0.340671934 51.724137931]
 - [0.863868510 -0.252204701 51.720905172]
 - [1.037281955 0.306425690 51.724137931]
 - [1.184699522 -0.299932599 51.724137931]
 - [0.863767973 -0.130176251 51.718965517]
 - [1.189817773 0.242757696 51.724137931]
 - [0.863595940 0.235889573 51.720905172]
 - [1.306490076 -0.254411130 51.724137931]
 - [0.863689036 -0.008157156 51.718318966]
 - [1.317665656 0.171650402 51.724137931]
 - [0.863631693 0.113861734 51.718965517]
 - [1.401983139 -0.206485005 51.724137931]
 - [1.417302029 0.097822681 51.724137931]
 - [1.470737532 -0.158531700 51.724137931]
 - [1.485203321 0.025993404 51.724137931]
 - [1.512312079 -0.112928691 51.724137931]
 - [1.517845958 -0.039118557 51.724137931]
 - [1.520425237 -0.088315300 51.724137931]
 - [1.522089973 -0.066451246 51.724137931]
 - [1.523370123 -0.076686660 51.724137931]
elements:
 - [1 2]
 - [3 1]
 - [2 4]
 - [5 3]
 - [4 6]
 - [7 5]
 - [6 8]
 - [9 7]
 - [8 10]
 - [11 9]
 - [10 12]
 - [13 11]
 - [12 14]
 - [15 13]
 - [14 16]
 - [17 15]
 - [16 18]
 - [19 17]
 - [18 20]
 - [21 19]
 - [20 22]
 - [23 21]
 - [22 24]
 - [25 22]
 - [26 23]
 - [23 30]
 - [24 27]
 - [28 25]
 - [29 26]
 - [27 31]
 - [32 28]
 - [33 29]
 - [30 34]
 - [31 35]
 - [34 32]
 - [36 33]
 - [35 37]
 - [38 36]
 - [37 39]
 - [40 38]
 - [39 41]
 - [42 40]
 - [41 43]
 - [41 44]
 - [45 42]
 - [49 42]
 - [43 46]
 - [44 47]
 - [48 45]
 - [46 50]
 - [47 51]
 - [52 48]
 - [53 49]
 - [50 54]
 - [51 53]
 - [55 52]
 - [54 56]
 - [57 55]
 - [56 58]
 - [59 57]
 - [58 60]
 - [61 59]
 - [60 62]
 - [62 61]
sets:
  element:
  - name: layup_0
    labels:
    - 1
    - 2
    - 3
    - 4
    - 5
    - 6
    - 7
    - 8
  - name: layup_1
    labels:
    - 9
    - 11
    - 13
    - 15
    - 17
    - 19
    - 21
  - name: layup_2
    labels:
    - 23
    - 27
    - 30
    - 34
    - 37
    - 39
    - 41
  - name: layup_3
    labels:
    - 43
    - 47
    - 50
    - 54
    - 57
    - 59
  - name: layup_4
    labels:
    - 61
    - 62
    - 63
    - 64
  - name: layup_5
    labels:
    - 45
    - 49
    - 52
    - 56
    - 58
    - 60
  - name: layup_6
    labels:
    - 25
    - 29
    - 32
    - 36
    - 38
    - 40
    - 42
  - name: layup_7
    labels:
    - 10
    - 12
    - 14
    - 16
    - 18
    - 20
    - 22
  - name: layup_8
    labels:
    - 44
    - 46
    - 48
    - 51
    - 53
    - 55
  - name: layup_9
    labels:
    - 24
    - 26
    - 28
    - 31
    - 33
    - 35
sections:
- type: shell
  elementSet: layup_0
  layup:
  - - glass_triax
    - 0.004
    - 0
  - - glass_uni
    - 0.01
    - 0
  - - glass_triax
    - 0.002
    - 0
- type: shell
  elementSet: layup_1
  layup:
  - - glass_triax
    - 0.004
    - 0
  - - medium_density_foam
    - 0.046
    - 0
  - - glass_triax
    - 0.002
    - 0
- type: shell
  elementSet: layup_2
  layup:
  - - glass_triax
    - 0.004
    - 0
  - - carbon_uni_industry_baseline
    - 0.04
    - 0
  - - glass_triax
    - 0.002
    - 0
- type: shell
  elementSet: layup_3
  layup:
  - - glass_triax
    - 0.004
    - 0
  - - medium_density_foam
    - 0.07
    - 0
  - - glass_triax
    - 0.002
    - 0
- type: shell
  elementSet: layup_4
  layup:
  - - glass_triax
    - 0.004
    - 0
  - - glass_uni
    - 0.005
    - 0
  - - glass_triax
    - 0.002
    - 0
- type: shell
  elementSet: layup_5
  layup:
  - - glass_triax
    - 0.004
    - 0
  - - medium_density_foam
    - 0.034
    - 0
  - - glass_triax
    - 0.002
    - 0
- type: shell
  elementSet: layup_6
  layup:
  - - glass_triax
    - 0.004
    - 0
  - - carbon_uni_industry_baseline
    - 0.035
    - 0
  - - glass_triax
    - 0.002
    - 0
- type: shell
  elementSet: layup_7
  layup:
  - - glass_triax
    - 0.004
    - 0
  - - medium_density_foam
    - 0.067
    - 0
  - - glass_triax
    - 0.002
    - 0
- type: shell
  elementSet: layup_8
  layup:
  - - glass_biax
    - 0.002
    - 0
  - - medium_density_foam
    - 0.038
    - 0
  - - glass_biax
    - 0.002
    - 0
- type: shell
  elementSet: layup_9
  layup:
  - - glass_biax
    - 0.002
    - 0
  - - medium_density_foam
    - 0.024
    - 0
  - - glass_biax
    - 0.002
    - 0
elementOrientations:
 - [0.021362312463065466, -0.006304239666591334, 0.9997519233132067, -0.050250465750379884, -0.9987229847754517, -0.005224018863074992, 0.9985081583533008, -0.05012640265806076, -0.02165182344426681]
 - [0.0011051125419972996, -0.003410572144207021, 0.9999935733413085, 0.9932667952602092, -0.1158397388558487, -0.001492760972990771, 0.11584408556237658, 0.9932620615423997, 0.0032595921154089567]
 - [0.017053269430864316, -0.006549047386074877, 0.999833134067907, 0.9981157972516977, 0.059059810692578284, -0.016637128284815436, -0.05894099828071236, 0.9982329631600493, 0.007543870517267649]
 - [0.0013576361200910532, -0.0011891469196302885, 0.9999983713755584, 0.9587358474407394, -0.28429366202644235, -0.0016396840190103239, 0.28429514884403595, 0.958736512114355, 0.0007541104354432191]
 - [0.017035877240525917, -0.006212946257851222, 0.9998355755750253, 0.9992750559923369, 0.034156246204261546, -0.016814080906952706, -0.034046165102070064, 0.9993971933841074, 0.006790323837024638]
 - [0.0013144173712284922, -0.00161852544711497, 0.9999978263388134, 0.9742110659200465, -0.22563264537462083, -0.0016457157037553806, 0.22563481855844233, 0.9742111114725737, 0.0012802099324559536]
 - [0.01702233055980424, -0.005608633340810534, 0.9998393788476034, 0.9981561089403758, -0.0581755912078151, -0.017320010757227906, 0.058263388567110115, 0.9982906109042945, 0.004608007487885232]
 - [0.001173966929199976, -0.002998614366175193, 0.9999948150433242, 0.9925108878447308, -0.12214660109878868, -0.0015314534525547254, 0.12215056001227775, 0.9925075395944842, 0.002832761336672346]
 - [0.0011085676197911032, -0.0034014692853260842, 0.9999936005217901, 0.9933527822366747, -0.1151000513332184, -0.0014927175713799533, 0.11510439218591856, 0.9933480800755551, 0.003251262788326959]
 - [0.002126321718765135, -0.008601782681921103, 0.9999607432747752, -0.9860773112003228, -0.16628617580951402, 0.000666386216006201, 0.16627391584938936, -0.9860400179857511, -0.008835600645672435]
 - [0.0012392370130487624, -0.0019481734056588222, 0.9999973344524511, 0.9756160268654152, -0.21947822134740452, -0.0016366054874152587, 0.21948082470905564, 0.9756154544566015, 0.0016286836622219118]
 - [0.002075414470618853, -0.008278891776755974, 0.9999635756394946, -0.9857339318521394, -0.16830980350071453, 0.0006524115818711299, 0.16829827167887507, -0.9856993811484815, -0.008510097144212412]
 - [0.0014808454632039727, -0.0007819407471801031, 0.9999985978317079, 0.9604303144008906, -0.27851556773149183, -0.001640033844540873, 0.27851645961508364, 0.9604313963526352, 0.00033856108275019225]
 - [0.002003192103155978, -0.007839568800758884, 0.9999672636553736, -0.9860772375085028, -0.16628659138573015, 0.0006717089507624583, 0.1662758818620343, -0.9860463025062937, -0.008063524333034785]
 - [0.0017497386930964737, 0.00019815287060540347, 0.9999984495737709, 0.9511188935833346, -0.30882079042897687, -0.0016030182890733413, 0.3088199939824476, 0.9511202238067812, -0.0007288226252967921]
 - [0.001924753571210442, -0.007358965109146596, 0.9999710700596356, -0.9870222944448889, -0.16058167588217565, 0.0007180805101382312, 0.1605717459344491, -0.9869951220767987, -0.00757254278089493]
 - [0.002036689925540992, 0.0011391300614721114, 0.9999972771347182, 0.947924112651981, -0.3184924152471509, -0.0015678274748397846, 0.318489762075803, 0.9479247247607477, -0.0017284791462112376]
 - [0.0018518953815310326, -0.0068939837279100025, 0.9999745214113482, -0.9883942285025955, -0.15190864265171836, 0.0007831669503146894, 0.1518993730936879, -0.98837049595588, -0.007095292641798431]
 - [0.002333028359544963, 0.002116242573114674, 0.9999950392357183, 0.9504558693635674, -0.31085560640401055, -0.0015596023661773393, 0.310850763825697, 0.9504547929725886, -0.002736630120078003]
 - [0.0017890743403066447, -0.006463696878404961, 0.9999775096649268, -0.9899873027844139, -0.14115382665808449, 0.0008588046467004761, 0.14114510100831212, -0.9899665741036127, -0.006651512527978235]
 - [0.002582652511857745, 0.003036595745902374, 0.9999920544645738, 0.9581978077425437, -0.2861020486314776, -0.0016059284712160824, 0.2860948988419507, 0.9581943419031169, -0.0036485615612697124]
 - [0.0017330335555610784, -0.006042987328377528, 0.9999802392541788, -0.9916178116904015, -0.12920230705789537, 0.0009377575683924491, 0.12919408706684327, -0.9915998417482058, -0.006216245804225789]
 - [-0.008479937750865021, 0.0068059273365318074, 0.9999408832570209, 0.9739916453696482, -0.22637186715094568, 0.009800638383281917, 0.2264251872161459, 0.9740171749592943, -0.0047092970227877754]
 - [-0.007972650729406795, -2.4003318669601443e-05, 0.9999682176270338, 0.0030612273590069727, -0.9999953144324697, 4.0290314145916497e-07, 0.9999635321987513, 0.0030611332781433397, 0.007972686852629229]
 - [-0.00830513660459242, -0.0068620814464572175, 0.9999419665881624, -0.9962409659114931, -0.08617039220472243, -0.008865740071712848, 0.08622622887331864, -0.9962567818316252, -0.006120629769850349]
 - [-0.008019932608216405, -2.2823234990978233e-05, 0.9999678395628832, 0.0027314496506328227, -0.9999962695840245, -9.1713722553663e-07, 0.9999641092878114, 0.0027313544506393536, 0.008019965031048923]
 - [-0.0082219523278252, 0.0076525363858554974, 0.999936917103665, 0.9903738273636087, -0.13811240570098512, 0.009200296986655247, 0.13817409877786477, 0.9903869961173509, -0.006443318133944241]
 - [-0.007982694875417067, -2.3772006185547126e-05, 0.9999681375010996, 0.002995699419426834, -0.9999955128824173, 1.4185940598322768e-07, 0.9999636505231151, 0.0029956051013777297, 0.007982730269911661]
 - [-0.008261533508613542, -0.006816042882334721, 0.9999426426668245, -0.9989091337950579, -0.04590389803149859, -0.00856589553528118, 0.04595965061761918, -0.9989226064640543, -0.0064293708997397395]
 - [-0.008048760611762601, 0.008906274494941387, 0.9999279452676755, 0.9971800860681435, -0.07454092773864968, 0.008690571959963632, 0.07461295733144772, 0.9971781828572472, -0.00828119748426508]
 - [-0.00799244659120693, -2.353822301523695e-05, 0.9999680596116254, 0.0029299334326096296, -0.9999957077358217, -1.2078936510160587e-07, 0.9999637674873861, 0.0029298388839953315, 0.00799248125094128]
 - [-0.008222284122734087, -0.007153642802719161, 0.9999406079555204, -0.9999634691376853, -0.0022766710293272855, -0.008238759563702435, 0.0023354729562364857, -0.9999718206848005, -0.007134662037921763]
 - [-0.008011066695387217, -2.3063716796861435e-05, 0.9999679106243696, 0.0027977841513556244, -0.9999960861940509, -6.504119654525407e-07, 0.999963996959013, 0.002797689161715424, 0.00801109986892805]
 - [-0.007954407846196618, 0.010344134903821963, 0.9999148595100024, 0.9997224799256198, -0.022091347090071527, 0.008181412782339498, 0.022174095859479964, 0.999702441357846, -0.010165540614107738]
 - [-0.008001904313475614, -2.330208667059882e-05, 0.9999679839796729, 0.0028639535664208393, -0.9999958988765013, -3.849210327635811e-07, 0.9999638829964448, 0.0028638587939239677, 0.008001938232772026]
 - [-0.008203375715108529, -0.007676687250157302, 0.9999368845580905, -0.9989048990196201, 0.046125097113694086, -0.00784079912089693, -0.0460619945451642, -0.9989061737165885, -0.008046662003943087]
 - [-0.00793440829909528, 0.011839573627416364, 0.9998984296723666, 0.9995667685175695, 0.028435718793739944, 0.007595075511626782, -0.028342908112739856, 0.999525504623571, -0.01206006495457021]
 - [-0.008215235198765923, -0.008304536495198689, 0.9999317699644457, -0.9948647272940856, 0.10094735671616283, -0.007335227200546516, -0.10087955341243743, -0.9948571082550598, -0.009091196713716627]
 - [-0.00799977246102432, 0.013296689318104285, 0.999879593598024, 0.9961506665892318, 0.08739281327968634, 0.006807763281078644, -0.08729176991218107, 0.9960851842288589, -0.01394462854862578]
 - [-0.008279939896516196, -0.00910134340513187, 0.9999243012066122, -0.9864145577485754, 0.16413950490891827, -0.006674068469612554, -0.16406633675739812, -0.9863951482425676, -0.01033676286518084]
 - [-0.008200240532750251, 0.014598512997523858, 0.9998598099101021, 0.9844026079232874, 0.17584421790816213, 0.00550604595844377, -0.17573918620795634, 0.9843097553344313, -0.01581277914970478]
 - [-0.008464870179598204, -0.010326900859859472, 0.9999108465715697, -0.9712563220322559, 0.2379662288658413, -0.00576461895916871, -0.23788548271220106, -0.9712185279523865, -0.012044420981616753]
 - [-0.026850318773685045, 0.013927888820873443, 0.9995424324633468, 0.9290363022193258, 0.36945795941347614, 0.019808215080396673, -0.36901302082771076, 0.9291430622563048, -0.02285957831159318]
 - [-0.00773075955160911, -1.3700496829362349e-05, 0.999970117138033, -0.00126131002757458, 0.9999992045403906, 3.949719416920122e-06, -0.9999693217563074, -0.0012612418016900205, -0.007730770682676171]
 - [-0.031111309392449358, -0.009035985709009228, 0.9994750809250592, -0.6826893477715678, 0.7305619466618124, -0.014645700015172423, -0.7300461224245484, -0.6827866380151049, -0.02889750994310245]
 - [-0.008409815840180185, -9.376545627253694e-06, 0.9999646368295303, 5.3167283882487194e-05, 0.9999999985383642, 9.824020088189673e-06, -0.9999646354600618, 5.3248021918516145e-05, -0.008409815329362634]
 - [-0.027600342925395017, 0.015109698400323288, 0.9995048364488548, 0.885086565789486, 0.46510071011641263, 0.017409781968278918, -0.46460735264239533, 0.8851288191350796, -0.026210330161314754]
 - [-0.007871079792823987, -1.293774748304031e-05, 0.9999690224879517, -0.0010043175318834576, 0.9999994956603558, 5.03283343190208e-06, -0.9999685182290441, -0.001004246806791487, -0.007871088816733025]
 - [-0.03503542612131798, -0.011076595623659712, 0.9993246859484094, -0.4471918211857028, 0.8944195031500144, -0.005764325588970164, -0.8937516399879286, -0.44709178186841153, -0.03628973139356024]
 - [-0.028882549869261212, 0.016718120770580408, 0.9994429962488857, 0.8108629716380251, 0.585076941775999, 0.013646004118261215, -0.5845229161798544, 0.8108054493156448, -0.030454619036436356]
 - [-0.008009184552926965, -1.2123237750998458e-05, 0.9999679258935381, -0.0007442433753854655, 0.9999997230318716, 6.1626495088638505e-06, -0.9999676490090045, -0.0007441701466469575, -0.008009191357277495]
 - [-0.027518412880138243, -0.006014016184126282, 0.9996032055580331, -0.9520825731102731, 0.3048681436469796, -0.02437599165091995, -0.304600576053755, -0.9523755806395824, -0.01411532745418866]
 - [-0.008278589317121488, -1.0341806260630093e-05, 0.9999657318388295, -0.0002153678578176929, 0.9999999767717132, 8.559157280025803e-06, -0.9999657086998555, -0.00021528961980920875, -0.008278591352116699]
 - [-0.031325534744490804, 0.018950701831499286, 0.9993295661457562, 0.671258472727201, 0.7411904321448811, 0.006986135471742605, -0.7405611208164503, 0.6710272827515864, -0.03593900580295941]
 - [-0.0081450336925893, -1.1257662034575604e-05, 0.9999668285995346, -0.00048121624751897127, 0.9999998841885287, 7.33838160577945e-06, -0.9999667128745184, -0.0004811405135366864, -0.008145038166670846]
 - [-0.027868337542836668, -0.006293088979502671, 0.9995917930804026, -0.9148199927542209, 0.4032082867327083, -0.02296646179195041, -0.40289916433242395, -0.9150865940123756, -0.01699378824936629]
 - [-0.02595023168758027, 0.011961795279657081, 0.9995916670966444, 0.9748814691551883, 0.22156887936168276, 0.022657290134300994, -0.22120738363170156, 0.9750713549028582, -0.01741109631015888]
 - [-0.02842254318959028, -0.006815568536475357, 0.9995727622660393, -0.8657845022028489, 0.4999673604004511, -0.021209297007921, -0.4996092020609714, -0.8660174285542585, -0.020111157506949]
 - [-0.02632216541109129, 0.012871420420695152, 0.9995706428984523, 0.9566091196545934, 0.290583778455734, 0.02144900678475294, -0.29018293506292636, 0.9567629770401567, -0.01996171243963708]
 - [-0.029376533301476472, -0.007701582912045819, 0.9995387460783276, -0.7966151801193839, 0.6041956826745736, -0.018757181045337103, -0.6037725350614656, -0.7967987591971106, -0.023884372451381683]
 - [-0.035905486540459754, -0.011874931621475422, 0.9992846351442009, -0.44769186190319876, 0.8941712264154776, -0.0054602780412776695, -0.8934667273166589, -0.4475676528186837, -0.037421963182518815]
 - [-0.02753920842270232, -0.006113725488587029, 0.99960202798919, -0.9559862095439442, 0.29238279325221544, -0.024549325282676282, -0.2921163452483505, -0.9562818227754215, -0.01389662793861116]
 - [-0.03162865501963266, -0.009702681355662945, 0.9994525932510053, -0.6865559586136223, 0.7269289616244028, -0.014669711783054788, -0.7263887002657595, -0.6866441165015383, -0.02965321905025772]
 - [-0.027908910084110002, -0.006412712567286048, 0.9995899008370619, -0.9188510763357377, 0.39392615947772197, -0.023127481397438254, -0.39361630079885357, -0.9191197190772606, -0.01688637760932502]
materials:
- name: Gelcoat
  density: 1235.0
  elastic:
    E:
    - 3440000000.0
    - 3440000000.0
    - 3440000000.0
    G:
    - 1323000000.0
    - 1323000000.0
    - 1323000000.0
    nu:
    - 0.3
    - 0.3
    - 0.3
- name: Adhesive
  density: 1100.0
  elastic:
    E:
    - 3900000000.0
    - 3900000000.0
    - 3900000000.0
    G:
    - 1500000000.0
    - 1500000000.0
    - 1500000000.0
    nu:
    - 0.3
    - 0.3
    - 0.3
- name: glass_uni
  density: 1940.0
  elastic:
    E:
    - 43700000000.0
    - 16500000000.0
    - 15450000000.0
    G:
    - 3265000000.0
    - 3495000000.0
    - 3480000000.0
    nu:
    - 0.262
    - 0.264
    - 0.35
- name: carbon_uni_industry_baseline
  density: 1600.0
  elastic:
    E:
    - 157599000000.0
    - 9100000000.0
    - 9100000000.0
    G:
    - 4131000000.0
    - 4131000000.0
    - 2689000000.0
    nu:
    - 0.3133
    - 0.3133
    - 0.47066
- name: glass_biax
  density: 1940.0
  elastic:
    E:
    - 11023100000.0
    - 11023100000.0
    - 16047700000.0
    G:
    - 13231400000.0
    - 3487480000.0
    - 3487480000.0
    nu:
    - 0.688074
    - 0.117173
    - 0.117173
- name: glass_triax
  density: 1940.0
  elastic:
    E:
    - 28211400000.0
    - 16238800000.0
    - 15835500000.0
    G:
    - 8248220000.0
    - 3491240000.0
    - 3491240000.0
    nu:
    - 0.497511
    - 0.18091
    - 0.27481
- name: medium_density_foam
  density: 130.0
  elastic:
    E:
    - 142500000.0
    - 142500000.0
    - 142500000.0
    G:
    - 54000000.0
    - 54000000.0
    - 54000000.0
    nu:
    - 0.3194
    - 0.3194
    - 0.3194
- name: resin
  density: 1150.0
  elastic:
    E:
    - 1000000.0
    - 1000000.0
    - 1000000.0
    G:
    - 312500.0
    - 312500.0
    - 312500.0
    nu:
    - 0.3
    - 0.3
    - 0.3
- name: steel
  density: 7800
  elastic:
    E:
    - 200000000000.0
    - 200000000000.0
    - 200000000000.0
    G:
    - 79300000000.0
    - 79300000000.0
    - 79300000000.0
    nu:
    - 0.3
    - 0.3
    - 0.3
