# garg caseC [0/core/0] sandwich, S = a/h = 10 -- 3-D DISPLACEMENT recovery, Yu-2003 Eq. 65
# plate part u^2d from: ABAQUS RM-shell job garg_caseC_S10.dat  (harmonic fit residual 3.20e-08)
# stations: U1, U2 at x = 0 (cos peak); U3 at x = a/2 (sin peak)
# 
# U_1 = U - x3 (p W) + w1 ; U_2 = V + w2 ; U_3 = W + w3   (Kirchhoff
# composition -- the raw warping tilt carries the mean shear; z*phi
# would double-count it, see msgrm_warping_at_depth)
#   plate DOF amplitudes [U, V, W, F1, F2] = [0, 0, 0.000111333, -6.00244e-05, 0]
#   (rotations F1/F2 are fitted and recorded but the composition
#    needs only U, V, W; Abaqus map phi1 = UR2, phi2 = -UR1; the
#    rigid-body constants of the deck's pins are fitted out -- the
#    exact solution carries the zero-span-average gauge)
#   strain amplitudes Es = [0, 0, 0, 0.000188572, 0, 0]
#   warping arguments: E6,1 = p Es at x = 0 ; E6 = Es and
#   E6,11 = -p^2 Es at x = a/2
# 
# gauge check: <U1_exact> over the thickness = 1.853641e-08 vs plate u0 = 0.000000e+00
# 
# rel L2 errors vs exact 3-D [%]:  U1   1.2874   U2   0.0000 (U2_exact ~ 0: denominator floored at 1e-3 ||U1||)   U3   2.1728
# 
# columns: z[m]  U1_rec U1_exact  U2_rec U2_exact  U3_rec U3_exact  [m]
  -5.000000e-02    4.362746e-06    4.361032e-06    0.000000e+00    0.000000e+00    1.119502e-04    1.092606e-04
  -4.987500e-02    4.319146e-06    4.318133e-06    0.000000e+00    0.000000e+00    1.119507e-04    1.092610e-04
  -4.975000e-02    4.275556e-06    4.275247e-06    0.000000e+00    0.000000e+00    1.119513e-04    1.092615e-04
  -4.962500e-02    4.231975e-06    4.232375e-06    0.000000e+00    0.000000e+00    1.119518e-04    1.092619e-04
  -4.950000e-02    4.188404e-06    4.189517e-06    0.000000e+00    0.000000e+00    1.119524e-04    1.092624e-04
  -4.937500e-02    4.144842e-06    4.146673e-06    0.000000e+00    0.000000e+00    1.119529e-04    1.092628e-04
  -4.925000e-02    4.101290e-06    4.103841e-06    0.000000e+00    0.000000e+00    1.119534e-04    1.092633e-04
  -4.912500e-02    4.057747e-06    4.061023e-06    0.000000e+00    0.000000e+00    1.119539e-04    1.092637e-04
  -4.900000e-02    4.014214e-06    4.018219e-06    0.000000e+00    0.000000e+00    1.119544e-04    1.092641e-04
  -4.887500e-02    3.970691e-06    3.975427e-06    0.000000e+00    0.000000e+00    1.119548e-04    1.092645e-04
  -4.875000e-02    3.927177e-06    3.932648e-06    0.000000e+00    0.000000e+00    1.119553e-04    1.092650e-04
  -4.862500e-02    3.883672e-06    3.889881e-06    0.000000e+00    0.000000e+00    1.119557e-04    1.092654e-04
  -4.850000e-02    3.840177e-06    3.847127e-06    0.000000e+00    0.000000e+00    1.119562e-04    1.092658e-04
  -4.837500e-02    3.796691e-06    3.804386e-06    0.000000e+00    0.000000e+00    1.119566e-04    1.092662e-04
  -4.825000e-02    3.753214e-06    3.761657e-06    0.000000e+00    0.000000e+00    1.119570e-04    1.092666e-04
  -4.812500e-02    3.709747e-06    3.718940e-06    0.000000e+00    0.000000e+00    1.119574e-04    1.092670e-04
  -4.800000e-02    3.666290e-06    3.676235e-06    0.000000e+00    0.000000e+00    1.119578e-04    1.092674e-04
  -4.787500e-02    3.622841e-06    3.633541e-06    0.000000e+00    0.000000e+00    1.119582e-04    1.092678e-04
  -4.775000e-02    3.579402e-06    3.590860e-06    0.000000e+00    0.000000e+00    1.119585e-04    1.092681e-04
  -4.762500e-02    3.535972e-06    3.548190e-06    0.000000e+00    0.000000e+00    1.119589e-04    1.092685e-04
  -4.750000e-02    3.492551e-06    3.505532e-06    0.000000e+00    0.000000e+00    1.119592e-04    1.092689e-04
  -4.737500e-02    3.449140e-06    3.462885e-06    0.000000e+00    0.000000e+00    1.119596e-04    1.092693e-04
  -4.725000e-02    3.405737e-06    3.420249e-06    0.000000e+00    0.000000e+00    1.119599e-04    1.092696e-04
  -4.712500e-02    3.362344e-06    3.377624e-06    0.000000e+00    0.000000e+00    1.119602e-04    1.092700e-04
  -4.700000e-02    3.318960e-06    3.335010e-06    0.000000e+00    0.000000e+00    1.119605e-04    1.092703e-04
  -4.687500e-02    3.275585e-06    3.292407e-06    0.000000e+00    0.000000e+00    1.119608e-04    1.092707e-04
  -4.675000e-02    3.232219e-06    3.249814e-06    0.000000e+00    0.000000e+00    1.119610e-04    1.092710e-04
  -4.662500e-02    3.188862e-06    3.207232e-06    0.000000e+00    0.000000e+00    1.119613e-04    1.092714e-04
  -4.650000e-02    3.145514e-06    3.164660e-06    0.000000e+00    0.000000e+00    1.119616e-04    1.092717e-04
  -4.637500e-02    3.102176e-06    3.122099e-06    0.000000e+00    0.000000e+00    1.119618e-04    1.092721e-04
  -4.625000e-02    3.058846e-06    3.079547e-06    0.000000e+00    0.000000e+00    1.119620e-04    1.092724e-04
  -4.612500e-02    3.015525e-06    3.037006e-06    0.000000e+00    0.000000e+00    1.119622e-04    1.092727e-04
  -4.600000e-02    2.972213e-06    2.994474e-06    0.000000e+00    0.000000e+00    1.119624e-04    1.092730e-04
  -4.587500e-02    2.928910e-06    2.951952e-06    0.000000e+00    0.000000e+00    1.119626e-04    1.092733e-04
  -4.575000e-02    2.885616e-06    2.909439e-06    0.000000e+00    0.000000e+00    1.119628e-04    1.092737e-04
  -4.562500e-02    2.842330e-06    2.866936e-06    0.000000e+00    0.000000e+00    1.119630e-04    1.092740e-04
  -4.550000e-02    2.799054e-06    2.824442e-06    0.000000e+00    0.000000e+00    1.119631e-04    1.092743e-04
  -4.537500e-02    2.755786e-06    2.781957e-06    0.000000e+00    0.000000e+00    1.119633e-04    1.092746e-04
  -4.525000e-02    2.712527e-06    2.739481e-06    0.000000e+00    0.000000e+00    1.119634e-04    1.092749e-04
  -4.512500e-02    2.669277e-06    2.697014e-06    0.000000e+00    0.000000e+00    1.119635e-04    1.092751e-04
  -4.500000e-02    2.626036e-06    2.654556e-06    0.000000e+00    0.000000e+00    1.119637e-04    1.092754e-04
  -4.487500e-02    2.582803e-06    2.612106e-06    0.000000e+00    0.000000e+00    1.119638e-04    1.092757e-04
  -4.475000e-02    2.539579e-06    2.569665e-06    0.000000e+00    0.000000e+00    1.119638e-04    1.092760e-04
  -4.462500e-02    2.496364e-06    2.527232e-06    0.000000e+00    0.000000e+00    1.119639e-04    1.092763e-04
  -4.450000e-02    2.453158e-06    2.484807e-06    0.000000e+00    0.000000e+00    1.119640e-04    1.092765e-04
  -4.437500e-02    2.409959e-06    2.442390e-06    0.000000e+00    0.000000e+00    1.119640e-04    1.092768e-04
  -4.425000e-02    2.366770e-06    2.399981e-06    0.000000e+00    0.000000e+00    1.119641e-04    1.092771e-04
  -4.412500e-02    2.323589e-06    2.357580e-06    0.000000e+00    0.000000e+00    1.119641e-04    1.092773e-04
  -4.400000e-02    2.280417e-06    2.315187e-06    0.000000e+00    0.000000e+00    1.119641e-04    1.092776e-04
  -4.387500e-02    2.237253e-06    2.272800e-06    0.000000e+00    0.000000e+00    1.119641e-04    1.092778e-04
  -4.375000e-02    2.194098e-06    2.230422e-06    0.000000e+00    0.000000e+00    1.119641e-04    1.092780e-04
  -4.362500e-02    2.150951e-06    2.188050e-06    0.000000e+00    0.000000e+00    1.119641e-04    1.092783e-04
  -4.350000e-02    2.107813e-06    2.145685e-06    0.000000e+00    0.000000e+00    1.119641e-04    1.092785e-04
  -4.337500e-02    2.064683e-06    2.103328e-06    0.000000e+00    0.000000e+00    1.119640e-04    1.092787e-04
  -4.325000e-02    2.021561e-06    2.060977e-06    0.000000e+00    0.000000e+00    1.119640e-04    1.092790e-04
  -4.312500e-02    1.978448e-06    2.018633e-06    0.000000e+00    0.000000e+00    1.119639e-04    1.092792e-04
  -4.300000e-02    1.935343e-06    1.976295e-06    0.000000e+00    0.000000e+00    1.119639e-04    1.092794e-04
  -4.287500e-02    1.892247e-06    1.933964e-06    0.000000e+00    0.000000e+00    1.119638e-04    1.092796e-04
  -4.275000e-02    1.849158e-06    1.891639e-06    0.000000e+00    0.000000e+00    1.119637e-04    1.092798e-04
  -4.262500e-02    1.806078e-06    1.849320e-06    0.000000e+00    0.000000e+00    1.119636e-04    1.092800e-04
  -4.250000e-02    1.763007e-06    1.807006e-06    0.000000e+00    0.000000e+00    1.119634e-04    1.092802e-04
  -4.237500e-02    1.719943e-06    1.764699e-06    0.000000e+00    0.000000e+00    1.119633e-04    1.092804e-04
  -4.225000e-02    1.676888e-06    1.722398e-06    0.000000e+00    0.000000e+00    1.119632e-04    1.092806e-04
  -4.212500e-02    1.633841e-06    1.680102e-06    0.000000e+00    0.000000e+00    1.119630e-04    1.092808e-04
  -4.200000e-02    1.590802e-06    1.637811e-06    0.000000e+00    0.000000e+00    1.119628e-04    1.092810e-04
  -4.187500e-02    1.547771e-06    1.595526e-06    0.000000e+00    0.000000e+00    1.119627e-04    1.092811e-04
  -4.175000e-02    1.504749e-06    1.553246e-06    0.000000e+00    0.000000e+00    1.119625e-04    1.092813e-04
  -4.162500e-02    1.461734e-06    1.510971e-06    0.000000e+00    0.000000e+00    1.119623e-04    1.092815e-04
  -4.150000e-02    1.418727e-06    1.468701e-06    0.000000e+00    0.000000e+00    1.119621e-04    1.092816e-04
  -4.137500e-02    1.375729e-06    1.426435e-06    0.000000e+00    0.000000e+00    1.119618e-04    1.092818e-04
  -4.125000e-02    1.332738e-06    1.384174e-06    0.000000e+00    0.000000e+00    1.119616e-04    1.092820e-04
  -4.112500e-02    1.289756e-06    1.341918e-06    0.000000e+00    0.000000e+00    1.119614e-04    1.092821e-04
  -4.100000e-02    1.246781e-06    1.299666e-06    0.000000e+00    0.000000e+00    1.119611e-04    1.092823e-04
  -4.087500e-02    1.203815e-06    1.257418e-06    0.000000e+00    0.000000e+00    1.119608e-04    1.092824e-04
  -4.075000e-02    1.160856e-06    1.215174e-06    0.000000e+00    0.000000e+00    1.119606e-04    1.092825e-04
  -4.062500e-02    1.117905e-06    1.172934e-06    0.000000e+00    0.000000e+00    1.119603e-04    1.092827e-04
  -4.050000e-02    1.074962e-06    1.130698e-06    0.000000e+00    0.000000e+00    1.119600e-04    1.092828e-04
  -4.037500e-02    1.032027e-06    1.088465e-06    0.000000e+00    0.000000e+00    1.119596e-04    1.092829e-04
  -4.025000e-02    9.891000e-07    1.046236e-06    0.000000e+00    0.000000e+00    1.119593e-04    1.092830e-04
  -4.012500e-02    9.461805e-07    1.004011e-06    0.000000e+00    0.000000e+00    1.119590e-04    1.092832e-04
  -4.000000e-02    9.032688e-07    9.617883e-07    0.000000e+00    0.000000e+00    1.119586e-04    1.092833e-04
  -4.000000e-02    9.032688e-07    9.617883e-07    0.000000e+00    0.000000e+00    1.119586e-04    1.092833e-04
  -3.900000e-02    8.793636e-07    9.380477e-07    0.000000e+00    0.000000e+00    1.118783e-04    1.092845e-04
  -3.800000e-02    8.555841e-07    9.143525e-07    0.000000e+00    0.000000e+00    1.118002e-04    1.092859e-04
  -3.700000e-02    8.319266e-07    8.907007e-07    0.000000e+00    0.000000e+00    1.117244e-04    1.092875e-04
  -3.600000e-02    8.083873e-07    8.670905e-07    0.000000e+00    0.000000e+00    1.116508e-04    1.092894e-04
  -3.500000e-02    7.849626e-07    8.435201e-07    0.000000e+00    0.000000e+00    1.115794e-04    1.092913e-04
  -3.400000e-02    7.616486e-07    8.199877e-07    0.000000e+00    0.000000e+00    1.115103e-04    1.092935e-04
  -3.300000e-02    7.384418e-07    7.964914e-07    0.000000e+00    0.000000e+00    1.114434e-04    1.092959e-04
  -3.200000e-02    7.153383e-07    7.730293e-07    0.000000e+00    0.000000e+00    1.113788e-04    1.092984e-04
  -3.100000e-02    6.923345e-07    7.495996e-07    0.000000e+00    0.000000e+00    1.113164e-04    1.093012e-04
  -3.000000e-02    6.694266e-07    7.262005e-07    0.000000e+00    0.000000e+00    1.112562e-04    1.093041e-04
  -2.900000e-02    6.466110e-07    7.028302e-07    0.000000e+00    0.000000e+00    1.111983e-04    1.093072e-04
  -2.800000e-02    6.238838e-07    6.794868e-07    0.000000e+00    0.000000e+00    1.111427e-04    1.093105e-04
  -2.700000e-02    6.012413e-07    6.561685e-07    0.000000e+00    0.000000e+00    1.110893e-04    1.093140e-04
  -2.600000e-02    5.786800e-07    6.328734e-07    0.000000e+00    0.000000e+00    1.110381e-04    1.093177e-04
  -2.500000e-02    5.561959e-07    6.095998e-07    0.000000e+00    0.000000e+00    1.109891e-04    1.093215e-04
  -2.400000e-02    5.337854e-07    5.863458e-07    0.000000e+00    0.000000e+00    1.109425e-04    1.093256e-04
  -2.300000e-02    5.114449e-07    5.631095e-07    0.000000e+00    0.000000e+00    1.108980e-04    1.093298e-04
  -2.200000e-02    4.891704e-07    5.398893e-07    0.000000e+00    0.000000e+00    1.108558e-04    1.093343e-04
  -2.100000e-02    4.669585e-07    5.166831e-07    0.000000e+00    0.000000e+00    1.108158e-04    1.093389e-04
  -2.000000e-02    4.448052e-07    4.934892e-07    0.000000e+00    0.000000e+00    1.107781e-04    1.093437e-04
  -1.900000e-02    4.227069e-07    4.703059e-07    0.000000e+00    0.000000e+00    1.107426e-04    1.093487e-04
  -1.800000e-02    4.006599e-07    4.471312e-07    0.000000e+00    0.000000e+00    1.107094e-04    1.093538e-04
  -1.700000e-02    3.786605e-07    4.239633e-07    0.000000e+00    0.000000e+00    1.106784e-04    1.093592e-04
  -1.600000e-02    3.567049e-07    4.008004e-07    0.000000e+00    0.000000e+00    1.106497e-04    1.093648e-04
  -1.500000e-02    3.347894e-07    3.776407e-07    0.000000e+00    0.000000e+00    1.106232e-04    1.093705e-04
  -1.400000e-02    3.129103e-07    3.544824e-07    0.000000e+00    0.000000e+00    1.105989e-04    1.093764e-04
  -1.300000e-02    2.910639e-07    3.313237e-07    0.000000e+00    0.000000e+00    1.105769e-04    1.093826e-04
  -1.200000e-02    2.692464e-07    3.081627e-07    0.000000e+00    0.000000e+00    1.105571e-04    1.093889e-04
  -1.100000e-02    2.474542e-07    2.849976e-07    0.000000e+00    0.000000e+00    1.105396e-04    1.093954e-04
  -1.000000e-02    2.256834e-07    2.618265e-07    0.000000e+00    0.000000e+00    1.105243e-04    1.094020e-04
  -9.000000e-03    2.039305e-07    2.386477e-07    0.000000e+00    0.000000e+00    1.105113e-04    1.094089e-04
  -8.000000e-03    1.821916e-07    2.154594e-07    0.000000e+00    0.000000e+00    1.105005e-04    1.094160e-04
  -7.000000e-03    1.604630e-07    1.922597e-07    0.000000e+00    0.000000e+00    1.104919e-04    1.094232e-04
  -6.000000e-03    1.387411e-07    1.690467e-07    0.000000e+00    0.000000e+00    1.104856e-04    1.094307e-04
  -5.000000e-03    1.170221e-07    1.458188e-07    0.000000e+00    0.000000e+00    1.104816e-04    1.094383e-04
  -4.000000e-03    9.530226e-08    1.225739e-07    0.000000e+00    0.000000e+00    1.104797e-04    1.094461e-04
  -3.000000e-03    7.357788e-08    9.931042e-08    0.000000e+00    0.000000e+00    1.104802e-04    1.094541e-04
  -2.000000e-03    5.184525e-08    7.602639e-08    0.000000e+00    0.000000e+00    1.104828e-04    1.094623e-04
  -1.000000e-03    3.010063e-08    5.272001e-08    0.000000e+00    0.000000e+00    1.104877e-04    1.094706e-04
   0.000000e+00    8.340315e-09    2.938946e-08    0.000000e+00    0.000000e+00    1.104949e-04    1.094792e-04
   1.000000e-03   -1.343943e-08    6.032911e-09    0.000000e+00    0.000000e+00    1.105043e-04    1.094880e-04
   2.000000e-03   -3.524231e-08   -1.735148e-08    0.000000e+00    0.000000e+00    1.105159e-04    1.094969e-04
   3.000000e-03   -5.707206e-08   -4.076554e-08    0.000000e+00    0.000000e+00    1.105298e-04    1.095060e-04
   4.000000e-03   -7.893240e-08   -6.421110e-08    0.000000e+00    0.000000e+00    1.105459e-04    1.095153e-04
   5.000000e-03   -1.008270e-07   -8.769001e-08    0.000000e+00    0.000000e+00    1.105643e-04    1.095248e-04
   6.000000e-03   -1.227597e-07   -1.112041e-07    0.000000e+00    0.000000e+00    1.105849e-04    1.095345e-04
   7.000000e-03   -1.447341e-07   -1.347552e-07    0.000000e+00    0.000000e+00    1.106078e-04    1.095444e-04
   8.000000e-03   -1.667540e-07   -1.583452e-07    0.000000e+00    0.000000e+00    1.106329e-04    1.095545e-04
   9.000000e-03   -1.888231e-07   -1.819759e-07    0.000000e+00    0.000000e+00    1.106602e-04    1.095647e-04
   1.000000e-02   -2.109451e-07   -2.056491e-07    0.000000e+00    0.000000e+00    1.106898e-04    1.095752e-04
   1.100000e-02   -2.331237e-07   -2.293668e-07    0.000000e+00    0.000000e+00    1.107216e-04    1.095858e-04
   1.200000e-02   -2.553627e-07   -2.531307e-07    0.000000e+00    0.000000e+00    1.107557e-04    1.095966e-04
   1.300000e-02   -2.776658e-07   -2.769427e-07    0.000000e+00    0.000000e+00    1.107920e-04    1.096076e-04
   1.400000e-02   -3.000366e-07   -3.008047e-07    0.000000e+00    0.000000e+00    1.108306e-04    1.096188e-04
   1.500000e-02   -3.224790e-07   -3.247185e-07    0.000000e+00    0.000000e+00    1.108714e-04    1.096302e-04
   1.600000e-02   -3.449966e-07   -3.486860e-07    0.000000e+00    0.000000e+00    1.109145e-04    1.096417e-04
   1.700000e-02   -3.675932e-07   -3.727091e-07    0.000000e+00    0.000000e+00    1.109598e-04    1.096535e-04
   1.800000e-02   -3.902724e-07   -3.967895e-07    0.000000e+00    0.000000e+00    1.110073e-04    1.096654e-04
   1.900000e-02   -4.130381e-07   -4.209293e-07    0.000000e+00    0.000000e+00    1.110571e-04    1.096776e-04
   2.000000e-02   -4.358938e-07   -4.451302e-07    0.000000e+00    0.000000e+00    1.111091e-04    1.096899e-04
   2.100000e-02   -4.588435e-07   -4.693942e-07    0.000000e+00    0.000000e+00    1.111634e-04    1.097024e-04
   2.200000e-02   -4.818906e-07   -4.937231e-07    0.000000e+00    0.000000e+00    1.112199e-04    1.097151e-04
   2.300000e-02   -5.050391e-07   -5.181188e-07    0.000000e+00    0.000000e+00    1.112787e-04    1.097280e-04
   2.400000e-02   -5.282926e-07   -5.425832e-07    0.000000e+00    0.000000e+00    1.113397e-04    1.097411e-04
   2.500000e-02   -5.516548e-07   -5.671181e-07    0.000000e+00    0.000000e+00    1.114029e-04    1.097543e-04
   2.600000e-02   -5.751294e-07   -5.917256e-07    0.000000e+00    0.000000e+00    1.114684e-04    1.097678e-04
   2.700000e-02   -5.987202e-07   -6.164074e-07    0.000000e+00    0.000000e+00    1.115362e-04    1.097814e-04
   2.800000e-02   -6.224309e-07   -6.411654e-07    0.000000e+00    0.000000e+00    1.116061e-04    1.097952e-04
   2.900000e-02   -6.462653e-07   -6.660017e-07    0.000000e+00    0.000000e+00    1.116784e-04    1.098092e-04
   3.000000e-02   -6.702269e-07   -6.909181e-07    0.000000e+00    0.000000e+00    1.117528e-04    1.098234e-04
   3.100000e-02   -6.943196e-07   -7.159164e-07    0.000000e+00    0.000000e+00    1.118295e-04    1.098378e-04
   3.200000e-02   -7.185471e-07   -7.409987e-07    0.000000e+00    0.000000e+00    1.119085e-04    1.098524e-04
   3.300000e-02   -7.429131e-07   -7.661668e-07    0.000000e+00    0.000000e+00    1.119897e-04    1.098671e-04
   3.400000e-02   -7.674212e-07   -7.914227e-07    0.000000e+00    0.000000e+00    1.120731e-04    1.098821e-04
   3.500000e-02   -7.920754e-07   -8.167683e-07    0.000000e+00    0.000000e+00    1.121588e-04    1.098972e-04
   3.600000e-02   -8.168792e-07   -8.422056e-07    0.000000e+00    0.000000e+00    1.122467e-04    1.099125e-04
   3.700000e-02   -8.418363e-07   -8.677364e-07    0.000000e+00    0.000000e+00    1.123369e-04    1.099281e-04
   3.800000e-02   -8.669506e-07   -8.933627e-07    0.000000e+00    0.000000e+00    1.124293e-04    1.099438e-04
   3.900000e-02   -8.922257e-07   -9.190865e-07    0.000000e+00    0.000000e+00    1.125240e-04    1.099596e-04
   4.000000e-02   -9.176653e-07   -9.449098e-07    0.000000e+00    0.000000e+00    1.126209e-04    1.099757e-04
   4.000000e-02   -9.176653e-07   -9.449098e-07    0.000000e+00    0.000000e+00    1.126209e-04    1.099757e-04
   4.012500e-02   -9.608476e-07   -9.874040e-07    0.000000e+00    0.000000e+00    1.126214e-04    1.099757e-04
   4.025000e-02   -1.004038e-06   -1.029901e-06    0.000000e+00    0.000000e+00    1.126218e-04    1.099757e-04
   4.037500e-02   -1.047236e-06   -1.072402e-06    0.000000e+00    0.000000e+00    1.126222e-04    1.099757e-04
   4.050000e-02   -1.090442e-06   -1.114907e-06    0.000000e+00    0.000000e+00    1.126227e-04    1.099757e-04
   4.062500e-02   -1.133656e-06   -1.157415e-06    0.000000e+00    0.000000e+00    1.126231e-04    1.099757e-04
   4.075000e-02   -1.176877e-06   -1.199926e-06    0.000000e+00    0.000000e+00    1.126235e-04    1.099757e-04
   4.087500e-02   -1.220107e-06   -1.242442e-06    0.000000e+00    0.000000e+00    1.126239e-04    1.099757e-04
   4.100000e-02   -1.263345e-06   -1.284962e-06    0.000000e+00    0.000000e+00    1.126242e-04    1.099756e-04
   4.112500e-02   -1.306590e-06   -1.327486e-06    0.000000e+00    0.000000e+00    1.126246e-04    1.099756e-04
   4.125000e-02   -1.349844e-06   -1.370014e-06    0.000000e+00    0.000000e+00    1.126250e-04    1.099756e-04
   4.137500e-02   -1.393106e-06   -1.412547e-06    0.000000e+00    0.000000e+00    1.126253e-04    1.099755e-04
   4.150000e-02   -1.436376e-06   -1.455085e-06    0.000000e+00    0.000000e+00    1.126257e-04    1.099755e-04
   4.162500e-02   -1.479653e-06   -1.497627e-06    0.000000e+00    0.000000e+00    1.126260e-04    1.099754e-04
   4.175000e-02   -1.522939e-06   -1.540174e-06    0.000000e+00    0.000000e+00    1.126263e-04    1.099754e-04
   4.187500e-02   -1.566234e-06   -1.582726e-06    0.000000e+00    0.000000e+00    1.126266e-04    1.099753e-04
   4.200000e-02   -1.609536e-06   -1.625283e-06    0.000000e+00    0.000000e+00    1.126269e-04    1.099753e-04
   4.212500e-02   -1.652847e-06   -1.667846e-06    0.000000e+00    0.000000e+00    1.126272e-04    1.099752e-04
   4.225000e-02   -1.696165e-06   -1.710414e-06    0.000000e+00    0.000000e+00    1.126274e-04    1.099751e-04
   4.237500e-02   -1.739492e-06   -1.752988e-06    0.000000e+00    0.000000e+00    1.126277e-04    1.099751e-04
   4.250000e-02   -1.782828e-06   -1.795567e-06    0.000000e+00    0.000000e+00    1.126279e-04    1.099750e-04
   4.262500e-02   -1.826171e-06   -1.838152e-06    0.000000e+00    0.000000e+00    1.126281e-04    1.099749e-04
   4.275000e-02   -1.869523e-06   -1.880744e-06    0.000000e+00    0.000000e+00    1.126284e-04    1.099748e-04
   4.287500e-02   -1.912883e-06   -1.923341e-06    0.000000e+00    0.000000e+00    1.126286e-04    1.099747e-04
   4.300000e-02   -1.956252e-06   -1.965945e-06    0.000000e+00    0.000000e+00    1.126288e-04    1.099746e-04
   4.312500e-02   -1.999629e-06   -2.008555e-06    0.000000e+00    0.000000e+00    1.126290e-04    1.099745e-04
   4.325000e-02   -2.043014e-06   -2.051171e-06    0.000000e+00    0.000000e+00    1.126291e-04    1.099744e-04
   4.337500e-02   -2.086408e-06   -2.093794e-06    0.000000e+00    0.000000e+00    1.126293e-04    1.099743e-04
   4.350000e-02   -2.129810e-06   -2.136424e-06    0.000000e+00    0.000000e+00    1.126294e-04    1.099742e-04
   4.362500e-02   -2.173221e-06   -2.179062e-06    0.000000e+00    0.000000e+00    1.126296e-04    1.099741e-04
   4.375000e-02   -2.216640e-06   -2.221706e-06    0.000000e+00    0.000000e+00    1.126297e-04    1.099740e-04
   4.387500e-02   -2.260068e-06   -2.264357e-06    0.000000e+00    0.000000e+00    1.126298e-04    1.099738e-04
   4.400000e-02   -2.303504e-06   -2.307016e-06    0.000000e+00    0.000000e+00    1.126299e-04    1.099737e-04
   4.412500e-02   -2.346949e-06   -2.349682e-06    0.000000e+00    0.000000e+00    1.126300e-04    1.099736e-04
   4.425000e-02   -2.390403e-06   -2.392356e-06    0.000000e+00    0.000000e+00    1.126301e-04    1.099734e-04
   4.437500e-02   -2.433865e-06   -2.435038e-06    0.000000e+00    0.000000e+00    1.126302e-04    1.099733e-04
   4.450000e-02   -2.477336e-06   -2.477727e-06    0.000000e+00    0.000000e+00    1.126302e-04    1.099731e-04
   4.462500e-02   -2.520815e-06   -2.520425e-06    0.000000e+00    0.000000e+00    1.126303e-04    1.099730e-04
   4.475000e-02   -2.564303e-06   -2.563131e-06    0.000000e+00    0.000000e+00    1.126303e-04    1.099728e-04
   4.487500e-02   -2.607800e-06   -2.605845e-06    0.000000e+00    0.000000e+00    1.126303e-04    1.099727e-04
   4.500000e-02   -2.651306e-06   -2.648568e-06    0.000000e+00    0.000000e+00    1.126303e-04    1.099725e-04
   4.512500e-02   -2.694820e-06   -2.691299e-06    0.000000e+00    0.000000e+00    1.126304e-04    1.099723e-04
   4.525000e-02   -2.738344e-06   -2.734039e-06    0.000000e+00    0.000000e+00    1.126303e-04    1.099722e-04
   4.537500e-02   -2.781876e-06   -2.776788e-06    0.000000e+00    0.000000e+00    1.126303e-04    1.099720e-04
   4.550000e-02   -2.825417e-06   -2.819546e-06    0.000000e+00    0.000000e+00    1.126303e-04    1.099718e-04
   4.562500e-02   -2.868966e-06   -2.862313e-06    0.000000e+00    0.000000e+00    1.126302e-04    1.099716e-04
   4.575000e-02   -2.912525e-06   -2.905089e-06    0.000000e+00    0.000000e+00    1.126302e-04    1.099714e-04
   4.587500e-02   -2.956093e-06   -2.947875e-06    0.000000e+00    0.000000e+00    1.126301e-04    1.099712e-04
   4.600000e-02   -2.999669e-06   -2.990670e-06    0.000000e+00    0.000000e+00    1.126300e-04    1.099710e-04
   4.612500e-02   -3.043255e-06   -3.033476e-06    0.000000e+00    0.000000e+00    1.126299e-04    1.099708e-04
   4.625000e-02   -3.086849e-06   -3.076291e-06    0.000000e+00    0.000000e+00    1.126298e-04    1.099706e-04
   4.637500e-02   -3.130453e-06   -3.119116e-06    0.000000e+00    0.000000e+00    1.126297e-04    1.099704e-04
   4.650000e-02   -3.174066e-06   -3.161951e-06    0.000000e+00    0.000000e+00    1.126296e-04    1.099702e-04
   4.662500e-02   -3.217687e-06   -3.204796e-06    0.000000e+00    0.000000e+00    1.126295e-04    1.099699e-04
   4.675000e-02   -3.261318e-06   -3.247652e-06    0.000000e+00    0.000000e+00    1.126293e-04    1.099697e-04
   4.687500e-02   -3.304958e-06   -3.290518e-06    0.000000e+00    0.000000e+00    1.126292e-04    1.099695e-04
   4.700000e-02   -3.348607e-06   -3.333395e-06    0.000000e+00    0.000000e+00    1.126290e-04    1.099692e-04
   4.712500e-02   -3.392265e-06   -3.376283e-06    0.000000e+00    0.000000e+00    1.126288e-04    1.099690e-04
   4.725000e-02   -3.435932e-06   -3.419182e-06    0.000000e+00    0.000000e+00    1.126286e-04    1.099688e-04
   4.737500e-02   -3.479609e-06   -3.462092e-06    0.000000e+00    0.000000e+00    1.126284e-04    1.099685e-04
   4.750000e-02   -3.523295e-06   -3.505013e-06    0.000000e+00    0.000000e+00    1.126282e-04    1.099682e-04
   4.762500e-02   -3.566990e-06   -3.547945e-06    0.000000e+00    0.000000e+00    1.126280e-04    1.099680e-04
   4.775000e-02   -3.610694e-06   -3.590889e-06    0.000000e+00    0.000000e+00    1.126277e-04    1.099677e-04
   4.787500e-02   -3.654408e-06   -3.633845e-06    0.000000e+00    0.000000e+00    1.126275e-04    1.099675e-04
   4.800000e-02   -3.698131e-06   -3.676812e-06    0.000000e+00    0.000000e+00    1.126272e-04    1.099672e-04
   4.812500e-02   -3.741863e-06   -3.719792e-06    0.000000e+00    0.000000e+00    1.126269e-04    1.099669e-04
   4.825000e-02   -3.785605e-06   -3.762783e-06    0.000000e+00    0.000000e+00    1.126266e-04    1.099666e-04
   4.837500e-02   -3.829356e-06   -3.805787e-06    0.000000e+00    0.000000e+00    1.126263e-04    1.099663e-04
   4.850000e-02   -3.873117e-06   -3.848803e-06    0.000000e+00    0.000000e+00    1.126260e-04    1.099660e-04
   4.862500e-02   -3.916887e-06   -3.891831e-06    0.000000e+00    0.000000e+00    1.126257e-04    1.099658e-04
   4.875000e-02   -3.960666e-06   -3.934873e-06    0.000000e+00    0.000000e+00    1.126254e-04    1.099655e-04
   4.887500e-02   -4.004455e-06   -3.977926e-06    0.000000e+00    0.000000e+00    1.126250e-04    1.099651e-04
   4.900000e-02   -4.048254e-06   -4.020993e-06    0.000000e+00    0.000000e+00    1.126247e-04    1.099648e-04
   4.912500e-02   -4.092062e-06   -4.064073e-06    0.000000e+00    0.000000e+00    1.126243e-04    1.099645e-04
   4.925000e-02   -4.135880e-06   -4.107166e-06    0.000000e+00    0.000000e+00    1.126239e-04    1.099642e-04
   4.937500e-02   -4.179707e-06   -4.150272e-06    0.000000e+00    0.000000e+00    1.126235e-04    1.099639e-04
   4.950000e-02   -4.223544e-06   -4.193392e-06    0.000000e+00    0.000000e+00    1.126231e-04    1.099636e-04
   4.962500e-02   -4.267391e-06   -4.236526e-06    0.000000e+00    0.000000e+00    1.126227e-04    1.099632e-04
   4.975000e-02   -4.311247e-06   -4.279673e-06    0.000000e+00    0.000000e+00    1.126223e-04    1.099629e-04
   4.987500e-02   -4.355113e-06   -4.322834e-06    0.000000e+00    0.000000e+00    1.126218e-04    1.099625e-04
   5.000000e-02   -4.398988e-06   -4.366009e-06    0.000000e+00    0.000000e+00    1.126214e-04    1.099622e-04
