# garg caseC [0/core/0] sandwich, S = a/h = 10 -- 3-D DISPLACEMENT recovery, Yu-2003 Eq. 65
# plate part u^2d from: the internal harmonic solve (theory)
# stations: U1, U2 at x = 0 (cos peak); U3 at x = a/2 (sin peak)
# 
# U_1 = U - x3 (p W) + w1 ; U_2 = V + w2 ; U_3 = W + w3   (Kirchhoff
# composition -- the raw warping tilt carries the mean shear; z*phi
# would double-count it, see msgrm_warping_at_depth)
#   plate DOF amplitudes [U, V, W, F1, F2] = [-3.96194e-22, -5.85391e-35, 0.000111341, -6.00318e-05, -1.32611e-17]
#   (rotations F1/F2 are fitted and recorded but the composition
#    needs only U, V, W; Abaqus map phi1 = UR2, phi2 = -UR1; the
#    rigid-body constants of the deck's pins are fitted out -- the
#    exact solution carries the zero-span-average gauge)
#   strain amplitudes Es = [1.24468e-21, 0, 1.83906e-34, 0.000188595, 0, 4.16609e-17]
#   warping arguments: E6,1 = p Es at x = 0 ; E6 = Es and
#   E6,11 = -p^2 Es at x = a/2
# 
# gauge check: <U1_exact> over the thickness = 1.853641e-08 vs plate u0 = -3.961937e-22
# 
# rel L2 errors vs exact 3-D [%]:  U1   0.9701   U2   0.0000 (U2_exact ~ 0: denominator floored at 1e-3 ||U1||)   U3   1.6442
# 
# columns: z[m]  U1_rec U1_exact  U2_rec U2_exact  U3_rec U3_exact  [m]
  -5.000000e-02    4.394768e-06    4.361032e-06   -1.495316e-19    0.000000e+00    1.114292e-04    1.092606e-04
  -4.987500e-02    4.351057e-06    4.318133e-06   -1.495315e-19    0.000000e+00    1.114281e-04    1.092610e-04
  -4.975000e-02    4.307357e-06    4.275247e-06   -1.495312e-19    0.000000e+00    1.114271e-04    1.092615e-04
  -4.962500e-02    4.263665e-06    4.232375e-06   -1.495307e-19    0.000000e+00    1.114260e-04    1.092619e-04
  -4.950000e-02    4.219984e-06    4.189517e-06   -1.495299e-19    0.000000e+00    1.114249e-04    1.092624e-04
  -4.937500e-02    4.176312e-06    4.146673e-06   -1.495290e-19    0.000000e+00    1.114238e-04    1.092628e-04
  -4.925000e-02    4.132649e-06    4.103841e-06   -1.495278e-19    0.000000e+00    1.114228e-04    1.092633e-04
  -4.912500e-02    4.088997e-06    4.061023e-06   -1.495264e-19    0.000000e+00    1.114217e-04    1.092637e-04
  -4.900000e-02    4.045353e-06    4.018219e-06   -1.495249e-19    0.000000e+00    1.114206e-04    1.092641e-04
  -4.887500e-02    4.001719e-06    3.975427e-06   -1.495231e-19    0.000000e+00    1.114195e-04    1.092645e-04
  -4.875000e-02    3.958095e-06    3.932648e-06   -1.495211e-19    0.000000e+00    1.114185e-04    1.092650e-04
  -4.862500e-02    3.914480e-06    3.889881e-06   -1.495189e-19    0.000000e+00    1.114174e-04    1.092654e-04
  -4.850000e-02    3.870874e-06    3.847127e-06   -1.495165e-19    0.000000e+00    1.114163e-04    1.092658e-04
  -4.837500e-02    3.827278e-06    3.804386e-06   -1.495139e-19    0.000000e+00    1.114152e-04    1.092662e-04
  -4.825000e-02    3.783691e-06    3.761657e-06   -1.495111e-19    0.000000e+00    1.114142e-04    1.092666e-04
  -4.812500e-02    3.740114e-06    3.718940e-06   -1.495081e-19    0.000000e+00    1.114131e-04    1.092670e-04
  -4.800000e-02    3.696546e-06    3.676235e-06   -1.495049e-19    0.000000e+00    1.114120e-04    1.092674e-04
  -4.787500e-02    3.652987e-06    3.633541e-06   -1.495015e-19    0.000000e+00    1.114109e-04    1.092678e-04
  -4.775000e-02    3.609437e-06    3.590860e-06   -1.494979e-19    0.000000e+00    1.114098e-04    1.092681e-04
  -4.762500e-02    3.565897e-06    3.548190e-06   -1.494940e-19    0.000000e+00    1.114087e-04    1.092685e-04
  -4.750000e-02    3.522366e-06    3.505532e-06   -1.494900e-19    0.000000e+00    1.114077e-04    1.092689e-04
  -4.737500e-02    3.478844e-06    3.462885e-06   -1.494858e-19    0.000000e+00    1.114066e-04    1.092693e-04
  -4.725000e-02    3.435332e-06    3.420249e-06   -1.494814e-19    0.000000e+00    1.114055e-04    1.092696e-04
  -4.712500e-02    3.391828e-06    3.377624e-06   -1.494767e-19    0.000000e+00    1.114044e-04    1.092700e-04
  -4.700000e-02    3.348334e-06    3.335010e-06   -1.494719e-19    0.000000e+00    1.114033e-04    1.092703e-04
  -4.687500e-02    3.304848e-06    3.292407e-06   -1.494669e-19    0.000000e+00    1.114022e-04    1.092707e-04
  -4.675000e-02    3.261372e-06    3.249814e-06   -1.494617e-19    0.000000e+00    1.114011e-04    1.092710e-04
  -4.662500e-02    3.217905e-06    3.207232e-06   -1.494562e-19    0.000000e+00    1.114000e-04    1.092714e-04
  -4.650000e-02    3.174447e-06    3.164660e-06   -1.494506e-19    0.000000e+00    1.113989e-04    1.092717e-04
  -4.637500e-02    3.130998e-06    3.122099e-06   -1.494448e-19    0.000000e+00    1.113978e-04    1.092721e-04
  -4.625000e-02    3.087557e-06    3.079547e-06   -1.494388e-19    0.000000e+00    1.113968e-04    1.092724e-04
  -4.612500e-02    3.044126e-06    3.037006e-06   -1.494326e-19    0.000000e+00    1.113957e-04    1.092727e-04
  -4.600000e-02    3.000704e-06    2.994474e-06   -1.494262e-19    0.000000e+00    1.113946e-04    1.092730e-04
  -4.587500e-02    2.957291e-06    2.951952e-06   -1.494196e-19    0.000000e+00    1.113935e-04    1.092733e-04
  -4.575000e-02    2.913886e-06    2.909439e-06   -1.494128e-19    0.000000e+00    1.113924e-04    1.092737e-04
  -4.562500e-02    2.870491e-06    2.866936e-06   -1.494058e-19    0.000000e+00    1.113913e-04    1.092740e-04
  -4.550000e-02    2.827104e-06    2.824442e-06   -1.493987e-19    0.000000e+00    1.113902e-04    1.092743e-04
  -4.537500e-02    2.783726e-06    2.781957e-06   -1.493913e-19    0.000000e+00    1.113891e-04    1.092746e-04
  -4.525000e-02    2.740357e-06    2.739481e-06   -1.493837e-19    0.000000e+00    1.113880e-04    1.092749e-04
  -4.512500e-02    2.696996e-06    2.697014e-06   -1.493760e-19    0.000000e+00    1.113869e-04    1.092751e-04
  -4.500000e-02    2.653645e-06    2.654556e-06   -1.493680e-19    0.000000e+00    1.113858e-04    1.092754e-04
  -4.487500e-02    2.610302e-06    2.612106e-06   -1.493599e-19    0.000000e+00    1.113847e-04    1.092757e-04
  -4.475000e-02    2.566967e-06    2.569665e-06   -1.493516e-19    0.000000e+00    1.113836e-04    1.092760e-04
  -4.462500e-02    2.523642e-06    2.527232e-06   -1.493431e-19    0.000000e+00    1.113825e-04    1.092763e-04
  -4.450000e-02    2.480325e-06    2.484807e-06   -1.493344e-19    0.000000e+00    1.113813e-04    1.092765e-04
  -4.437500e-02    2.437017e-06    2.442390e-06   -1.493255e-19    0.000000e+00    1.113802e-04    1.092768e-04
  -4.425000e-02    2.393717e-06    2.399981e-06   -1.493164e-19    0.000000e+00    1.113791e-04    1.092771e-04
  -4.412500e-02    2.350426e-06    2.357580e-06   -1.493072e-19    0.000000e+00    1.113780e-04    1.092773e-04
  -4.400000e-02    2.307143e-06    2.315187e-06   -1.492977e-19    0.000000e+00    1.113769e-04    1.092776e-04
  -4.387500e-02    2.263869e-06    2.272800e-06   -1.492881e-19    0.000000e+00    1.113758e-04    1.092778e-04
  -4.375000e-02    2.220604e-06    2.230422e-06   -1.492783e-19    0.000000e+00    1.113747e-04    1.092780e-04
  -4.362500e-02    2.177346e-06    2.188050e-06   -1.492682e-19    0.000000e+00    1.113736e-04    1.092783e-04
  -4.350000e-02    2.134098e-06    2.145685e-06   -1.492581e-19    0.000000e+00    1.113725e-04    1.092785e-04
  -4.337500e-02    2.090858e-06    2.103328e-06   -1.492477e-19    0.000000e+00    1.113714e-04    1.092787e-04
  -4.325000e-02    2.047626e-06    2.060977e-06   -1.492371e-19    0.000000e+00    1.113702e-04    1.092790e-04
  -4.312500e-02    2.004402e-06    2.018633e-06   -1.492264e-19    0.000000e+00    1.113691e-04    1.092792e-04
  -4.300000e-02    1.961187e-06    1.976295e-06   -1.492155e-19    0.000000e+00    1.113680e-04    1.092794e-04
  -4.287500e-02    1.917980e-06    1.933964e-06   -1.492044e-19    0.000000e+00    1.113669e-04    1.092796e-04
  -4.275000e-02    1.874782e-06    1.891639e-06   -1.491931e-19    0.000000e+00    1.113658e-04    1.092798e-04
  -4.262500e-02    1.831592e-06    1.849320e-06   -1.491816e-19    0.000000e+00    1.113647e-04    1.092800e-04
  -4.250000e-02    1.788410e-06    1.807006e-06   -1.491700e-19    0.000000e+00    1.113636e-04    1.092802e-04
  -4.237500e-02    1.745236e-06    1.764699e-06   -1.491581e-19    0.000000e+00    1.113624e-04    1.092804e-04
  -4.225000e-02    1.702071e-06    1.722398e-06   -1.491461e-19    0.000000e+00    1.113613e-04    1.092806e-04
  -4.212500e-02    1.658913e-06    1.680102e-06   -1.491339e-19    0.000000e+00    1.113602e-04    1.092808e-04
  -4.200000e-02    1.615764e-06    1.637811e-06   -1.491216e-19    0.000000e+00    1.113591e-04    1.092810e-04
  -4.187500e-02    1.572623e-06    1.595526e-06   -1.491090e-19    0.000000e+00    1.113579e-04    1.092811e-04
  -4.175000e-02    1.529490e-06    1.553246e-06   -1.490963e-19    0.000000e+00    1.113568e-04    1.092813e-04
  -4.162500e-02    1.486366e-06    1.510971e-06   -1.490834e-19    0.000000e+00    1.113557e-04    1.092815e-04
  -4.150000e-02    1.443249e-06    1.468701e-06   -1.490703e-19    0.000000e+00    1.113546e-04    1.092816e-04
  -4.137500e-02    1.400140e-06    1.426435e-06   -1.490571e-19    0.000000e+00    1.113535e-04    1.092818e-04
  -4.125000e-02    1.357039e-06    1.384174e-06   -1.490437e-19    0.000000e+00    1.113523e-04    1.092820e-04
  -4.112500e-02    1.313947e-06    1.341918e-06   -1.490301e-19    0.000000e+00    1.113512e-04    1.092821e-04
  -4.100000e-02    1.270862e-06    1.299666e-06   -1.490163e-19    0.000000e+00    1.113501e-04    1.092823e-04
  -4.087500e-02    1.227785e-06    1.257418e-06   -1.490024e-19    0.000000e+00    1.113489e-04    1.092824e-04
  -4.075000e-02    1.184716e-06    1.215174e-06   -1.489883e-19    0.000000e+00    1.113478e-04    1.092825e-04
  -4.062500e-02    1.141655e-06    1.172934e-06   -1.489740e-19    0.000000e+00    1.113467e-04    1.092827e-04
  -4.050000e-02    1.098602e-06    1.130698e-06   -1.489595e-19    0.000000e+00    1.113456e-04    1.092828e-04
  -4.037500e-02    1.055557e-06    1.088465e-06   -1.489449e-19    0.000000e+00    1.113444e-04    1.092829e-04
  -4.025000e-02    1.012520e-06    1.046236e-06   -1.489301e-19    0.000000e+00    1.113433e-04    1.092830e-04
  -4.012500e-02    9.694899e-07    1.004011e-06   -1.489151e-19    0.000000e+00    1.113422e-04    1.092832e-04
  -4.000000e-02    9.264680e-07    9.617883e-07   -1.489000e-19    0.000000e+00    1.113410e-04    1.092833e-04
  -4.000000e-02    9.264680e-07    9.617883e-07   -1.489000e-19    0.000000e+00    1.113410e-04    1.092833e-04
  -3.900000e-02    9.016784e-07    9.380477e-07   -1.455104e-19    0.000000e+00    1.113402e-04    1.092845e-04
  -3.800000e-02    8.770125e-07    9.143525e-07   -1.421157e-19    0.000000e+00    1.113394e-04    1.092859e-04
  -3.700000e-02    8.524670e-07    8.907007e-07   -1.387161e-19    0.000000e+00    1.113386e-04    1.092875e-04
  -3.600000e-02    8.280388e-07    8.670905e-07   -1.353116e-19    0.000000e+00    1.113379e-04    1.092894e-04
  -3.500000e-02    8.037247e-07    8.435201e-07   -1.319024e-19    0.000000e+00    1.113371e-04    1.092913e-04
  -3.400000e-02    7.795216e-07    8.199877e-07   -1.284886e-19    0.000000e+00    1.113364e-04    1.092935e-04
  -3.300000e-02    7.554263e-07    7.964914e-07   -1.250704e-19    0.000000e+00    1.113357e-04    1.092959e-04
  -3.200000e-02    7.314356e-07    7.730293e-07   -1.216478e-19    0.000000e+00    1.113351e-04    1.092984e-04
  -3.100000e-02    7.075463e-07    7.495996e-07   -1.182211e-19    0.000000e+00    1.113344e-04    1.093012e-04
  -3.000000e-02    6.837553e-07    7.262005e-07   -1.147903e-19    0.000000e+00    1.113338e-04    1.093041e-04
  -2.900000e-02    6.600594e-07    7.028302e-07   -1.113556e-19    0.000000e+00    1.113331e-04    1.093072e-04
  -2.800000e-02    6.364555e-07    6.794868e-07   -1.079171e-19    0.000000e+00    1.113325e-04    1.093105e-04
  -2.700000e-02    6.129403e-07    6.561685e-07   -1.044749e-19    0.000000e+00    1.113320e-04    1.093140e-04
  -2.600000e-02    5.895107e-07    6.328734e-07   -1.010292e-19    0.000000e+00    1.113314e-04    1.093177e-04
  -2.500000e-02    5.661636e-07    6.095998e-07   -9.758005e-20    0.000000e+00    1.113309e-04    1.093215e-04
  -2.400000e-02    5.428957e-07    5.863458e-07   -9.412766e-20    0.000000e+00    1.113304e-04    1.093256e-04
  -2.300000e-02    5.197039e-07    5.631095e-07   -9.067213e-20    0.000000e+00    1.113299e-04    1.093298e-04
  -2.200000e-02    4.965850e-07    5.398893e-07   -8.721359e-20    0.000000e+00    1.113294e-04    1.093343e-04
  -2.100000e-02    4.735358e-07    5.166831e-07   -8.375217e-20    0.000000e+00    1.113290e-04    1.093389e-04
  -2.000000e-02    4.505532e-07    4.934892e-07   -8.028800e-20    0.000000e+00    1.113285e-04    1.093437e-04
  -1.900000e-02    4.276340e-07    4.703059e-07   -7.682122e-20    0.000000e+00    1.113281e-04    1.093487e-04
  -1.800000e-02    4.047751e-07    4.471312e-07   -7.335195e-20    0.000000e+00    1.113277e-04    1.093538e-04
  -1.700000e-02    3.819732e-07    4.239633e-07   -6.988032e-20    0.000000e+00    1.113274e-04    1.093592e-04
  -1.600000e-02    3.592252e-07    4.008004e-07   -6.640646e-20    0.000000e+00    1.113270e-04    1.093648e-04
  -1.500000e-02    3.365280e-07    3.776407e-07   -6.293052e-20    0.000000e+00    1.113267e-04    1.093705e-04
  -1.400000e-02    3.138782e-07    3.544824e-07   -5.945260e-20    0.000000e+00    1.113264e-04    1.093764e-04
  -1.300000e-02    2.912729e-07    3.313237e-07   -5.597286e-20    0.000000e+00    1.113261e-04    1.093826e-04
  -1.200000e-02    2.687088e-07    3.081627e-07   -5.249142e-20    0.000000e+00    1.113258e-04    1.093889e-04
  -1.100000e-02    2.461827e-07    2.849976e-07   -4.900840e-20    0.000000e+00    1.113256e-04    1.093954e-04
  -1.000000e-02    2.236915e-07    2.618265e-07   -4.552395e-20    0.000000e+00    1.113254e-04    1.094020e-04
  -9.000000e-03    2.012320e-07    2.386477e-07   -4.203818e-20    0.000000e+00    1.113252e-04    1.094089e-04
  -8.000000e-03    1.788010e-07    2.154594e-07   -3.855124e-20    0.000000e+00    1.113250e-04    1.094160e-04
  -7.000000e-03    1.563954e-07    1.922597e-07   -3.506325e-20    0.000000e+00    1.113248e-04    1.094232e-04
  -6.000000e-03    1.340120e-07    1.690467e-07   -3.157435e-20    0.000000e+00    1.113247e-04    1.094307e-04
  -5.000000e-03    1.116476e-07    1.458188e-07   -2.808466e-20    0.000000e+00    1.113246e-04    1.094383e-04
  -4.000000e-03    8.929907e-08    1.225739e-07   -2.459431e-20    0.000000e+00    1.113245e-04    1.094461e-04
  -3.000000e-03    6.696321e-08    9.931042e-08   -2.110344e-20    0.000000e+00    1.113244e-04    1.094541e-04
  -2.000000e-03    4.463686e-08    7.602639e-08   -1.761218e-20    0.000000e+00    1.113243e-04    1.094623e-04
  -1.000000e-03    2.231684e-08    5.272001e-08   -1.412066e-20    0.000000e+00    1.113243e-04    1.094706e-04
   0.000000e+00    5.093614e-19    2.938946e-08   -1.062901e-20    0.000000e+00    1.113243e-04    1.094792e-04
   1.000000e-03   -2.231684e-08    6.032911e-09   -7.137352e-21    0.000000e+00    1.113243e-04    1.094880e-04
   2.000000e-03   -4.463686e-08   -1.735148e-08   -3.645829e-21    0.000000e+00    1.113243e-04    1.094969e-04
   3.000000e-03   -6.696321e-08   -4.076554e-08   -1.545684e-22    0.000000e+00    1.113244e-04    1.095060e-04
   4.000000e-03   -8.929907e-08   -6.421110e-08    3.336300e-21    0.000000e+00    1.113245e-04    1.095153e-04
   5.000000e-03   -1.116476e-07   -8.769001e-08    6.826645e-21    0.000000e+00    1.113246e-04    1.095248e-04
   6.000000e-03   -1.340120e-07   -1.112041e-07    1.031634e-20    0.000000e+00    1.113247e-04    1.095345e-04
   7.000000e-03   -1.563954e-07   -1.347552e-07    1.380524e-20    0.000000e+00    1.113248e-04    1.095444e-04
   8.000000e-03   -1.788010e-07   -1.583452e-07    1.729323e-20    0.000000e+00    1.113250e-04    1.095545e-04
   9.000000e-03   -2.012320e-07   -1.819759e-07    2.078017e-20    0.000000e+00    1.113252e-04    1.095647e-04
   1.000000e-02   -2.236915e-07   -2.056491e-07    2.426593e-20    0.000000e+00    1.113254e-04    1.095752e-04
   1.100000e-02   -2.461827e-07   -2.293668e-07    2.775039e-20    0.000000e+00    1.113256e-04    1.095858e-04
   1.200000e-02   -2.687088e-07   -2.531307e-07    3.123341e-20    0.000000e+00    1.113258e-04    1.095966e-04
   1.300000e-02   -2.912729e-07   -2.769427e-07    3.471485e-20    0.000000e+00    1.113261e-04    1.096076e-04
   1.400000e-02   -3.138782e-07   -3.008047e-07    3.819459e-20    0.000000e+00    1.113264e-04    1.096188e-04
   1.500000e-02   -3.365280e-07   -3.247185e-07    4.167250e-20    0.000000e+00    1.113267e-04    1.096302e-04
   1.600000e-02   -3.592252e-07   -3.486860e-07    4.514845e-20    0.000000e+00    1.113270e-04    1.096417e-04
   1.700000e-02   -3.819732e-07   -3.727091e-07    4.862231e-20    0.000000e+00    1.113274e-04    1.096535e-04
   1.800000e-02   -4.047751e-07   -3.967895e-07    5.209393e-20    0.000000e+00    1.113277e-04    1.096654e-04
   1.900000e-02   -4.276340e-07   -4.209293e-07    5.556321e-20    0.000000e+00    1.113281e-04    1.096776e-04
   2.000000e-02   -4.505532e-07   -4.451302e-07    5.902999e-20    0.000000e+00    1.113285e-04    1.096899e-04
   2.100000e-02   -4.735358e-07   -4.693942e-07    6.249416e-20    0.000000e+00    1.113290e-04    1.097024e-04
   2.200000e-02   -4.965850e-07   -4.937231e-07    6.595558e-20    0.000000e+00    1.113294e-04    1.097151e-04
   2.300000e-02   -5.197039e-07   -5.181188e-07    6.941412e-20    0.000000e+00    1.113299e-04    1.097280e-04
   2.400000e-02   -5.428957e-07   -5.425832e-07    7.286965e-20    0.000000e+00    1.113304e-04    1.097411e-04
   2.500000e-02   -5.661636e-07   -5.671181e-07    7.632204e-20    0.000000e+00    1.113309e-04    1.097543e-04
   2.600000e-02   -5.895107e-07   -5.917256e-07    7.977116e-20    0.000000e+00    1.113314e-04    1.097678e-04
   2.700000e-02   -6.129403e-07   -6.164074e-07    8.321687e-20    0.000000e+00    1.113320e-04    1.097814e-04
   2.800000e-02   -6.364555e-07   -6.411654e-07    8.665905e-20    0.000000e+00    1.113325e-04    1.097952e-04
   2.900000e-02   -6.600594e-07   -6.660017e-07    9.009757e-20    0.000000e+00    1.113331e-04    1.098092e-04
   3.000000e-02   -6.837553e-07   -6.909181e-07    9.353229e-20    0.000000e+00    1.113338e-04    1.098234e-04
   3.100000e-02   -7.075463e-07   -7.159164e-07    9.696308e-20    0.000000e+00    1.113344e-04    1.098378e-04
   3.200000e-02   -7.314356e-07   -7.409987e-07    1.003898e-19    0.000000e+00    1.113351e-04    1.098524e-04
   3.300000e-02   -7.554263e-07   -7.661668e-07    1.038124e-19    0.000000e+00    1.113357e-04    1.098671e-04
   3.400000e-02   -7.795216e-07   -7.914227e-07    1.072306e-19    0.000000e+00    1.113364e-04    1.098821e-04
   3.500000e-02   -8.037247e-07   -8.167683e-07    1.106444e-19    0.000000e+00    1.113371e-04    1.098972e-04
   3.600000e-02   -8.280388e-07   -8.422056e-07    1.140536e-19    0.000000e+00    1.113379e-04    1.099125e-04
   3.700000e-02   -8.524670e-07   -8.677364e-07    1.174581e-19    0.000000e+00    1.113386e-04    1.099281e-04
   3.800000e-02   -8.770125e-07   -8.933627e-07    1.208577e-19    0.000000e+00    1.113394e-04    1.099438e-04
   3.900000e-02   -9.016784e-07   -9.190865e-07    1.242524e-19    0.000000e+00    1.113402e-04    1.099596e-04
   4.000000e-02   -9.264680e-07   -9.449098e-07    1.276419e-19    0.000000e+00    1.113410e-04    1.099757e-04
   4.000000e-02   -9.264680e-07   -9.449098e-07    1.276419e-19    0.000000e+00    1.113410e-04    1.099757e-04
   4.012500e-02   -9.694899e-07   -9.874040e-07    1.276571e-19    0.000000e+00    1.113422e-04    1.099757e-04
   4.025000e-02   -1.012520e-06   -1.029901e-06    1.276721e-19    0.000000e+00    1.113433e-04    1.099757e-04
   4.037500e-02   -1.055557e-06   -1.072402e-06    1.276869e-19    0.000000e+00    1.113444e-04    1.099757e-04
   4.050000e-02   -1.098602e-06   -1.114907e-06    1.277015e-19    0.000000e+00    1.113456e-04    1.099757e-04
   4.062500e-02   -1.141655e-06   -1.157415e-06    1.277160e-19    0.000000e+00    1.113467e-04    1.099757e-04
   4.075000e-02   -1.184716e-06   -1.199926e-06    1.277302e-19    0.000000e+00    1.113478e-04    1.099757e-04
   4.087500e-02   -1.227785e-06   -1.242442e-06    1.277444e-19    0.000000e+00    1.113489e-04    1.099757e-04
   4.100000e-02   -1.270862e-06   -1.284962e-06    1.277583e-19    0.000000e+00    1.113501e-04    1.099756e-04
   4.112500e-02   -1.313947e-06   -1.327486e-06    1.277721e-19    0.000000e+00    1.113512e-04    1.099756e-04
   4.125000e-02   -1.357039e-06   -1.370014e-06    1.277857e-19    0.000000e+00    1.113523e-04    1.099756e-04
   4.137500e-02   -1.400140e-06   -1.412547e-06    1.277991e-19    0.000000e+00    1.113535e-04    1.099755e-04
   4.150000e-02   -1.443249e-06   -1.455085e-06    1.278123e-19    0.000000e+00    1.113546e-04    1.099755e-04
   4.162500e-02   -1.486366e-06   -1.497627e-06    1.278254e-19    0.000000e+00    1.113557e-04    1.099754e-04
   4.175000e-02   -1.529490e-06   -1.540174e-06    1.278383e-19    0.000000e+00    1.113568e-04    1.099754e-04
   4.187500e-02   -1.572623e-06   -1.582726e-06    1.278510e-19    0.000000e+00    1.113579e-04    1.099753e-04
   4.200000e-02   -1.615764e-06   -1.625283e-06    1.278636e-19    0.000000e+00    1.113591e-04    1.099753e-04
   4.212500e-02   -1.658913e-06   -1.667846e-06    1.278759e-19    0.000000e+00    1.113602e-04    1.099752e-04
   4.225000e-02   -1.702071e-06   -1.710414e-06    1.278881e-19    0.000000e+00    1.113613e-04    1.099751e-04
   4.237500e-02   -1.745236e-06   -1.752988e-06    1.279001e-19    0.000000e+00    1.113624e-04    1.099751e-04
   4.250000e-02   -1.788410e-06   -1.795567e-06    1.279119e-19    0.000000e+00    1.113636e-04    1.099750e-04
   4.262500e-02   -1.831592e-06   -1.838152e-06    1.279236e-19    0.000000e+00    1.113647e-04    1.099749e-04
   4.275000e-02   -1.874782e-06   -1.880744e-06    1.279351e-19    0.000000e+00    1.113658e-04    1.099748e-04
   4.287500e-02   -1.917980e-06   -1.923341e-06    1.279463e-19    0.000000e+00    1.113669e-04    1.099747e-04
   4.300000e-02   -1.961187e-06   -1.965945e-06    1.279574e-19    0.000000e+00    1.113680e-04    1.099746e-04
   4.312500e-02   -2.004402e-06   -2.008555e-06    1.279684e-19    0.000000e+00    1.113691e-04    1.099745e-04
   4.325000e-02   -2.047626e-06   -2.051171e-06    1.279791e-19    0.000000e+00    1.113702e-04    1.099744e-04
   4.337500e-02   -2.090858e-06   -2.093794e-06    1.279897e-19    0.000000e+00    1.113714e-04    1.099743e-04
   4.350000e-02   -2.134098e-06   -2.136424e-06    1.280000e-19    0.000000e+00    1.113725e-04    1.099742e-04
   4.362500e-02   -2.177346e-06   -2.179062e-06    1.280102e-19    0.000000e+00    1.113736e-04    1.099741e-04
   4.375000e-02   -2.220604e-06   -2.221706e-06    1.280202e-19    0.000000e+00    1.113747e-04    1.099740e-04
   4.387500e-02   -2.263869e-06   -2.264357e-06    1.280301e-19    0.000000e+00    1.113758e-04    1.099738e-04
   4.400000e-02   -2.307143e-06   -2.307016e-06    1.280397e-19    0.000000e+00    1.113769e-04    1.099737e-04
   4.412500e-02   -2.350426e-06   -2.349682e-06    1.280491e-19    0.000000e+00    1.113780e-04    1.099736e-04
   4.425000e-02   -2.393717e-06   -2.392356e-06    1.280584e-19    0.000000e+00    1.113791e-04    1.099734e-04
   4.437500e-02   -2.437017e-06   -2.435038e-06    1.280675e-19    0.000000e+00    1.113802e-04    1.099733e-04
   4.450000e-02   -2.480325e-06   -2.477727e-06    1.280764e-19    0.000000e+00    1.113813e-04    1.099731e-04
   4.462500e-02   -2.523642e-06   -2.520425e-06    1.280851e-19    0.000000e+00    1.113825e-04    1.099730e-04
   4.475000e-02   -2.566967e-06   -2.563131e-06    1.280936e-19    0.000000e+00    1.113836e-04    1.099728e-04
   4.487500e-02   -2.610302e-06   -2.605845e-06    1.281019e-19    0.000000e+00    1.113847e-04    1.099727e-04
   4.500000e-02   -2.653645e-06   -2.648568e-06    1.281100e-19    0.000000e+00    1.113858e-04    1.099725e-04
   4.512500e-02   -2.696996e-06   -2.691299e-06    1.281180e-19    0.000000e+00    1.113869e-04    1.099723e-04
   4.525000e-02   -2.740357e-06   -2.734039e-06    1.281257e-19    0.000000e+00    1.113880e-04    1.099722e-04
   4.537500e-02   -2.783726e-06   -2.776788e-06    1.281333e-19    0.000000e+00    1.113891e-04    1.099720e-04
   4.550000e-02   -2.827104e-06   -2.819546e-06    1.281407e-19    0.000000e+00    1.113902e-04    1.099718e-04
   4.562500e-02   -2.870491e-06   -2.862313e-06    1.281478e-19    0.000000e+00    1.113913e-04    1.099716e-04
   4.575000e-02   -2.913886e-06   -2.905089e-06    1.281548e-19    0.000000e+00    1.113924e-04    1.099714e-04
   4.587500e-02   -2.957291e-06   -2.947875e-06    1.281616e-19    0.000000e+00    1.113935e-04    1.099712e-04
   4.600000e-02   -3.000704e-06   -2.990670e-06    1.281682e-19    0.000000e+00    1.113946e-04    1.099710e-04
   4.612500e-02   -3.044126e-06   -3.033476e-06    1.281746e-19    0.000000e+00    1.113957e-04    1.099708e-04
   4.625000e-02   -3.087557e-06   -3.076291e-06    1.281808e-19    0.000000e+00    1.113968e-04    1.099706e-04
   4.637500e-02   -3.130998e-06   -3.119116e-06    1.281868e-19    0.000000e+00    1.113978e-04    1.099704e-04
   4.650000e-02   -3.174447e-06   -3.161951e-06    1.281926e-19    0.000000e+00    1.113989e-04    1.099702e-04
   4.662500e-02   -3.217905e-06   -3.204796e-06    1.281982e-19    0.000000e+00    1.114000e-04    1.099699e-04
   4.675000e-02   -3.261372e-06   -3.247652e-06    1.282037e-19    0.000000e+00    1.114011e-04    1.099697e-04
   4.687500e-02   -3.304848e-06   -3.290518e-06    1.282089e-19    0.000000e+00    1.114022e-04    1.099695e-04
   4.700000e-02   -3.348334e-06   -3.333395e-06    1.282139e-19    0.000000e+00    1.114033e-04    1.099692e-04
   4.712500e-02   -3.391828e-06   -3.376283e-06    1.282187e-19    0.000000e+00    1.114044e-04    1.099690e-04
   4.725000e-02   -3.435332e-06   -3.419182e-06    1.282233e-19    0.000000e+00    1.114055e-04    1.099688e-04
   4.737500e-02   -3.478844e-06   -3.462092e-06    1.282278e-19    0.000000e+00    1.114066e-04    1.099685e-04
   4.750000e-02   -3.522366e-06   -3.505013e-06    1.282320e-19    0.000000e+00    1.114077e-04    1.099682e-04
   4.762500e-02   -3.565897e-06   -3.547945e-06    1.282360e-19    0.000000e+00    1.114087e-04    1.099680e-04
   4.775000e-02   -3.609437e-06   -3.590889e-06    1.282398e-19    0.000000e+00    1.114098e-04    1.099677e-04
   4.787500e-02   -3.652987e-06   -3.633845e-06    1.282435e-19    0.000000e+00    1.114109e-04    1.099675e-04
   4.800000e-02   -3.696546e-06   -3.676812e-06    1.282469e-19    0.000000e+00    1.114120e-04    1.099672e-04
   4.812500e-02   -3.740114e-06   -3.719792e-06    1.282501e-19    0.000000e+00    1.114131e-04    1.099669e-04
   4.825000e-02   -3.783691e-06   -3.762783e-06    1.282531e-19    0.000000e+00    1.114142e-04    1.099666e-04
   4.837500e-02   -3.827278e-06   -3.805787e-06    1.282559e-19    0.000000e+00    1.114152e-04    1.099663e-04
   4.850000e-02   -3.870874e-06   -3.848803e-06    1.282585e-19    0.000000e+00    1.114163e-04    1.099660e-04
   4.862500e-02   -3.914480e-06   -3.891831e-06    1.282609e-19    0.000000e+00    1.114174e-04    1.099658e-04
   4.875000e-02   -3.958095e-06   -3.934873e-06    1.282631e-19    0.000000e+00    1.114185e-04    1.099655e-04
   4.887500e-02   -4.001719e-06   -3.977926e-06    1.282651e-19    0.000000e+00    1.114195e-04    1.099651e-04
   4.900000e-02   -4.045353e-06   -4.020993e-06    1.282669e-19    0.000000e+00    1.114206e-04    1.099648e-04
   4.912500e-02   -4.088997e-06   -4.064073e-06    1.282684e-19    0.000000e+00    1.114217e-04    1.099645e-04
   4.925000e-02   -4.132649e-06   -4.107166e-06    1.282698e-19    0.000000e+00    1.114228e-04    1.099642e-04
   4.937500e-02   -4.176312e-06   -4.150272e-06    1.282710e-19    0.000000e+00    1.114238e-04    1.099639e-04
   4.950000e-02   -4.219984e-06   -4.193392e-06    1.282719e-19    0.000000e+00    1.114249e-04    1.099636e-04
   4.962500e-02   -4.263665e-06   -4.236526e-06    1.282726e-19    0.000000e+00    1.114260e-04    1.099632e-04
   4.975000e-02   -4.307357e-06   -4.279673e-06    1.282732e-19    0.000000e+00    1.114271e-04    1.099629e-04
   4.987500e-02   -4.351057e-06   -4.322834e-06    1.282735e-19    0.000000e+00    1.114281e-04    1.099625e-04
   5.000000e-02   -4.394768e-06   -4.366009e-06    1.282736e-19    0.000000e+00    1.114292e-04    1.099622e-04
