# garg caseC [0/core/0] sandwich, S = a/h = 10 -- FULL-FIELD recovery vs exact Pagano (all 6 stresses + 3 disp)
# u^2d from: Abaqus RM shell (fit residual 3.2e-08)
# stations: s11/s22/s12/s33/U3 at x = a/2; s13/s23/U1/U2 at x = 0
# face load ladders: qt = 1 q0 (top), qb = 0 q0 (bottom)
# s33 = equilibrium integration (plotted); DIRECT Eq.-66 route with
# the load columns: faces machine-exact (bottom -4.76e-06, top 1e+04 target
#   0 / 1e+04), interior rel-L2 424.413%
# 
# rel L2 errors vs exact [%] (near-zero exact fields floored):
#   s11  32.281  s22  56.390  s12   0.000  s13   9.134  s23   0.000  s33   0.879
#   U1   1.287  U2   0.000  U3   2.173
# 
# columns: z[m]  then (rec, exact) pairs for s11 s22 s12 s13 s23 s33 U1 U2 U3
  -5.000000e-02   -2.226828e+06   -1.801660e+06   -3.866862e+04   -3.128561e+04    2.071718e-10    0.000000e+00    3.927334e-06    5.632517e-06    1.848893e-23    0.000000e+00    0.000000e+00    1.096632e-09    4.362746e-06    4.361032e-06    0.000000e+00    0.000000e+00    1.119502e-04    1.092606e-04
  -4.987500e-02   -2.207904e+06   -1.783937e+06   -3.847095e+04   -3.097783e+04    2.071718e-10    0.000000e+00    4.864020e+02    7.040300e+02    5.200011e-24    0.000000e+00    9.550482e-02    1.384637e-01    4.319146e-06    4.318133e-06    0.000000e+00    0.000000e+00    1.119507e-04    1.092610e-04
  -4.975000e-02   -2.188984e+06   -1.766219e+06   -3.827331e+04   -3.067008e+04    2.071718e-10    0.000000e+00    9.715855e+02    1.401101e+03    1.733337e-23    0.000000e+00    3.817800e-01    5.520330e-01    4.275556e-06    4.275247e-06    0.000000e+00    0.000000e+00    1.119513e-04    1.092615e-04
  -4.962500e-02   -2.170068e+06   -1.748508e+06   -3.807570e+04   -3.036236e+04    2.071718e-10    0.000000e+00    1.455550e+03    2.091216e+03    2.542228e-23    0.000000e+00    8.583470e-01    1.237976e+00    4.231975e-06    4.232375e-06    0.000000e+00    0.000000e+00    1.119518e-04    1.092619e-04
  -4.950000e-02   -2.151156e+06   -1.730802e+06   -3.787811e+04   -3.005469e+04    2.071718e-10    0.000000e+00    1.938297e+03    2.774377e+03    1.300003e-23    0.000000e+00    1.524727e+00    2.193560e+00    4.188404e-06    4.189517e-06    0.000000e+00    0.000000e+00    1.119524e-04    1.092624e-04
  -4.937500e-02   -2.132247e+06   -1.713101e+06   -3.768055e+04   -2.974705e+04    2.071718e-10    0.000000e+00    2.419824e+03    3.450585e+03   -9.100019e-24    0.000000e+00    2.380442e+00    3.416056e+00    4.144842e-06    4.146673e-06    0.000000e+00    0.000000e+00    1.119529e-04    1.092628e-04
  -4.925000e-02   -2.113343e+06   -1.695406e+06   -3.748301e+04   -2.943945e+04    2.071718e-10    0.000000e+00    2.900133e+03    4.119844e+03    1.227780e-24    0.000000e+00    3.425014e+00    4.902734e+00    4.101290e-06    4.103841e-06    0.000000e+00    0.000000e+00    1.119534e-04    1.092633e-04
  -4.912500e-02   -2.094442e+06   -1.677716e+06   -3.728550e+04   -2.913189e+04    2.071718e-10    0.000000e+00    3.379224e+03    4.782155e+03   -1.011113e-24    0.000000e+00    4.657963e+00    6.650865e+00    4.057747e-06    4.061023e-06    0.000000e+00    0.000000e+00    1.119539e-04    1.092637e-04
  -4.900000e-02   -2.075546e+06   -1.660032e+06   -3.708802e+04   -2.882436e+04    2.071718e-10    0.000000e+00    3.857096e+03    5.437520e+03   -2.762506e-24    0.000000e+00    6.078811e+00    8.657720e+00    4.014214e-06    4.018219e-06    0.000000e+00    0.000000e+00    1.119544e-04    1.092641e-04
  -4.887500e-02   -2.056653e+06   -1.642353e+06   -3.689056e+04   -2.851686e+04    2.071718e-10    0.000000e+00    4.333749e+03    6.085941e+03    2.311116e-24    0.000000e+00    7.687079e+00    1.092057e+01    3.970691e-06    3.975427e-06    0.000000e+00    0.000000e+00    1.119548e-04    1.092645e-04
  -4.875000e-02   -2.037764e+06   -1.624679e+06   -3.669313e+04   -2.820941e+04    2.071718e-10    0.000000e+00    4.809184e+03    6.727421e+03    2.961117e-24    0.000000e+00    9.482290e+00    1.343670e+01    3.927177e-06    3.932648e-06    0.000000e+00    0.000000e+00    1.119553e-04    1.092650e-04
  -4.862500e-02   -2.018879e+06   -1.607010e+06   -3.649572e+04   -2.790198e+04    2.071718e-10    0.000000e+00    5.283401e+03    7.361962e+03    2.888895e-25    0.000000e+00    1.146396e+01    1.620337e+01    3.883672e-06    3.889881e-06    0.000000e+00    0.000000e+00    1.119557e-04    1.092654e-04
  -4.850000e-02   -1.999998e+06   -1.589347e+06   -3.629834e+04   -2.759459e+04    2.071718e-10    0.000000e+00    5.756398e+03    7.989565e+03    4.333342e-25    0.000000e+00    1.363162e+01    1.921786e+01    3.840177e-06    3.847127e-06    0.000000e+00    0.000000e+00    1.119562e-04    1.092658e-04
  -4.837500e-02   -1.981120e+06   -1.571688e+06   -3.610099e+04   -2.728724e+04    2.071718e-10    0.000000e+00    6.228177e+03    8.610232e+03   -7.222237e-25    0.000000e+00    1.598479e+01    2.247745e+01    3.796691e-06    3.804386e-06    0.000000e+00    0.000000e+00    1.119566e-04    1.092662e-04
  -4.825000e-02   -1.962247e+06   -1.554035e+06   -3.590366e+04   -2.697992e+04    2.071718e-10    0.000000e+00    6.698738e+03    9.223967e+03   -1.155558e-24    0.000000e+00    1.852298e+01    2.597942e+01    3.753214e-06    3.761657e-06    0.000000e+00    0.000000e+00    1.119570e-04    1.092666e-04
  -4.812500e-02   -1.943377e+06   -1.536386e+06   -3.570636e+04   -2.667263e+04    2.071718e-10    0.000000e+00    7.168080e+03    9.830769e+03    1.155558e-24    0.000000e+00    2.124573e+01    2.972103e+01    3.709747e-06    3.718940e-06    0.000000e+00    0.000000e+00    1.119574e-04    1.092670e-04
  -4.800000e-02   -1.924511e+06   -1.518742e+06   -3.550908e+04   -2.636537e+04    2.071718e-10    0.000000e+00    7.636203e+03    1.043064e+04    2.888895e-25    0.000000e+00    2.415254e+01    3.369958e+01    3.666290e-06    3.676235e-06    0.000000e+00    0.000000e+00    1.119578e-04    1.092674e-04
  -4.787500e-02   -1.905649e+06   -1.501103e+06   -3.531183e+04   -2.605815e+04    2.071718e-10    0.000000e+00    8.103108e+03    1.102359e+04   -2.455561e-24    0.000000e+00    2.724295e+01    3.791233e+01    3.622841e-06    3.633541e-06    0.000000e+00    0.000000e+00    1.119582e-04    1.092678e-04
  -4.775000e-02   -1.886791e+06   -1.483469e+06   -3.511460e+04   -2.575096e+04    2.071718e-10    0.000000e+00    8.568794e+03    1.160961e+04    7.222237e-25    0.000000e+00    3.051647e+01    4.235657e+01    3.579402e-06    3.590860e-06    0.000000e+00    0.000000e+00    1.119585e-04    1.092681e-04
  -4.762500e-02   -1.867936e+06   -1.465840e+06   -3.491740e+04   -2.544380e+04    2.071718e-10    0.000000e+00    9.033262e+03    1.218870e+04   -1.011113e-24    0.000000e+00    3.397262e+01    4.702959e+01    3.535972e-06    3.548190e-06    0.000000e+00    0.000000e+00    1.119589e-04    1.092685e-04
  -4.750000e-02   -1.849085e+06   -1.448215e+06   -3.472022e+04   -2.513667e+04    2.071718e-10    0.000000e+00    9.496511e+03    1.276088e+04    7.077793e-24    0.000000e+00    3.761094e+01    5.192865e+01    3.492551e-06    3.505532e-06    0.000000e+00    0.000000e+00    1.119592e-04    1.092689e-04
  -4.737500e-02   -1.830238e+06   -1.430595e+06   -3.452307e+04   -2.482957e+04    2.071718e-10    0.000000e+00    9.958541e+03    1.332613e+04   -1.444447e-24    0.000000e+00    4.143093e+01    5.705105e+01    3.449140e-06    3.462885e-06    0.000000e+00    0.000000e+00    1.119596e-04    1.092693e-04
  -4.725000e-02   -1.811395e+06   -1.412980e+06   -3.432595e+04   -2.452251e+04    2.071718e-10    0.000000e+00    1.041935e+04    1.388446e+04   -1.444447e-24    0.000000e+00    4.543212e+01    6.239406e+01    3.405737e-06    3.420249e-06    0.000000e+00    0.000000e+00    1.119599e-04    1.092696e-04
  -4.712500e-02   -1.792555e+06   -1.395369e+06   -3.412885e+04   -2.421547e+04    2.071718e-10    0.000000e+00    1.087895e+04    1.443588e+04    2.744450e-24    0.000000e+00    4.961403e+01    6.795498e+01    3.362344e-06    3.377624e-06    0.000000e+00    0.000000e+00    1.119602e-04    1.092700e-04
  -4.700000e-02   -1.773719e+06   -1.377762e+06   -3.393177e+04   -2.390847e+04    2.071718e-10    0.000000e+00    1.133732e+04    1.498038e+04   -2.744450e-24    0.000000e+00    5.397618e+01    7.373107e+01    3.318960e-06    3.335010e-06    0.000000e+00    0.000000e+00    1.119605e-04    1.092703e-04
  -4.687500e-02   -1.754887e+06   -1.360160e+06   -3.373472e+04   -2.360149e+04    2.071718e-10    0.000000e+00    1.179448e+04    1.551797e+04    4.044453e-24    0.000000e+00    5.851810e+01    7.971964e+01    3.275585e-06    3.292407e-06    0.000000e+00    0.000000e+00    1.119608e-04    1.092707e-04
  -4.675000e-02   -1.736058e+06   -1.342562e+06   -3.353769e+04   -2.329454e+04    2.071718e-10    0.000000e+00    1.225042e+04    1.604865e+04    2.527783e-24    0.000000e+00    6.323930e+01    8.591796e+01    3.232219e-06    3.249814e-06    0.000000e+00    0.000000e+00    1.119610e-04    1.092710e-04
  -4.662500e-02   -1.717233e+06   -1.324969e+06   -3.334069e+04   -2.298762e+04    2.071718e-10    0.000000e+00    1.270513e+04    1.657242e+04    1.444447e-24    0.000000e+00    6.813931e+01    9.232331e+01    3.188862e-06    3.207232e-06    0.000000e+00    0.000000e+00    1.119613e-04    1.092714e-04
  -4.650000e-02   -1.698412e+06   -1.307380e+06   -3.314372e+04   -2.268073e+04    2.071718e-10    0.000000e+00    1.315863e+04    1.708928e+04    5.091677e-24    0.000000e+00    7.321765e+01    9.893300e+01    3.145514e-06    3.164660e-06    0.000000e+00    0.000000e+00    1.119616e-04    1.092717e-04
  -4.637500e-02   -1.679595e+06   -1.289794e+06   -3.294677e+04   -2.237387e+04    2.071718e-10    0.000000e+00    1.361092e+04    1.759923e+04    1.733337e-24    0.000000e+00    7.847384e+01    1.057443e+02    3.102176e-06    3.122099e-06    0.000000e+00    0.000000e+00    1.119618e-04    1.092721e-04
  -4.625000e-02   -1.660781e+06   -1.272213e+06   -3.274984e+04   -2.206703e+04    2.071718e-10    0.000000e+00    1.406198e+04    1.810228e+04   -1.832371e-24    0.000000e+00    8.390740e+01    1.127545e+02    3.058846e-06    3.079547e-06    0.000000e+00    0.000000e+00    1.119620e-04    1.092724e-04
  -4.612500e-02   -1.641971e+06   -1.254636e+06   -3.255294e+04   -2.176023e+04    2.071718e-10    0.000000e+00    1.451182e+04    1.859843e+04   -1.227780e-24    0.000000e+00    8.951786e+01    1.199609e+02    3.015525e-06    3.037006e-06    0.000000e+00    0.000000e+00    1.119622e-04    1.092727e-04
  -4.600000e-02   -1.623164e+06   -1.237063e+06   -3.235606e+04   -2.145344e+04    2.071718e-10    0.000000e+00    1.496045e+04    1.908767e+04    3.322229e-24    0.000000e+00    9.530472e+01    1.273608e+02    2.972213e-06    2.994474e-06    0.000000e+00    0.000000e+00    1.119624e-04    1.092730e-04
  -4.587500e-02   -1.604362e+06   -1.219494e+06   -3.215920e+04   -2.114669e+04    2.071718e-10    0.000000e+00    1.540786e+04    1.957002e+04   -3.538896e-24    0.000000e+00    1.012675e+02    1.349514e+02    2.928910e-06    2.951952e-06    0.000000e+00    0.000000e+00    1.119626e-04    1.092733e-04
  -4.575000e-02   -1.585562e+06   -1.201929e+06   -3.196237e+04   -2.083996e+04    2.071718e-10    0.000000e+00    1.585405e+04    2.004546e+04   -3.611119e-25    0.000000e+00    1.074058e+02    1.427301e+02    2.885616e-06    2.909439e-06    0.000000e+00    0.000000e+00    1.119628e-04    1.092737e-04
  -4.562500e-02   -1.566767e+06   -1.184368e+06   -3.176557e+04   -2.053326e+04    2.071718e-10    0.000000e+00    1.629902e+04    2.051401e+04   -2.311116e-24    0.000000e+00    1.137190e+02    1.506942e+02    2.842330e-06    2.866936e-06    0.000000e+00    0.000000e+00    1.119630e-04    1.092740e-04
  -4.550000e-02   -1.547975e+06   -1.166810e+06   -3.156879e+04   -2.022658e+04    2.071718e-10    0.000000e+00    1.674277e+04    2.097566e+04    1.300003e-24    0.000000e+00    1.202068e+02    1.588409e+02    2.799054e-06    2.824442e-06    0.000000e+00    0.000000e+00    1.119631e-04    1.092743e-04
  -4.537500e-02   -1.529186e+06   -1.149256e+06   -3.137203e+04   -1.991993e+04    2.071718e-10    0.000000e+00    1.718530e+04    2.143042e+04   -8.666685e-25    0.000000e+00    1.268685e+02    1.671675e+02    2.755786e-06    2.781957e-06    0.000000e+00    0.000000e+00    1.119633e-04    1.092746e-04
  -4.525000e-02   -1.510401e+06   -1.131706e+06   -3.117530e+04   -1.961330e+04    2.071718e-10    0.000000e+00    1.762662e+04    2.187829e+04   -1.733337e-24    0.000000e+00    1.337038e+02    1.756714e+02    2.712527e-06    2.739481e-06    0.000000e+00    0.000000e+00    1.119634e-04    1.092749e-04
  -4.512500e-02   -1.491620e+06   -1.114160e+06   -3.097859e+04   -1.930670e+04    2.071718e-10    0.000000e+00    1.806671e+04    2.231926e+04   -1.300003e-24    0.000000e+00    1.407122e+02    1.843498e+02    2.669277e-06    2.697014e-06    0.000000e+00    0.000000e+00    1.119635e-04    1.092751e-04
  -4.500000e-02   -1.472843e+06   -1.096616e+06   -3.078190e+04   -1.900012e+04    2.071718e-10    0.000000e+00    1.850559e+04    2.275335e+04   -5.777790e-25    0.000000e+00    1.478932e+02    1.932000e+02    2.626036e-06    2.654556e-06    0.000000e+00    0.000000e+00    1.119637e-04    1.092754e-04
  -4.487500e-02   -1.454068e+06   -1.079077e+06   -3.058524e+04   -1.869356e+04    2.071718e-10    0.000000e+00    1.894325e+04    2.318054e+04   -1.011113e-24    0.000000e+00    1.552462e+02    2.022193e+02    2.582803e-06    2.612106e-06    0.000000e+00    0.000000e+00    1.119638e-04    1.092757e-04
  -4.475000e-02   -1.435298e+06   -1.061541e+06   -3.038860e+04   -1.838703e+04    2.071718e-10    0.000000e+00    1.937969e+04    2.360085e+04    3.033340e-24    0.000000e+00    1.627709e+02    2.114051e+02    2.539579e-06    2.569665e-06    0.000000e+00    0.000000e+00    1.119638e-04    1.092760e-04
  -4.462500e-02   -1.416531e+06   -1.044008e+06   -3.019199e+04   -1.808051e+04    2.071718e-10    0.000000e+00    1.981491e+04    2.401428e+04    1.444447e-25    0.000000e+00    1.704668e+02    2.207545e+02    2.496364e-06    2.527232e-06    0.000000e+00    0.000000e+00    1.119639e-04    1.092763e-04
  -4.450000e-02   -1.397767e+06   -1.026479e+06   -2.999540e+04   -1.777403e+04    2.071718e-10    0.000000e+00    2.024892e+04    2.442081e+04    1.444447e-25    0.000000e+00    1.783333e+02    2.302649e+02    2.453158e-06    2.484807e-06    0.000000e+00    0.000000e+00    1.119640e-04    1.092765e-04
  -4.437500e-02   -1.379007e+06   -1.008953e+06   -2.979883e+04   -1.746756e+04    2.071718e-10    0.000000e+00    2.068170e+04    2.482047e+04    4.766677e-24    0.000000e+00    1.863700e+02    2.399336e+02    2.409959e-06    2.442390e-06    0.000000e+00    0.000000e+00    1.119640e-04    1.092768e-04
  -4.425000e-02   -1.360251e+06   -9.914296e+05   -2.960229e+04   -1.716111e+04    2.071718e-10    0.000000e+00    2.111327e+04    2.521324e+04   -4.044453e-24    0.000000e+00    1.945764e+02    2.497580e+02    2.366770e-06    2.399981e-06    0.000000e+00    0.000000e+00    1.119641e-04    1.092771e-04
  -4.412500e-02   -1.341498e+06   -9.739098e+05   -2.940577e+04   -1.685469e+04    2.071718e-10    0.000000e+00    2.154361e+04    2.559914e+04    1.733337e-24    0.000000e+00    2.029521e+02    2.597352e+02    2.323589e-06    2.357580e-06    0.000000e+00    0.000000e+00    1.119641e-04    1.092773e-04
  -4.400000e-02   -1.322748e+06   -9.563931e+05   -2.920928e+04   -1.654829e+04    2.071718e-10    0.000000e+00    2.197274e+04    2.597815e+04   -5.777790e-25    0.000000e+00    2.114965e+02    2.698626e+02    2.280417e-06    2.315187e-06    0.000000e+00    0.000000e+00    1.119641e-04    1.092776e-04
  -4.387500e-02   -1.304002e+06   -9.388795e+05   -2.901280e+04   -1.624190e+04    2.071718e-10    0.000000e+00    2.240065e+04    2.635029e+04   -4.766677e-24    0.000000e+00    2.202092e+02    2.801375e+02    2.237253e-06    2.272800e-06    0.000000e+00    0.000000e+00    1.119641e-04    1.092778e-04
  -4.375000e-02   -1.285259e+06   -9.213689e+05   -2.881635e+04   -1.593554e+04    2.071718e-10    0.000000e+00    2.282734e+04    2.671555e+04    1.155558e-24    0.000000e+00    2.290897e+02    2.905572e+02    2.194098e-06    2.230422e-06    0.000000e+00    0.000000e+00    1.119641e-04    1.092780e-04
  -4.362500e-02   -1.266520e+06   -9.038611e+05   -2.861993e+04   -1.562920e+04    2.071718e-10    0.000000e+00    2.325282e+04    2.707393e+04   -9.388908e-25    0.000000e+00    2.381375e+02    3.011189e+02    2.150951e-06    2.188050e-06    0.000000e+00    0.000000e+00    1.119641e-04    1.092783e-04
  -4.350000e-02   -1.247784e+06   -8.863563e+05   -2.842352e+04   -1.532288e+04    2.071718e-10    0.000000e+00    2.367707e+04    2.742544e+04    2.708339e-25    0.000000e+00    2.473521e+02    3.118201e+02    2.107813e-06    2.145685e-06    0.000000e+00    0.000000e+00    1.119641e-04    1.092785e-04
  -4.337500e-02   -1.229052e+06   -8.688543e+05   -2.822714e+04   -1.501657e+04    2.071718e-10    0.000000e+00    2.410011e+04    2.777007e+04   -1.119447e-24    0.000000e+00    2.567332e+02    3.226579e+02    2.064683e-06    2.103328e-06    0.000000e+00    0.000000e+00    1.119640e-04    1.092787e-04
  -4.325000e-02   -1.210323e+06   -8.513551e+05   -2.803079e+04   -1.471028e+04    2.071718e-10    0.000000e+00    2.452193e+04    2.810783e+04   -1.588892e-24    0.000000e+00    2.662801e+02    3.336297e+02    2.021561e-06    2.060977e-06    0.000000e+00    0.000000e+00    1.119640e-04    1.092790e-04
  -4.312500e-02   -1.191598e+06   -8.338586e+05   -2.783445e+04   -1.440402e+04    2.071718e-10    0.000000e+00    2.494253e+04    2.843872e+04    1.733337e-24    0.000000e+00    2.759924e+02    3.447328e+02    1.978448e-06    2.018633e-06    0.000000e+00    0.000000e+00    1.119639e-04    1.092792e-04
  -4.300000e-02   -1.172876e+06   -8.163647e+05   -2.763814e+04   -1.409777e+04    2.071718e-10    0.000000e+00    2.536191e+04    2.876275e+04    5.055566e-24    0.000000e+00    2.858697e+02    3.559646e+02    1.935343e-06    1.976295e-06    0.000000e+00    0.000000e+00    1.119639e-04    1.092794e-04
  -4.287500e-02   -1.154157e+06   -7.988734e+05   -2.744185e+04   -1.379153e+04    2.071718e-10    0.000000e+00    2.578007e+04    2.907990e+04    0.000000e+00    0.000000e+00    2.959114e+02    3.673222e+02    1.892247e-06    1.933964e-06    0.000000e+00    0.000000e+00    1.119638e-04    1.092796e-04
  -4.275000e-02   -1.135442e+06   -7.813847e+05   -2.724559e+04   -1.348532e+04    2.071718e-10    0.000000e+00    2.619701e+04    2.939018e+04    2.311116e-24    0.000000e+00    3.061170e+02    3.788030e+02    1.849158e-06    1.891639e-06    0.000000e+00    0.000000e+00    1.119637e-04    1.092798e-04
  -4.262500e-02   -1.116730e+06   -7.638984e+05   -2.704934e+04   -1.317912e+04    2.071718e-10    0.000000e+00    2.661273e+04    2.969360e+04    4.044453e-24    0.000000e+00    3.164862e+02    3.904042e+02    1.806078e-06    1.849320e-06    0.000000e+00    0.000000e+00    1.119636e-04    1.092800e-04
  -4.250000e-02   -1.098022e+06   -7.464146e+05   -2.685312e+04   -1.287294e+04    2.071718e-10    0.000000e+00    2.702724e+04    2.999014e+04   -2.311116e-24    0.000000e+00    3.270184e+02    4.021233e+02    1.763007e-06    1.807006e-06    0.000000e+00    0.000000e+00    1.119634e-04    1.092802e-04
  -4.237500e-02   -1.079317e+06   -7.289332e+05   -2.665692e+04   -1.256677e+04    2.071718e-10    0.000000e+00    2.744053e+04    3.027983e+04    6.355569e-24    0.000000e+00    3.377131e+02    4.139576e+02    1.719943e-06    1.764699e-06    0.000000e+00    0.000000e+00    1.119633e-04    1.092804e-04
  -4.225000e-02   -1.060615e+06   -7.114541e+05   -2.646075e+04   -1.226062e+04    2.071718e-10    0.000000e+00    2.785260e+04    3.056265e+04    1.155558e-24    0.000000e+00    3.485699e+02    4.259042e+02    1.676888e-06    1.722398e-06    0.000000e+00    0.000000e+00    1.119632e-04    1.092806e-04
  -4.212500e-02   -1.041916e+06   -6.939773e+05   -2.626460e+04   -1.195448e+04    2.071718e-10    0.000000e+00    2.826345e+04    3.083860e+04   -5.777790e-25    0.000000e+00    3.595883e+02    4.379605e+02    1.633841e-06    1.680102e-06    0.000000e+00    0.000000e+00    1.119630e-04    1.092808e-04
  -4.200000e-02   -1.023221e+06   -6.765026e+05   -2.606847e+04   -1.164836e+04    2.071718e-10    0.000000e+00    2.867308e+04    3.110770e+04   -1.155558e-24    0.000000e+00    3.707677e+02    4.501239e+02    1.590802e-06    1.637811e-06    0.000000e+00    0.000000e+00    1.119628e-04    1.092810e-04
  -4.187500e-02   -1.004529e+06   -6.590301e+05   -2.587236e+04   -1.134226e+04    2.071718e-10    0.000000e+00    2.908149e+04    3.136993e+04    5.777790e-24    0.000000e+00    3.821078e+02    4.623915e+02    1.547771e-06    1.595526e-06    0.000000e+00    0.000000e+00    1.119627e-04    1.092811e-04
  -4.175000e-02   -9.858409e+05   -6.415598e+05   -2.567627e+04   -1.103616e+04    2.071718e-10    0.000000e+00    2.948869e+04    3.162530e+04   -3.466674e-24    0.000000e+00    3.936080e+02    4.747608e+02    1.504749e-06    1.553246e-06    0.000000e+00    0.000000e+00    1.119625e-04    1.092813e-04
  -4.162500e-02   -9.671557e+05   -6.240914e+05   -2.548021e+04   -1.073009e+04    2.071718e-10    0.000000e+00    2.989466e+04    3.187381e+04    5.777790e-24    0.000000e+00    4.052679e+02    4.872291e+02    1.461734e-06    1.510971e-06    0.000000e+00    0.000000e+00    1.119623e-04    1.092815e-04
  -4.150000e-02   -9.484737e+05   -6.066251e+05   -2.528416e+04   -1.042402e+04    2.071718e-10    0.000000e+00    3.029942e+04    3.211546e+04   -3.466674e-24    0.000000e+00    4.170870e+02    4.997936e+02    1.418727e-06    1.468701e-06    0.000000e+00    0.000000e+00    1.119621e-04    1.092816e-04
  -4.137500e-02   -9.297951e+05   -5.891606e+05   -2.508814e+04   -1.011797e+04    2.071718e-10    0.000000e+00    3.070296e+04    3.235025e+04    2.311116e-24    0.000000e+00    4.290648e+02    5.124516e+02    1.375729e-06    1.426435e-06    0.000000e+00    0.000000e+00    1.119618e-04    1.092818e-04
  -4.125000e-02   -9.111197e+05   -5.716981e+05   -2.489214e+04   -9.811928e+03    2.071718e-10    0.000000e+00    3.110528e+04    3.257818e+04   -2.311116e-24    0.000000e+00    4.412008e+02    5.252005e+02    1.332738e-06    1.384174e-06    0.000000e+00    0.000000e+00    1.119616e-04    1.092820e-04
  -4.112500e-02   -8.924476e+05   -5.542374e+05   -2.469617e+04   -9.505900e+03    2.071718e-10    0.000000e+00    3.150638e+04    3.279926e+04   -4.622232e-24    0.000000e+00    4.534946e+02    5.380376e+02    1.289756e-06    1.341918e-06    0.000000e+00    0.000000e+00    1.119614e-04    1.092821e-04
  -4.100000e-02   -8.737788e+05   -5.367784e+05   -2.450021e+04   -9.199885e+03    2.071718e-10    0.000000e+00    3.190626e+04    3.301348e+04   -2.311116e-24    0.000000e+00    4.659456e+02    5.509601e+02    1.246781e-06    1.299666e-06    0.000000e+00    0.000000e+00    1.119611e-04    1.092823e-04
  -4.087500e-02   -8.551131e+05   -5.193212e+05   -2.430428e+04   -8.893880e+03    2.071718e-10    0.000000e+00    3.230493e+04    3.322085e+04   -6.933348e-24    0.000000e+00    4.785535e+02    5.639654e+02    1.203815e-06    1.257418e-06    0.000000e+00    0.000000e+00    1.119608e-04    1.092824e-04
  -4.075000e-02   -8.364507e+05   -5.018656e+05   -2.410837e+04   -8.587887e+03    2.071718e-10    0.000000e+00    3.270237e+04    3.342136e+04    0.000000e+00    0.000000e+00    4.913176e+02    5.770508e+02    1.160856e-06    1.215174e-06    0.000000e+00    0.000000e+00    1.119606e-04    1.092825e-04
  -4.062500e-02   -8.177915e+05   -4.844116e+05   -2.391248e+04   -8.281904e+03    2.071718e-10    0.000000e+00    3.309860e+04    3.361501e+04    9.244464e-24    0.000000e+00    5.042376e+02    5.902136e+02    1.117905e-06    1.172934e-06    0.000000e+00    0.000000e+00    1.119603e-04    1.092827e-04
  -4.050000e-02   -7.991356e+05   -4.669591e+05   -2.371661e+04   -7.975932e+03    2.071718e-10    0.000000e+00    3.349361e+04    3.380181e+04    0.000000e+00    0.000000e+00    5.173130e+02    6.034510e+02    1.074962e-06    1.130698e-06    0.000000e+00    0.000000e+00    1.119600e-04    1.092828e-04
  -4.037500e-02   -7.804828e+05   -4.495081e+05   -2.352076e+04   -7.669970e+03    2.071718e-10    0.000000e+00    3.388740e+04    3.398176e+04   -9.244464e-24    0.000000e+00    5.305432e+02    6.167605e+02    1.032027e-06    1.088465e-06    0.000000e+00    0.000000e+00    1.119596e-04    1.092829e-04
  -4.025000e-02   -7.618332e+05   -4.320586e+05   -2.332494e+04   -7.364017e+03    2.071718e-10    0.000000e+00    3.427997e+04    3.415485e+04    0.000000e+00    0.000000e+00    5.439278e+02    6.301394e+02    9.891000e-07    1.046236e-06    0.000000e+00    0.000000e+00    1.119593e-04    1.092830e-04
  -4.012500e-02   -7.431868e+05   -4.146104e+05   -2.312913e+04   -7.058074e+03    2.071718e-10    0.000000e+00    3.467133e+04    3.432110e+04    9.244464e-24    0.000000e+00    5.574664e+02    6.435848e+02    9.461805e-07    1.004011e-06    0.000000e+00    0.000000e+00    1.119590e-04    1.092832e-04
  -4.000000e-02   -7.245436e+05   -3.971636e+05   -2.293335e+04   -6.752139e+03    2.071718e-10    0.000000e+00    3.506146e+04    3.448049e+04    4.622232e-24    0.000000e+00    5.711584e+02    6.570942e+02    9.032688e-07    9.617883e-07    0.000000e+00    0.000000e+00    1.119586e-04    1.092833e-04
  -4.000000e-02   -3.244688e+03   -1.743610e+03   -1.257451e+02   -2.716288e+00    3.602553e-12    0.000000e+00    3.506146e+04    3.448049e+04   -3.636637e-26    0.000000e+00    5.711584e+02    6.570942e+02    9.032688e-07    9.617883e-07    0.000000e+00    0.000000e+00    1.119586e-04    1.092833e-04
  -3.900000e-02   -3.160320e+03   -1.700259e+03   -1.222962e+02   -2.337080e+00    3.602553e-12    0.000000e+00    3.507585e+04    3.448590e+04   -4.935436e-26    0.000000e+00    6.813298e+02    7.654264e+02    8.793636e-07    9.380477e-07    0.000000e+00    0.000000e+00    1.118783e-04    1.092845e-04
  -3.800000e-02   -3.076175e+03   -1.656990e+03   -1.188478e+02   -1.958036e+00    3.602553e-12    0.000000e+00    3.508989e+04    3.449117e+04    7.273274e-26    0.000000e+00    7.915459e+02    8.737753e+02    8.555841e-07    9.143525e-07    0.000000e+00    0.000000e+00    1.118002e-04    1.092859e-04
  -3.700000e-02   -2.992249e+03   -1.613800e+03   -1.153998e+02   -1.579148e+00    3.602553e-12    0.000000e+00    3.510359e+04    3.449631e+04   -3.896397e-26    0.000000e+00    9.018055e+02    9.821407e+02    8.319266e-07    8.907007e-07    0.000000e+00    0.000000e+00    1.117244e-04    1.092875e-04
  -3.600000e-02   -2.908536e+03   -1.570685e+03   -1.119523e+02   -1.200408e+00    3.602553e-12    0.000000e+00    3.511695e+04    3.450131e+04   -7.143395e-27    0.000000e+00    1.012108e+03    1.090522e+03    8.083873e-07    8.670905e-07    0.000000e+00    0.000000e+00    1.116508e-04    1.092894e-04
  -3.500000e-02   -2.825030e+03   -1.527643e+03   -1.085051e+02   -8.218105e-01    3.602553e-12    0.000000e+00    3.512996e+04    3.450618e+04    2.013138e-26    0.000000e+00    1.122451e+03    1.198919e+03    7.849626e-07    8.435201e-07    0.000000e+00    0.000000e+00    1.115794e-04    1.092913e-04
  -3.400000e-02   -2.741725e+03   -1.484669e+03   -1.050584e+02   -4.433470e-01    3.602553e-12    0.000000e+00    3.514263e+04    3.451091e+04   -4.188627e-26    0.000000e+00    1.232835e+03    1.307330e+03    7.616486e-07    8.199877e-07    0.000000e+00    0.000000e+00    1.115103e-04    1.092935e-04
  -3.300000e-02   -2.658615e+03   -1.441761e+03   -1.016121e+02   -6.501053e-02    3.602553e-12    0.000000e+00    3.515496e+04    3.451551e+04    1.087744e-26    0.000000e+00    1.343258e+03    1.415757e+03    7.384418e-07    7.964914e-07    0.000000e+00    0.000000e+00    1.114434e-04    1.092959e-04
  -3.200000e-02   -2.575695e+03   -1.398915e+03   -9.816612e+01    3.132062e-01    3.602553e-12    0.000000e+00    3.516694e+04    3.451997e+04    3.238880e-26    0.000000e+00    1.453720e+03    1.524198e+03    7.153383e-07    7.730293e-07    0.000000e+00    0.000000e+00    1.113788e-04    1.092984e-04
  -3.100000e-02   -2.492959e+03   -1.356128e+03   -9.472052e+01    6.913104e-01    3.602553e-12    0.000000e+00    3.517859e+04    3.452430e+04   -6.818695e-27    0.000000e+00    1.564218e+03    1.632652e+03    6.923345e-07    7.495996e-07    0.000000e+00    0.000000e+00    1.113164e-04    1.093012e-04
  -3.000000e-02   -2.410401e+03   -1.313396e+03   -9.127528e+01    1.069309e+00    3.602553e-12    0.000000e+00    3.518989e+04    3.452849e+04    7.468094e-27    0.000000e+00    1.674753e+03    1.741120e+03    6.694266e-07    7.262005e-07    0.000000e+00    0.000000e+00    1.112562e-04    1.093041e-04
  -2.900000e-02   -2.328016e+03   -1.270717e+03   -8.783038e+01    1.447210e+00    3.602553e-12    0.000000e+00    3.520084e+04    3.453255e+04   -4.545797e-27    0.000000e+00    1.785322e+03    1.849601e+03    6.466110e-07    7.028302e-07    0.000000e+00    0.000000e+00    1.111983e-04    1.093072e-04
  -2.800000e-02   -2.245798e+03   -1.228086e+03   -8.438581e+01    1.825021e+00    3.602553e-12    0.000000e+00    3.521145e+04    3.453647e+04    6.493995e-27    0.000000e+00    1.895926e+03    1.958094e+03    6.238838e-07    6.794868e-07    0.000000e+00    0.000000e+00    1.111427e-04    1.093105e-04
  -2.700000e-02   -2.163740e+03   -1.185501e+03   -8.094155e+01    2.202748e+00    3.602553e-12    0.000000e+00    3.522172e+04    3.454027e+04   -2.597598e-27    0.000000e+00    2.006562e+03    2.066600e+03    6.012413e-07    6.561685e-07    0.000000e+00    0.000000e+00    1.110893e-04    1.093140e-04
  -2.600000e-02   -2.081838e+03   -1.142958e+03   -7.749760e+01    2.580399e+00    3.602553e-12    0.000000e+00    3.523165e+04    3.454392e+04    9.091593e-27    0.000000e+00    2.117230e+03    2.175117e+03    5.786800e-07    6.328734e-07    0.000000e+00    0.000000e+00    1.110381e-04    1.093177e-04
  -2.500000e-02   -2.000085e+03   -1.100453e+03   -7.405394e+01    2.957980e+00    3.602553e-12    0.000000e+00    3.524124e+04    3.454745e+04   -1.493619e-26    0.000000e+00    2.227928e+03    2.283646e+03    5.561959e-07    6.095998e-07    0.000000e+00    0.000000e+00    1.109891e-04    1.093215e-04
  -2.400000e-02   -1.918476e+03   -1.057985e+03   -7.061057e+01    3.335500e+00    3.602553e-12    0.000000e+00    3.525048e+04    3.455084e+04   -1.298799e-27    0.000000e+00    2.338656e+03    2.392185e+03    5.337854e-07    5.863458e-07    0.000000e+00    0.000000e+00    1.109425e-04    1.093256e-04
  -2.300000e-02   -1.837004e+03   -1.015548e+03   -6.716746e+01    3.712966e+00    3.602553e-12    0.000000e+00    3.525938e+04    3.455409e+04    2.078078e-26    0.000000e+00    2.449413e+03    2.500735e+03    5.114449e-07    5.631095e-07    0.000000e+00    0.000000e+00    1.108980e-04    1.093298e-04
  -2.200000e-02   -1.755665e+03   -9.731409e+02   -6.372461e+01    4.090384e+00    3.602553e-12    0.000000e+00    3.526793e+04    3.455722e+04   -1.493619e-26    0.000000e+00    2.560197e+03    2.609295e+03    4.891704e-07    5.398893e-07    0.000000e+00    0.000000e+00    1.108558e-04    1.093343e-04
  -2.100000e-02   -1.674453e+03   -9.307590e+02   -6.028200e+01    4.467763e+00    3.602553e-12    0.000000e+00    3.527614e+04    3.456021e+04   -3.896397e-27    0.000000e+00    2.671007e+03    2.717864e+03    4.669585e-07    5.166831e-07    0.000000e+00    0.000000e+00    1.108158e-04    1.093389e-04
  -2.000000e-02   -1.593361e+03   -8.883994e+02   -5.683962e+01    4.845108e+00    3.602553e-12    0.000000e+00    3.528401e+04    3.456307e+04    7.143395e-27    0.000000e+00    2.781843e+03    2.826443e+03    4.448052e-07    4.934892e-07    0.000000e+00    0.000000e+00    1.107781e-04    1.093437e-04
  -1.900000e-02   -1.512384e+03   -8.460588e+02   -5.339747e+01    5.222428e+00    3.602553e-12    0.000000e+00    3.529154e+04    3.456579e+04   -6.493995e-28    0.000000e+00    2.892703e+03    2.935030e+03    4.227069e-07    4.703059e-07    0.000000e+00    0.000000e+00    1.107426e-04    1.093487e-04
  -1.800000e-02   -1.431517e+03   -8.037339e+02   -4.995552e+01    5.599730e+00    3.602553e-12    0.000000e+00    3.529872e+04    3.456838e+04    5.195196e-27    0.000000e+00    3.003586e+03    3.043626e+03    4.006599e-07    4.471312e-07    0.000000e+00    0.000000e+00    1.107094e-04    1.093538e-04
  -1.700000e-02   -1.350753e+03   -7.614214e+02   -4.651377e+01    5.977020e+00    3.602553e-12    0.000000e+00    3.530556e+04    3.457084e+04   -1.363739e-26    0.000000e+00    3.114491e+03    3.152229e+03    3.786605e-07    4.239633e-07    0.000000e+00    0.000000e+00    1.106784e-04    1.093592e-04
  -1.600000e-02   -1.270086e+03   -7.191180e+02   -4.307220e+01    6.354307e+00    3.602553e-12    0.000000e+00    3.531206e+04    3.457317e+04   -2.337838e-26    0.000000e+00    3.225417e+03    3.260841e+03    3.567049e-07    4.008004e-07    0.000000e+00    0.000000e+00    1.106497e-04    1.093648e-04
  -1.500000e-02   -1.189512e+03   -6.768204e+02   -3.963080e+01    6.731596e+00    3.602553e-12    0.000000e+00    3.531822e+04    3.457536e+04   -2.922298e-27    0.000000e+00    3.336362e+03    3.369459e+03    3.347894e-07    3.776407e-07    0.000000e+00    0.000000e+00    1.106232e-04    1.093705e-04
  -1.400000e-02   -1.109024e+03   -6.345252e+02   -3.618956e+01    7.108897e+00    3.602553e-12    0.000000e+00    3.532403e+04    3.457742e+04    1.623499e-27    0.000000e+00    3.447327e+03    3.478084e+03    3.129103e-07    3.544824e-07    0.000000e+00    0.000000e+00    1.105989e-04    1.093764e-04
  -1.300000e-02   -1.028616e+03   -5.922291e+02   -3.274847e+01    7.486215e+00    3.602553e-12    0.000000e+00    3.532950e+04    3.457935e+04    1.396209e-26    0.000000e+00    3.558309e+03    3.586715e+03    2.910639e-07    3.313237e-07    0.000000e+00    0.000000e+00    1.105769e-04    1.093826e-04
  -1.200000e-02   -9.482828e+02   -5.499290e+02   -2.930751e+01    7.863558e+00    3.602553e-12    0.000000e+00    3.533462e+04    3.458114e+04   -6.818695e-27    0.000000e+00    3.669308e+03    3.695352e+03    2.692464e-07    3.081627e-07    0.000000e+00    0.000000e+00    1.105571e-04    1.093889e-04
  -1.100000e-02   -8.680187e+02   -5.076214e+02   -2.586668e+01    8.240933e+00    3.602553e-12    0.000000e+00    3.533940e+04    3.458280e+04    1.241977e-26    0.000000e+00    3.780323e+03    3.803995e+03    2.474542e-07    2.849976e-07    0.000000e+00    0.000000e+00    1.105396e-04    1.093954e-04
  -1.000000e-02   -7.878179e+02   -4.653030e+02   -2.242595e+01    8.618348e+00    3.602553e-12    0.000000e+00    3.534384e+04    3.458433e+04   -2.753196e-26    0.000000e+00    3.891352e+03    3.912642e+03    2.256834e-07    2.618265e-07    0.000000e+00    0.000000e+00    1.105243e-04    1.094020e-04
  -9.000000e-03   -7.076746e+02   -4.229706e+02   -1.898533e+01    8.995809e+00    3.602553e-12    0.000000e+00    3.534794e+04    3.458573e+04   -7.224569e-27    0.000000e+00    4.002394e+03    4.021294e+03    2.039305e-07    2.386477e-07    0.000000e+00    0.000000e+00    1.105113e-04    1.094089e-04
  -8.000000e-03   -6.275830e+02   -3.806208e+02   -1.554479e+01    9.373324e+00    3.602553e-12    0.000000e+00    3.535169e+04    3.458699e+04    9.416293e-27    0.000000e+00    4.113449e+03    4.129951e+03    1.821916e-07    2.154594e-07    0.000000e+00    0.000000e+00    1.105005e-04    1.094160e-04
  -7.000000e-03   -5.475373e+02   -3.382504e+02   -1.210432e+01    9.750901e+00    3.602553e-12    0.000000e+00    3.535511e+04    3.458812e+04    1.493619e-26    0.000000e+00    4.224515e+03    4.238611e+03    1.604630e-07    1.922597e-07    0.000000e+00    0.000000e+00    1.104919e-04    1.094232e-04
  -6.000000e-03   -4.675319e+02   -2.958560e+02   -8.663919e+00    1.012855e+01    3.602553e-12    0.000000e+00    3.535817e+04    3.458911e+04   -1.298799e-26    0.000000e+00    4.335591e+03    4.347274e+03    1.387411e-07    1.690467e-07    0.000000e+00    0.000000e+00    1.104856e-04    1.094307e-04
  -5.000000e-03   -3.875610e+02   -2.534343e+02   -5.223566e+00    1.050627e+01    3.602553e-12    0.000000e+00    3.536090e+04    3.458998e+04   -2.207958e-26    0.000000e+00    4.446676e+03    4.455940e+03    1.170221e-07    1.458188e-07    0.000000e+00    0.000000e+00    1.104816e-04    1.094383e-04
  -4.000000e-03   -3.076187e+02   -2.109820e+02   -1.783250e+00    1.088407e+01    3.602553e-12    0.000000e+00    3.536328e+04    3.459071e+04    6.493995e-28    0.000000e+00    4.557770e+03    4.564609e+03    9.530226e-08    1.225739e-07    0.000000e+00    0.000000e+00    1.104797e-04    1.094461e-04
  -3.000000e-03   -2.276995e+02   -1.684957e+02    1.657041e+00    1.126196e+01    3.602553e-12    0.000000e+00    3.536532e+04    3.459130e+04    2.597598e-27    0.000000e+00    4.668870e+03    4.673280e+03    7.357788e-08    9.931042e-08    0.000000e+00    0.000000e+00    1.104802e-04    1.094541e-04
  -2.000000e-03   -1.477975e+02   -1.259723e+02    5.097318e+00    1.163995e+01    3.602553e-12    0.000000e+00    3.536702e+04    3.459176e+04   -1.623499e-26    0.000000e+00    4.779976e+03    4.781953e+03    5.184525e-08    7.602639e-08    0.000000e+00    0.000000e+00    1.104828e-04    1.094623e-04
  -1.000000e-03   -6.790693e+01   -8.340827e+01    8.537594e+00    1.201805e+01    3.602553e-12    0.000000e+00    3.536837e+04    3.459209e+04   -1.948199e-27    0.000000e+00    4.891087e+03    4.890626e+03    3.010063e-08    5.272001e-08    0.000000e+00    0.000000e+00    1.104877e-04    1.094706e-04
   0.000000e+00    1.197788e+01   -4.080040e+01    1.197788e+01    1.239625e+01    3.602553e-12    0.000000e+00    3.536938e+04    3.459229e+04    0.000000e+00    0.000000e+00    5.002201e+03    4.999301e+03    8.340315e-09    2.938946e-08    0.000000e+00    0.000000e+00    1.104949e-04    1.094792e-04
   1.000000e-03    9.186272e+01    1.854652e+00    1.541819e+01    1.277458e+01    3.602553e-12    0.000000e+00    3.537005e+04    3.459235e+04    6.493995e-27    0.000000e+00    5.113319e+03    5.107976e+03   -1.343943e-08    6.032911e-09    0.000000e+00    0.000000e+00    1.105043e-04    1.094880e-04
   2.000000e-03    1.717533e+02    4.456022e+01    1.885854e+01    1.315303e+01    3.602553e-12    0.000000e+00    3.537037e+04    3.459228e+04    1.428679e-26    0.000000e+00    5.224437e+03    5.216651e+03   -3.524231e-08   -1.735148e-08    0.000000e+00    0.000000e+00    1.105159e-04    1.094969e-04
   3.000000e-03    2.516555e+02    8.731963e+01    2.229893e+01    1.353161e+01    3.602553e-12    0.000000e+00    3.537035e+04    3.459207e+04    3.896397e-27    0.000000e+00    5.335557e+03    5.325325e+03   -5.707206e-08   -4.076554e-08    0.000000e+00    0.000000e+00    1.105298e-04    1.095060e-04
   4.000000e-03    3.315749e+02    1.301362e+02    2.573938e+01    1.391034e+01    3.602553e-12    0.000000e+00    3.536999e+04    3.459173e+04   -1.298799e-26    0.000000e+00    5.446675e+03    5.433999e+03   -7.893240e-08   -6.421110e-08    0.000000e+00    0.000000e+00    1.105459e-04    1.095153e-04
   5.000000e-03    4.115173e+02    1.730133e+02    2.917990e+01    1.428921e+01    3.602553e-12    0.000000e+00    3.536928e+04    3.459125e+04   -4.545797e-27    0.000000e+00    5.557792e+03    5.542672e+03   -1.008270e-07   -8.769001e-08    0.000000e+00    0.000000e+00    1.105643e-04    1.095248e-04
   6.000000e-03    4.914885e+02    2.159542e+02    3.262051e+01    1.466824e+01    3.602553e-12    0.000000e+00    3.536824e+04    3.459064e+04    1.948199e-26    0.000000e+00    5.668907e+03    5.651342e+03   -1.227597e-07   -1.112041e-07    0.000000e+00    0.000000e+00    1.105849e-04    1.095345e-04
   7.000000e-03    5.714942e+02    2.589623e+02    3.606122e+01    1.504743e+01    3.602553e-12    0.000000e+00    3.536685e+04    3.458989e+04   -2.597598e-27    0.000000e+00    5.780017e+03    5.760011e+03   -1.447341e-07   -1.347552e-07    0.000000e+00    0.000000e+00    1.106078e-04    1.095444e-04
   8.000000e-03    6.515402e+02    3.020409e+02    3.950203e+01    1.542679e+01    3.602553e-12    0.000000e+00    3.536511e+04    3.458901e+04   -1.103979e-26    0.000000e+00    5.891122e+03    5.868677e+03   -1.667540e-07   -1.583452e-07    0.000000e+00    0.000000e+00    1.106329e-04    1.095545e-04
   9.000000e-03    7.316322e+02    3.451934e+02    4.294296e+01    1.580633e+01    3.602553e-12    0.000000e+00    3.536304e+04    3.458800e+04    1.623499e-26    0.000000e+00    6.002222e+03    5.977340e+03   -1.888231e-07   -1.819759e-07    0.000000e+00    0.000000e+00    1.106602e-04    1.095647e-04
   1.000000e-02    8.117760e+02    3.884231e+02    4.638402e+01    1.618606e+01    3.602553e-12    0.000000e+00    3.536062e+04    3.458684e+04    2.987238e-26    0.000000e+00    6.113314e+03    6.085999e+03   -2.109451e-07   -2.056491e-07    0.000000e+00    0.000000e+00    1.106898e-04    1.095752e-04
   1.100000e-02    8.919773e+02    4.317333e+02    4.982523e+01    1.656597e+01    3.602553e-12    0.000000e+00    3.535785e+04    3.458556e+04    3.896397e-27    0.000000e+00    6.224399e+03    6.194655e+03   -2.331237e-07   -2.293668e-07    0.000000e+00    0.000000e+00    1.107216e-04    1.095858e-04
   1.200000e-02    9.722419e+02    4.751275e+02    5.326660e+01    1.694609e+01    3.602553e-12    0.000000e+00    3.535475e+04    3.458413e+04    2.678773e-26    0.000000e+00    6.335474e+03    6.303307e+03   -2.553627e-07   -2.531307e-07    0.000000e+00    0.000000e+00    1.107557e-04    1.095966e-04
   1.300000e-02    1.052575e+03    5.186090e+02    5.670813e+01    1.732641e+01    3.602553e-12    0.000000e+00    3.535130e+04    3.458257e+04   -2.435248e-27    0.000000e+00    6.446539e+03    6.411954e+03   -2.776658e-07   -2.769427e-07    0.000000e+00    0.000000e+00    1.107920e-04    1.096076e-04
   1.400000e-02    1.132984e+03    5.621811e+02    6.014985e+01    1.770694e+01    3.602553e-12    0.000000e+00    3.534751e+04    3.458087e+04   -1.136449e-26    0.000000e+00    6.557592e+03    6.520595e+03   -3.000366e-07   -3.008047e-07    0.000000e+00    0.000000e+00    1.108306e-04    1.096188e-04
   1.500000e-02    1.213473e+03    6.058473e+02    6.359176e+01    1.808770e+01    3.602553e-12    0.000000e+00    3.534337e+04    3.457904e+04   -3.896397e-27    0.000000e+00    6.668633e+03    6.629231e+03   -3.224790e-07   -3.247185e-07    0.000000e+00    0.000000e+00    1.108714e-04    1.096302e-04
   1.600000e-02    1.294048e+03    6.496108e+02    6.703387e+01    1.846868e+01    3.602553e-12    0.000000e+00    3.533890e+04    3.457707e+04   -1.688439e-26    0.000000e+00    6.779660e+03    6.737862e+03   -3.449966e-07   -3.486860e-07    0.000000e+00    0.000000e+00    1.109145e-04    1.096417e-04
   1.700000e-02    1.374715e+03    6.934752e+02    7.047620e+01    1.884990e+01    3.602553e-12    0.000000e+00    3.533407e+04    3.457496e+04   -1.298799e-26    0.000000e+00    6.890673e+03    6.846485e+03   -3.675932e-07   -3.727091e-07    0.000000e+00    0.000000e+00    1.109598e-04    1.096535e-04
   1.800000e-02    1.455480e+03    7.374437e+02    7.391877e+01    1.923137e+01    3.602553e-12    0.000000e+00    3.532891e+04    3.457271e+04   -5.195196e-27    0.000000e+00    7.001670e+03    6.955102e+03   -3.902724e-07   -3.967895e-07    0.000000e+00    0.000000e+00    1.110073e-04    1.096654e-04
   1.900000e-02    1.536348e+03    7.815198e+02    7.736157e+01    1.961308e+01    3.602553e-12    0.000000e+00    3.532340e+04    3.457032e+04   -5.195196e-27    0.000000e+00    7.112651e+03    7.063712e+03   -4.130381e-07   -4.209293e-07    0.000000e+00    0.000000e+00    1.110571e-04    1.096776e-04
   2.000000e-02    1.617326e+03    8.257069e+02    8.080463e+01    1.999505e+01    3.602553e-12    0.000000e+00    3.531756e+04    3.456780e+04    2.597598e-27    0.000000e+00    7.223613e+03    7.172314e+03   -4.358938e-07   -4.451302e-07    0.000000e+00    0.000000e+00    1.111091e-04    1.096899e-04
   2.100000e-02    1.698419e+03    8.700084e+02    8.424795e+01    2.037729e+01    3.602553e-12    0.000000e+00    3.531136e+04    3.456513e+04    0.000000e+00    0.000000e+00    7.334557e+03    7.280908e+03   -4.588435e-07   -4.693942e-07    0.000000e+00    0.000000e+00    1.111634e-04    1.097024e-04
   2.200000e-02    1.779632e+03    9.144276e+02    8.769155e+01    2.075980e+01    3.602553e-12    0.000000e+00    3.530483e+04    3.456233e+04   -3.376877e-26    0.000000e+00    7.445481e+03    7.389493e+03   -4.818906e-07   -4.937231e-07    0.000000e+00    0.000000e+00    1.112199e-04    1.097151e-04
   2.300000e-02    1.860972e+03    9.589680e+02    9.113544e+01    2.114259e+01    3.602553e-12    0.000000e+00    3.529795e+04    3.455939e+04    2.597598e-27    0.000000e+00    7.556383e+03    7.498069e+03   -5.050391e-07   -5.181188e-07    0.000000e+00    0.000000e+00    1.112787e-04    1.097280e-04
   2.400000e-02    1.942445e+03    1.003633e+03    9.457964e+01    2.152567e+01    3.602553e-12    0.000000e+00    3.529073e+04    3.455631e+04    1.039039e-26    0.000000e+00    7.667264e+03    7.606636e+03   -5.282926e-07   -5.425832e-07    0.000000e+00    0.000000e+00    1.113397e-04    1.097411e-04
   2.500000e-02    2.024055e+03    1.048426e+03    9.802415e+01    2.190905e+01    3.602553e-12    0.000000e+00    3.528316e+04    3.455308e+04    1.558559e-26    0.000000e+00    7.778121e+03    7.715193e+03   -5.516548e-07   -5.671181e-07    0.000000e+00    0.000000e+00    1.114029e-04    1.097543e-04
   2.600000e-02    2.105809e+03    1.093351e+03    1.014690e+02    2.229272e+01    3.602553e-12    0.000000e+00    3.527526e+04    3.454972e+04    1.039039e-26    0.000000e+00    7.888954e+03    7.823739e+03   -5.751294e-07   -5.917256e-07    0.000000e+00    0.000000e+00    1.114684e-04    1.097678e-04
   2.700000e-02    2.187713e+03    1.138410e+03    1.049142e+02    2.267671e+01    3.602553e-12    0.000000e+00    3.526701e+04    3.454621e+04    5.195196e-27    0.000000e+00    7.999761e+03    7.932275e+03   -5.987202e-07   -6.164074e-07    0.000000e+00    0.000000e+00    1.115362e-04    1.097814e-04
   2.800000e-02    2.269771e+03    1.183608e+03    1.083597e+02    2.306102e+01    3.602553e-12    0.000000e+00    3.525841e+04    3.454257e+04    1.039039e-26    0.000000e+00    8.110542e+03    8.040799e+03   -6.224309e-07   -6.411654e-07    0.000000e+00    0.000000e+00    1.116061e-04    1.097952e-04
   2.900000e-02    2.351991e+03    1.228948e+03    1.118056e+02    2.344565e+01    3.602553e-12    0.000000e+00    3.524948e+04    3.453878e+04   -1.039039e-26    0.000000e+00    8.221296e+03    8.149312e+03   -6.462653e-07   -6.660017e-07    0.000000e+00    0.000000e+00    1.116784e-04    1.098092e-04
   3.000000e-02    2.434378e+03    1.274433e+03    1.152518e+02    2.383061e+01    3.602553e-12    0.000000e+00    3.524020e+04    3.453484e+04   -1.039039e-26    0.000000e+00    8.332021e+03    8.257813e+03   -6.702269e-07   -6.909181e-07    0.000000e+00    0.000000e+00    1.117528e-04    1.098234e-04
   3.100000e-02    2.516937e+03    1.320067e+03    1.186985e+02    2.421592e+01    3.602553e-12    0.000000e+00    3.523058e+04    3.453077e+04    2.078078e-26    0.000000e+00    8.442716e+03    8.366301e+03   -6.943196e-07   -7.159164e-07    0.000000e+00    0.000000e+00    1.118295e-04    1.098378e-04
   3.200000e-02    2.599674e+03    1.365853e+03    1.221455e+02    2.460157e+01    3.602553e-12    0.000000e+00    3.522061e+04    3.452655e+04    0.000000e+00    0.000000e+00    8.553381e+03    8.474776e+03   -7.185471e-07   -7.409987e-07    0.000000e+00    0.000000e+00    1.119085e-04    1.098524e-04
   3.300000e-02    2.682596e+03    1.411795e+03    1.255930e+02    2.498758e+01    3.602553e-12    0.000000e+00    3.521030e+04    3.452219e+04    0.000000e+00    0.000000e+00    8.664013e+03    8.583237e+03   -7.429131e-07   -7.661668e-07    0.000000e+00    0.000000e+00    1.119897e-04    1.098671e-04
   3.400000e-02    2.765707e+03    1.457896e+03    1.290409e+02    2.537395e+01    3.602553e-12    0.000000e+00    3.519965e+04    3.451768e+04   -4.156157e-26    0.000000e+00    8.774613e+03    8.691685e+03   -7.674212e-07   -7.914227e-07    0.000000e+00    0.000000e+00    1.120731e-04    1.098821e-04
   3.500000e-02    2.849014e+03    1.504159e+03    1.324892e+02    2.576069e+01    3.602553e-12    0.000000e+00    3.518866e+04    3.451303e+04   -2.078078e-26    0.000000e+00    8.885179e+03    8.800118e+03   -7.920754e-07   -8.167683e-07    0.000000e+00    0.000000e+00    1.121588e-04    1.098972e-04
   3.600000e-02    2.932522e+03    1.550589e+03    1.359380e+02    2.614781e+01    3.602553e-12    0.000000e+00    3.517732e+04    3.450823e+04    0.000000e+00    0.000000e+00    8.995709e+03    8.908536e+03   -8.168792e-07   -8.422056e-07    0.000000e+00    0.000000e+00    1.122467e-04    1.099125e-04
   3.700000e-02    3.016237e+03    1.597189e+03    1.393872e+02    2.653532e+01    3.602553e-12    0.000000e+00    3.516564e+04    3.450328e+04   -2.078078e-26    0.000000e+00    9.106204e+03    9.016939e+03   -8.418363e-07   -8.677364e-07    0.000000e+00    0.000000e+00    1.123369e-04    1.099281e-04
   3.800000e-02    3.100164e+03    1.643962e+03    1.428369e+02    2.692322e+01    3.602553e-12    0.000000e+00    3.515362e+04    3.449819e+04   -2.078078e-26    0.000000e+00    9.216661e+03    9.125327e+03   -8.669506e-07   -8.933627e-07    0.000000e+00    0.000000e+00    1.124293e-04    1.099438e-04
   3.900000e-02    3.184311e+03    1.690912e+03    1.462871e+02    2.731153e+01    3.602553e-12    0.000000e+00    3.514125e+04    3.449295e+04    2.078078e-26    0.000000e+00    9.327080e+03    9.233698e+03   -8.922257e-07   -9.190865e-07    0.000000e+00    0.000000e+00    1.125240e-04    1.099596e-04
   4.000000e-02    3.268681e+03    1.738042e+03    1.497378e+02    2.770024e+01    3.602553e-12    0.000000e+00    3.512855e+04    3.448757e+04    4.156157e-26    0.000000e+00    9.437459e+03    9.342052e+03   -9.176653e-07   -9.449098e-07    0.000000e+00    0.000000e+00    1.126209e-04    1.099757e-04
   4.000000e-02    7.271228e+05    3.928847e+05    2.508422e+04    8.877649e+03    2.071718e-10    0.000000e+00    3.512855e+04    3.448757e+04    1.617781e-23    0.000000e+00    9.437459e+03    9.342052e+03   -9.176653e-07   -9.449098e-07    0.000000e+00    0.000000e+00    1.126209e-04    1.099757e-04
   4.012500e-02    7.457675e+05    4.104438e+05    2.528120e+04    9.185534e+03    2.071718e-10    0.000000e+00    3.473757e+04    3.432983e+04   -6.355569e-24    0.000000e+00    9.451178e+03    9.355565e+03   -9.608476e-07   -9.874040e-07    0.000000e+00    0.000000e+00    1.126214e-04    1.099757e-04
   4.025000e-02    7.644153e+05    4.280043e+05    2.547819e+04    9.493428e+03    2.071718e-10    0.000000e+00    3.434538e+04    3.416521e+04    1.588892e-23    0.000000e+00    9.464742e+03    9.369014e+03   -1.004038e-06   -1.029901e-06    0.000000e+00    0.000000e+00    1.126218e-04    1.099757e-04
   4.037500e-02    7.830664e+05    4.455661e+05    2.567521e+04    9.801332e+03    2.071718e-10    0.000000e+00    3.395197e+04    3.399368e+04    1.502225e-23    0.000000e+00    9.478152e+03    9.382397e+03   -1.047236e-06   -1.072402e-06    0.000000e+00    0.000000e+00    1.126222e-04    1.099757e-04
   4.050000e-02    8.017206e+05    4.631294e+05    2.587225e+04    1.010924e+04    2.071718e-10    0.000000e+00    3.355734e+04    3.381526e+04   -1.430003e-23    0.000000e+00    9.491408e+03    9.395712e+03   -1.090442e-06   -1.114907e-06    0.000000e+00    0.000000e+00    1.126227e-04    1.099757e-04
   4.062500e-02    8.203780e+05    4.806941e+05    2.606931e+04    1.041717e+04    2.071718e-10    0.000000e+00    3.316149e+04    3.362994e+04    6.066679e-24    0.000000e+00    9.504508e+03    9.408955e+03   -1.133656e-06   -1.157415e-06    0.000000e+00    0.000000e+00    1.126231e-04    1.099757e-04
   4.075000e-02    8.390386e+05    4.982604e+05    2.626639e+04    1.072510e+04    2.071718e-10    0.000000e+00    3.276443e+04    3.343772e+04    2.166671e-24    0.000000e+00    9.517452e+03    9.422124e+03   -1.176877e-06   -1.199926e-06    0.000000e+00    0.000000e+00    1.126235e-04    1.099757e-04
   4.087500e-02    8.577024e+05    5.158284e+05    2.646349e+04    1.103305e+04    2.071718e-10    0.000000e+00    3.236614e+04    3.323861e+04    3.538896e-24    0.000000e+00    9.530241e+03    9.435216e+03   -1.220107e-06   -1.242442e-06    0.000000e+00    0.000000e+00    1.126239e-04    1.099757e-04
   4.100000e-02    8.763695e+05    5.333979e+05    2.666062e+04    1.134100e+04    2.071718e-10    0.000000e+00    3.196664e+04    3.303259e+04   -1.715281e-24    0.000000e+00    9.542872e+03    9.448228e+03   -1.263345e-06   -1.284962e-06    0.000000e+00    0.000000e+00    1.126242e-04    1.099756e-04
   4.112500e-02    8.950398e+05    5.509692e+05    2.685777e+04    1.164897e+04    2.071718e-10    0.000000e+00    3.156592e+04    3.281968e+04    3.394452e-24    0.000000e+00    9.555347e+03    9.461159e+03   -1.306590e-06   -1.327486e-06    0.000000e+00    0.000000e+00    1.126246e-04    1.099756e-04
   4.125000e-02    9.137133e+05    5.685423e+05    2.705494e+04    1.195695e+04    2.071718e-10    0.000000e+00    3.116398e+04    3.259986e+04   -2.094449e-24    0.000000e+00    9.567664e+03    9.474004e+03   -1.349844e-06   -1.370014e-06    0.000000e+00    0.000000e+00    1.126250e-04    1.099756e-04
   4.137500e-02    9.323901e+05    5.861172e+05    2.725213e+04    1.226495e+04    2.071718e-10    0.000000e+00    3.076082e+04    3.237314e+04    6.066679e-24    0.000000e+00    9.579823e+03    9.486762e+03   -1.393106e-06   -1.412547e-06    0.000000e+00    0.000000e+00    1.126253e-04    1.099755e-04
   4.150000e-02    9.510702e+05    6.036940e+05    2.744934e+04    1.257295e+04    2.071718e-10    0.000000e+00    3.035644e+04    3.213952e+04   -5.777790e-25    0.000000e+00    9.591823e+03    9.499429e+03   -1.436376e-06   -1.455085e-06    0.000000e+00    0.000000e+00    1.126257e-04    1.099755e-04
   4.162500e-02    9.697535e+05    6.212727e+05    2.764658e+04    1.288097e+04    2.071718e-10    0.000000e+00    2.995085e+04    3.189900e+04   -2.888895e-25    0.000000e+00    9.603665e+03    9.512003e+03   -1.479653e-06   -1.497627e-06    0.000000e+00    0.000000e+00    1.126260e-04    1.099754e-04
   4.175000e-02    9.884402e+05    6.388534e+05    2.784383e+04    1.318900e+04    2.071718e-10    0.000000e+00    2.954403e+04    3.165158e+04    4.766677e-24    0.000000e+00    9.615346e+03    9.524481e+03   -1.522939e-06   -1.540174e-06    0.000000e+00    0.000000e+00    1.126263e-04    1.099754e-04
   4.187500e-02    1.007130e+06    6.564362e+05    2.804111e+04    1.349705e+04    2.071718e-10    0.000000e+00    2.913600e+04    3.139725e+04   -2.455561e-24    0.000000e+00    9.626868e+03    9.536861e+03   -1.566234e-06   -1.582726e-06    0.000000e+00    0.000000e+00    1.126266e-04    1.099753e-04
   4.200000e-02    1.025823e+06    6.740211e+05    2.823842e+04    1.380511e+04    2.071718e-10    0.000000e+00    2.872675e+04    3.113601e+04    5.200011e-24    0.000000e+00    9.638229e+03    9.549140e+03   -1.609536e-06   -1.625283e-06    0.000000e+00    0.000000e+00    1.126269e-04    1.099753e-04
   4.212500e-02    1.044520e+06    6.916081e+05    2.843574e+04    1.411319e+04    2.071718e-10    0.000000e+00    2.831628e+04    3.086787e+04    1.011113e-24    0.000000e+00    9.649430e+03    9.561314e+03   -1.652847e-06   -1.667846e-06    0.000000e+00    0.000000e+00    1.126272e-04    1.099752e-04
   4.225000e-02    1.063220e+06    7.091974e+05    2.863309e+04    1.442128e+04    2.071718e-10    0.000000e+00    2.790459e+04    3.059283e+04   -7.222237e-25    0.000000e+00    9.660469e+03    9.573382e+03   -1.696165e-06   -1.710414e-06    0.000000e+00    0.000000e+00    1.126274e-04    1.099751e-04
   4.237500e-02    1.081923e+06    7.267889e+05    2.883046e+04    1.472938e+04    2.071718e-10    0.000000e+00    2.749168e+04    3.031087e+04    4.188898e-24    0.000000e+00    9.671346e+03    9.585341e+03   -1.739492e-06   -1.752988e-06    0.000000e+00    0.000000e+00    1.126277e-04    1.099751e-04
   4.250000e-02    1.100630e+06    7.443828e+05    2.902785e+04    1.503750e+04    2.071718e-10    0.000000e+00    2.707755e+04    3.002201e+04    3.177784e-24    0.000000e+00    9.682060e+03    9.597188e+03   -1.782828e-06   -1.795567e-06    0.000000e+00    0.000000e+00    1.126279e-04    1.099750e-04
   4.262500e-02    1.119340e+06    7.619791e+05    2.922527e+04    1.534564e+04    2.071718e-10    0.000000e+00    2.666221e+04    2.972623e+04   -2.744450e-24    0.000000e+00    9.692612e+03    9.608919e+03   -1.826171e-06   -1.838152e-06    0.000000e+00    0.000000e+00    1.126281e-04    1.099749e-04
   4.275000e-02    1.138053e+06    7.795778e+05    2.942271e+04    1.565380e+04    2.071718e-10    0.000000e+00    2.624565e+04    2.942355e+04    2.888895e-25    0.000000e+00    9.703001e+03    9.620534e+03   -1.869523e-06   -1.880744e-06    0.000000e+00    0.000000e+00    1.126284e-04    1.099748e-04
   4.287500e-02    1.156769e+06    7.971790e+05    2.962017e+04    1.596197e+04    2.071718e-10    0.000000e+00    2.582787e+04    2.911395e+04   -2.888895e-24    0.000000e+00    9.713225e+03    9.632028e+03   -1.912883e-06   -1.923341e-06    0.000000e+00    0.000000e+00    1.126286e-04    1.099747e-04
   4.300000e-02    1.175490e+06    8.147828e+05    2.981765e+04    1.627016e+04    2.071718e-10    0.000000e+00    2.540886e+04    2.879745e+04    1.011113e-24    0.000000e+00    9.723286e+03    9.643399e+03   -1.956252e-06   -1.965945e-06    0.000000e+00    0.000000e+00    1.126288e-04    1.099746e-04
   4.312500e-02    1.194213e+06    8.323892e+05    3.001516e+04    1.657836e+04    2.071718e-10    0.000000e+00    2.498865e+04    2.847402e+04   -4.261120e-24    0.000000e+00    9.733181e+03    9.654644e+03   -1.999629e-06   -2.008555e-06    0.000000e+00    0.000000e+00    1.126290e-04    1.099745e-04
   4.325000e-02    1.212940e+06    8.499982e+05    3.021269e+04    1.688659e+04    2.071718e-10    0.000000e+00    2.456721e+04    2.814369e+04    7.222237e-25    0.000000e+00    9.742911e+03    9.665761e+03   -2.043014e-06   -2.051171e-06    0.000000e+00    0.000000e+00    1.126291e-04    1.099744e-04
   4.337500e-02    1.231670e+06    8.676100e+05    3.041025e+04    1.719483e+04    2.071718e-10    0.000000e+00    2.414455e+04    2.780644e+04    4.188898e-24    0.000000e+00    9.752476e+03    9.676747e+03   -2.086408e-06   -2.093794e-06    0.000000e+00    0.000000e+00    1.126293e-04    1.099743e-04
   4.350000e-02    1.250404e+06    8.852245e+05    3.060782e+04    1.750309e+04    2.071718e-10    0.000000e+00    2.372068e+04    2.746227e+04    7.222237e-25    0.000000e+00    9.761874e+03    9.687600e+03   -2.129810e-06   -2.136424e-06    0.000000e+00    0.000000e+00    1.126294e-04    1.099742e-04
   4.362500e-02    1.269141e+06    9.028419e+05    3.080542e+04    1.781138e+04    2.071718e-10    0.000000e+00    2.329558e+04    2.711118e+04   -2.726395e-24    0.000000e+00    9.771106e+03    9.698315e+03   -2.173221e-06   -2.179062e-06    0.000000e+00    0.000000e+00    1.126296e-04    1.099741e-04
   4.375000e-02    1.287882e+06    9.204622e+05    3.100305e+04    1.811968e+04    2.071718e-10    0.000000e+00    2.286927e+04    2.675318e+04    6.351522e-25    0.000000e+00    9.780170e+03    9.708892e+03   -2.216640e-06   -2.221706e-06    0.000000e+00    0.000000e+00    1.126297e-04    1.099740e-04
   4.387500e-02    1.306626e+06    9.380855e+05    3.120069e+04    1.842800e+04    2.071718e-10    0.000000e+00    2.244174e+04    2.638825e+04   -2.004171e-24    0.000000e+00    9.789067e+03    9.719326e+03   -2.260068e-06   -2.264357e-06    0.000000e+00    0.000000e+00    1.126298e-04    1.099738e-04
   4.400000e-02    1.325373e+06    9.557117e+05    3.139836e+04    1.873634e+04    2.071718e-10    0.000000e+00    2.201299e+04    2.601641e+04    5.055566e-24    0.000000e+00    9.797796e+03    9.729616e+03   -2.303504e-06   -2.307016e-06    0.000000e+00    0.000000e+00    1.126299e-04    1.099737e-04
   4.412500e-02    1.344124e+06    9.733410e+05    3.159606e+04    1.904470e+04    2.071718e-10    0.000000e+00    2.158303e+04    2.563764e+04    2.888895e-25    0.000000e+00    9.806356e+03    9.739759e+03   -2.346949e-06   -2.349682e-06    0.000000e+00    0.000000e+00    1.126300e-04    1.099736e-04
   4.425000e-02    1.362879e+06    9.909734e+05    3.179377e+04    1.935309e+04    2.071718e-10    0.000000e+00    2.115184e+04    2.525195e+04    3.033340e-24    0.000000e+00    9.814747e+03    9.749751e+03   -2.390403e-06   -2.392356e-06    0.000000e+00    0.000000e+00    1.126301e-04    1.099734e-04
   4.437500e-02    1.381637e+06    1.008609e+06    3.199151e+04    1.966149e+04    2.071718e-10    0.000000e+00    2.071944e+04    2.485933e+04    1.083336e-24    0.000000e+00    9.822968e+03    9.759590e+03   -2.433865e-06   -2.435038e-06    0.000000e+00    0.000000e+00    1.126302e-04    1.099733e-04
   4.450000e-02    1.400398e+06    1.026248e+06    3.218928e+04    1.996992e+04    2.071718e-10    0.000000e+00    2.028581e+04    2.445979e+04    1.733337e-24    0.000000e+00    9.831020e+03    9.769274e+03   -2.477336e-06   -2.477727e-06    0.000000e+00    0.000000e+00    1.126302e-04    1.099731e-04
   4.462500e-02    1.419163e+06    1.043890e+06    3.238707e+04    2.027837e+04    2.071718e-10    0.000000e+00    1.985097e+04    2.405332e+04   -8.666685e-25    0.000000e+00    9.838900e+03    9.778800e+03   -2.520815e-06   -2.520425e-06    0.000000e+00    0.000000e+00    1.126303e-04    1.099730e-04
   4.475000e-02    1.437931e+06    1.061535e+06    3.258488e+04    2.058684e+04    2.071718e-10    0.000000e+00    1.941491e+04    2.363992e+04   -1.155558e-24    0.000000e+00    9.846610e+03    9.788165e+03   -2.564303e-06   -2.563131e-06    0.000000e+00    0.000000e+00    1.126303e-04    1.099728e-04
   4.487500e-02    1.456704e+06    1.079184e+06    3.278271e+04    2.089533e+04    2.071718e-10    0.000000e+00    1.897763e+04    2.321959e+04    8.666685e-25    0.000000e+00    9.854149e+03    9.797366e+03   -2.607800e-06   -2.605845e-06    0.000000e+00    0.000000e+00    1.126303e-04    1.099727e-04
   4.500000e-02    1.475479e+06    1.096837e+06    3.298057e+04    2.120385e+04    2.071718e-10    0.000000e+00    1.853913e+04    2.279233e+04    7.222237e-25    0.000000e+00    9.861515e+03    9.806401e+03   -2.651306e-06   -2.648568e-06    0.000000e+00    0.000000e+00    1.126303e-04    1.099725e-04
   4.512500e-02    1.494258e+06    1.114492e+06    3.317846e+04    2.151239e+04    2.071718e-10    0.000000e+00    1.809942e+04    2.235813e+04    3.177784e-24    0.000000e+00    9.868709e+03    9.815266e+03   -2.694820e-06   -2.691299e-06    0.000000e+00    0.000000e+00    1.126304e-04    1.099723e-04
   4.525000e-02    1.513041e+06    1.132152e+06    3.337637e+04    2.182096e+04    2.071718e-10    0.000000e+00    1.765848e+04    2.191701e+04   -2.888895e-25    0.000000e+00    9.875730e+03    9.823960e+03   -2.738344e-06   -2.734039e-06    0.000000e+00    0.000000e+00    1.126303e-04    1.099722e-04
   4.537500e-02    1.531827e+06    1.149815e+06    3.357430e+04    2.212955e+04    2.071718e-10    0.000000e+00    1.721633e+04    2.146894e+04   -3.755563e-24    0.000000e+00    9.882578e+03    9.832479e+03   -2.781876e-06   -2.776788e-06    0.000000e+00    0.000000e+00    1.126303e-04    1.099720e-04
   4.550000e-02    1.550617e+06    1.167482e+06    3.377226e+04    2.243816e+04    2.071718e-10    0.000000e+00    1.677296e+04    2.101394e+04    1.444447e-25    0.000000e+00    9.889251e+03    9.840821e+03   -2.825417e-06   -2.819546e-06    0.000000e+00    0.000000e+00    1.126303e-04    1.099718e-04
   4.562500e-02    1.569411e+06    1.185152e+06    3.397024e+04    2.274681e+04    2.071718e-10    0.000000e+00    1.632837e+04    2.055201e+04   -1.444447e-24    0.000000e+00    9.895751e+03    9.848982e+03   -2.868966e-06   -2.862313e-06    0.000000e+00    0.000000e+00    1.126302e-04    1.099716e-04
   4.575000e-02    1.588208e+06    1.202826e+06    3.416824e+04    2.305547e+04    2.071718e-10    0.000000e+00    1.588256e+04    2.008313e+04    1.011113e-24    0.000000e+00    9.902075e+03    9.856961e+03   -2.912525e-06   -2.905089e-06    0.000000e+00    0.000000e+00    1.126302e-04    1.099714e-04
   4.587500e-02    1.607008e+06    1.220504e+06    3.436627e+04    2.336416e+04    2.071718e-10    0.000000e+00    1.543553e+04    1.960731e+04    1.588892e-24    0.000000e+00    9.908225e+03    9.864755e+03   -2.956093e-06   -2.947875e-06    0.000000e+00    0.000000e+00    1.126301e-04    1.099712e-04
   4.600000e-02    1.625813e+06    1.238186e+06    3.456433e+04    2.367288e+04    2.071718e-10    0.000000e+00    1.498728e+04    1.912454e+04    5.777790e-24    0.000000e+00    9.914198e+03    9.872360e+03   -2.999669e-06   -2.990670e-06    0.000000e+00    0.000000e+00    1.126300e-04    1.099710e-04
   4.612500e-02    1.644621e+06    1.255872e+06    3.476240e+04    2.398163e+04    2.071718e-10    0.000000e+00    1.453782e+04    1.863484e+04    2.888895e-25    0.000000e+00    9.919996e+03    9.879774e+03   -3.043255e-06   -3.033476e-06    0.000000e+00    0.000000e+00    1.126299e-04    1.099708e-04
   4.625000e-02    1.663432e+06    1.273562e+06    3.496051e+04    2.429040e+04    2.071718e-10    0.000000e+00    1.408714e+04    1.813818e+04    5.850012e-24    0.000000e+00    9.925616e+03    9.886995e+03   -3.086849e-06   -3.076291e-06    0.000000e+00    0.000000e+00    1.126298e-04    1.099706e-04
   4.637500e-02    1.682247e+06    1.291256e+06    3.515864e+04    2.459920e+04    2.071718e-10    0.000000e+00    1.363523e+04    1.763458e+04   -2.816673e-24    0.000000e+00    9.931059e+03    9.894019e+03   -3.130453e-06   -3.119116e-06    0.000000e+00    0.000000e+00    1.126297e-04    1.099704e-04
   4.650000e-02    1.701066e+06    1.308954e+06    3.535679e+04    2.490803e+04    2.071718e-10    0.000000e+00    1.318211e+04    1.712403e+04   -1.931948e-24    0.000000e+00    9.936325e+03    9.900844e+03   -3.174066e-06   -3.161951e-06    0.000000e+00    0.000000e+00    1.126296e-04    1.099702e-04
   4.662500e-02    1.719889e+06    1.326657e+06    3.555497e+04    2.521689e+04    2.071718e-10    0.000000e+00    1.272778e+04    1.660653e+04    2.744450e-24    0.000000e+00    9.941412e+03    9.907467e+03   -3.217687e-06   -3.204796e-06    0.000000e+00    0.000000e+00    1.126295e-04    1.099699e-04
   4.675000e-02    1.738715e+06    1.344363e+06    3.575317e+04    2.552577e+04    2.071718e-10    0.000000e+00    1.227222e+04    1.608208e+04    6.933348e-24    0.000000e+00    9.946321e+03    9.913886e+03   -3.261318e-06   -3.247652e-06    0.000000e+00    0.000000e+00    1.126293e-04    1.099697e-04
   4.687500e-02    1.757545e+06    1.362074e+06    3.595140e+04    2.583469e+04    2.071718e-10    0.000000e+00    1.181544e+04    1.555067e+04   -2.166671e-24    0.000000e+00    9.951051e+03    9.920097e+03   -3.304958e-06   -3.290518e-06    0.000000e+00    0.000000e+00    1.126292e-04    1.099695e-04
   4.700000e-02    1.776379e+06    1.379790e+06    3.614965e+04    2.614363e+04    2.071718e-10    0.000000e+00    1.135745e+04    1.501231e+04    7.222237e-25    0.000000e+00    9.955601e+03    9.926098e+03   -3.348607e-06   -3.333395e-06    0.000000e+00    0.000000e+00    1.126290e-04    1.099692e-04
   4.712500e-02    1.795216e+06    1.397509e+06    3.634793e+04    2.645260e+04    2.071718e-10    0.000000e+00    1.089823e+04    1.446699e+04   -2.888895e-24    0.000000e+00    9.959970e+03    9.931887e+03   -3.392265e-06   -3.376283e-06    0.000000e+00    0.000000e+00    1.126288e-04    1.099690e-04
   4.725000e-02    1.814057e+06    1.415233e+06    3.654623e+04    2.676161e+04    2.071718e-10    0.000000e+00    1.043780e+04    1.391471e+04    2.888895e-25    0.000000e+00    9.964160e+03    9.937460e+03   -3.435932e-06   -3.419182e-06    0.000000e+00    0.000000e+00    1.126286e-04    1.099688e-04
   4.737500e-02    1.832902e+06    1.432962e+06    3.674456e+04    2.707064e+04    2.071718e-10    0.000000e+00    9.976151e+03    1.335546e+04   -5.777790e-25    0.000000e+00    9.968168e+03    9.942814e+03   -3.479609e-06   -3.462092e-06    0.000000e+00    0.000000e+00    1.126284e-04    1.099685e-04
   4.750000e-02    1.851750e+06    1.450695e+06    3.694291e+04    2.737971e+04    2.071718e-10    0.000000e+00    9.513282e+03    1.278926e+04    5.777790e-25    0.000000e+00    9.971995e+03    9.947948e+03   -3.523295e-06   -3.505013e-06    0.000000e+00    0.000000e+00    1.126282e-04    1.099682e-04
   4.762500e-02    1.870603e+06    1.468433e+06    3.714129e+04    2.768880e+04    2.071718e-10    0.000000e+00    9.049195e+03    1.221609e+04    2.311116e-24    0.000000e+00    9.975640e+03    9.952858e+03   -3.566990e-06   -3.547945e-06    0.000000e+00    0.000000e+00    1.126280e-04    1.099680e-04
   4.775000e-02    1.889459e+06    1.486176e+06    3.733970e+04    2.799793e+04    2.071718e-10    0.000000e+00    8.583888e+03    1.163595e+04    2.311116e-24    0.000000e+00    9.979102e+03    9.957542e+03   -3.610694e-06   -3.590889e-06    0.000000e+00    0.000000e+00    1.126277e-04    1.099677e-04
   4.787500e-02    1.908319e+06    1.503923e+06    3.753813e+04    2.830709e+04    2.071718e-10    0.000000e+00    8.117364e+03    1.104885e+04   -2.888895e-24    0.000000e+00    9.982381e+03    9.961996e+03   -3.654408e-06   -3.633845e-06    0.000000e+00    0.000000e+00    1.126275e-04    1.099675e-04
   4.800000e-02    1.927182e+06    1.521675e+06    3.773658e+04    2.861629e+04    2.071718e-10    0.000000e+00    7.649620e+03    1.045478e+04   -1.155558e-24    0.000000e+00    9.985477e+03    9.966219e+03   -3.698131e-06   -3.676812e-06    0.000000e+00    0.000000e+00    1.126272e-04    1.099672e-04
   4.812500e-02    1.946050e+06    1.539432e+06    3.793506e+04    2.892551e+04    2.071718e-10    0.000000e+00    7.180658e+03    9.853728e+03   -3.466674e-24    0.000000e+00    9.988389e+03    9.970206e+03   -3.741863e-06   -3.719792e-06    0.000000e+00    0.000000e+00    1.126269e-04    1.099669e-04
   4.825000e-02    1.964921e+06    1.557194e+06    3.813357e+04    2.923477e+04    2.071718e-10    0.000000e+00    6.710478e+03    9.245707e+03   -3.466674e-24    0.000000e+00    9.991116e+03    9.973957e+03   -3.785605e-06   -3.762783e-06    0.000000e+00    0.000000e+00    1.126266e-04    1.099666e-04
   4.837500e-02    1.983796e+06    1.574961e+06    3.833210e+04    2.954406e+04    2.071718e-10    0.000000e+00    6.239079e+03    8.630710e+03    0.000000e+00    0.000000e+00    9.993659e+03    9.977467e+03   -3.829356e-06   -3.805787e-06    0.000000e+00    0.000000e+00    1.126263e-04    1.099663e-04
   4.850000e-02    2.002675e+06    1.592733e+06    3.853066e+04    2.985339e+04    2.071718e-10    0.000000e+00    5.766461e+03    8.008735e+03    8.088906e-24    0.000000e+00    9.996016e+03    9.980734e+03   -3.873117e-06   -3.848803e-06    0.000000e+00    0.000000e+00    1.126260e-04    1.099660e-04
   4.862500e-02    2.021557e+06    1.610510e+06    3.872925e+04    3.016275e+04    2.071718e-10    0.000000e+00    5.292625e+03    7.379780e+03    4.622232e-24    0.000000e+00    9.998188e+03    9.983756e+03   -3.916887e-06   -3.891831e-06    0.000000e+00    0.000000e+00    1.126257e-04    1.099658e-04
   4.875000e-02    2.040444e+06    1.628292e+06    3.892786e+04    3.047215e+04    2.071718e-10    0.000000e+00    4.817570e+03    6.743842e+03   -2.311116e-24    0.000000e+00    1.000017e+04    9.986530e+03   -3.960666e-06   -3.934873e-06    0.000000e+00    0.000000e+00    1.126254e-04    1.099655e-04
   4.887500e-02    2.059334e+06    1.646080e+06    3.912649e+04    3.078158e+04    2.071718e-10    0.000000e+00    4.341297e+03    6.100921e+03    2.311116e-24    0.000000e+00    1.000197e+04    9.989052e+03   -4.004455e-06   -3.977926e-06    0.000000e+00    0.000000e+00    1.126250e-04    1.099651e-04
   4.900000e-02    2.078229e+06    1.663872e+06    3.932516e+04    3.109104e+04    2.071718e-10    0.000000e+00    3.863805e+03    5.451014e+03   -4.622232e-24    0.000000e+00    1.000358e+04    9.991320e+03   -4.048254e-06   -4.020993e-06    0.000000e+00    0.000000e+00    1.126247e-04    1.099648e-04
   4.912500e-02    2.097127e+06    1.681670e+06    3.952384e+04    3.140055e+04    2.071718e-10    0.000000e+00    3.385094e+03    4.794118e+03   -4.622232e-24    0.000000e+00    1.000501e+04    9.993332e+03   -4.092062e-06   -4.064073e-06    0.000000e+00    0.000000e+00    1.126243e-04    1.099645e-04
   4.925000e-02    2.116029e+06    1.699474e+06    3.972256e+04    3.171009e+04    2.071718e-10    0.000000e+00    2.905165e+03    4.130232e+03    4.622232e-24    0.000000e+00    1.000624e+04    9.995085e+03   -4.135880e-06   -4.107166e-06    0.000000e+00    0.000000e+00    1.126239e-04    1.099642e-04
   4.937500e-02    2.134935e+06    1.717283e+06    3.992130e+04    3.201966e+04    2.071718e-10    0.000000e+00    2.424017e+03    3.459354e+03   -6.933348e-24    0.000000e+00    1.000729e+04    9.996575e+03   -4.179707e-06   -4.150272e-06    0.000000e+00    0.000000e+00    1.126235e-04    1.099639e-04
   4.950000e-02    2.153844e+06    1.735097e+06    4.012007e+04    3.232927e+04    2.071718e-10    0.000000e+00    1.941651e+03    2.781481e+03    0.000000e+00    0.000000e+00    1.000814e+04    9.997801e+03   -4.223544e-06   -4.193392e-06    0.000000e+00    0.000000e+00    1.126231e-04    1.099636e-04
   4.962500e-02    2.172758e+06    1.752917e+06    4.031886e+04    3.263892e+04    2.071718e-10    0.000000e+00    1.458066e+03    2.096611e+03   -9.244464e-24    0.000000e+00    1.000881e+04    9.998759e+03   -4.267391e-06   -4.236526e-06    0.000000e+00    0.000000e+00    1.126227e-04    1.099632e-04
   4.975000e-02    2.191676e+06    1.770742e+06    4.051768e+04    3.294861e+04    2.071718e-10    0.000000e+00    9.732626e+02    1.404743e+03    0.000000e+00    0.000000e+00    1.000929e+04    9.999447e+03   -4.311247e-06   -4.279673e-06    0.000000e+00    0.000000e+00    1.126223e-04    1.099629e-04
   4.987500e-02    2.210597e+06    1.788573e+06    4.071653e+04    3.325834e+04    2.071718e-10    0.000000e+00    4.872406e+02    7.058731e+02   -4.622232e-24    0.000000e+00    1.000958e+04    9.999861e+03   -4.355113e-06   -4.322834e-06    0.000000e+00    0.000000e+00    1.126218e-04    1.099625e-04
   5.000000e-02    2.229523e+06    1.806410e+06    4.091540e+04    3.356810e+04    2.071718e-10    0.000000e+00    3.894635e-06    5.647326e-06    0.000000e+00    0.000000e+00    1.000967e+04    1.000000e+04   -4.398988e-06   -4.366009e-06    0.000000e+00    0.000000e+00    1.126214e-04    1.099622e-04
