# caseC -- MSG-RM vs EXACT (Pagano) benchmark 3,  S = a/h = 10
# reference surface: MID-SURFACE (fraction = 0.5) everywhere
# stations: x = 0 (s13, Q1 = q0/p), x = a/2 (s33)
# plies: face(10mm/0), core(80mm/0), face(10mm/0)
# 
# RM 8x8 ABDG (rows e11,e22,g12,k11,k22,k12,2g13,2g23):
#     2.676256e+09   4.578599e+07   0.000000e+00  -1.766256e-08   4.873425e-10   0.000000e+00   0.000000e+00   0.000000e+00
#     4.578599e+07   2.538014e+08   0.000000e+00   6.161599e-10   5.950332e-10   0.000000e+00   0.000000e+00   0.000000e+00
#     0.000000e+00   0.000000e+00   1.327320e+08   0.000000e+00   0.000000e+00  -5.859264e-10   0.000000e+00   0.000000e+00
#    -1.742973e-08   7.201732e-10   0.000000e+00   5.372408e+06   9.292491e+04   0.000000e+00   0.000000e+00   0.000000e+00
#     6.161599e-10   5.077217e-10   0.000000e+00   9.292491e+04   4.467503e+05   0.000000e+00   0.000000e+00   0.000000e+00
#     0.000000e+00   0.000000e+00  -5.859264e-10   0.000000e+00   0.000000e+00   2.569404e+05   0.000000e+00   0.000000e+00
#     0.000000e+00   0.000000e+00   0.000000e+00   0.000000e+00   0.000000e+00   0.000000e+00   1.098543e+07   6.128804e-07
#     0.000000e+00   0.000000e+00   0.000000e+00   0.000000e+00   0.000000e+00   0.000000e+00   6.128804e-07   1.085562e+07
# 
# INPUT FROM STATICS ONLY (statics_fsdt.py sec. 1): Q1(0) = q0/p = 3183.1
#   FF_end (x=0) = [0, 0, 0, 0, 0, 0, 3183.1, 0]
#   plate w(a/2) = 1.113410e-04 ; exact w = 1.094792e-04
# 
# transverse-shear stiffness, the two constructions:
#   G_whitney (complementary energy, Whitney JAM 40 (1973) Eq. (7)):
#     [[ 2.611228e+07,  0.000000e+00], [ 0.000000e+00,  2.574391e+07]]
#   G_msg (MSG-RM least-squares projection, Yu 2003 Eq. 61):
#     [[ 1.098543e+07,  6.128804e-07], [ 6.128804e-07,  1.085562e+07]]
#   k1^2 (statics_fsdt.whitney_k1sq, used in the FSDT curve): 0.082762
#   (uniform-k reference 5/6 = 0.8333;  A55 = 1.327320e+08)
# 
# THREE STANDALONE CHAINS, out-of-plane stresses only:
#   exact   Pagano cyl. bending (JCM 3 (1969) 398-411; Garg Eqs. 18-24)
#   MSG-RM  statics Q1 -> 8x8 inversion -> Eq.-63 recovery -> s33 by
#           through-thickness equilibrium of the recovered s13 amplitude
#   FSDT    statics Q1 -> staircase C55(z) Q1/(k1^2 A55); NO s33 in FSDT
# rel L2 errors vs exact:  s13   9.167%  (FSDT-Whitney 5269.13%)   s33   0.824%
# s33 top-face closure: 1.0000 q0
# 
# columns: z[m]  s13_msg  s13_exact  s13_fsdt  s33_msg  s33_exact  [Pa]
  -5.000000e-02    2.371800e-08    5.660081e-08    1.797979e+06    0.000000e+00    8.890834e-22
  -4.987500e-02    4.863460e+02    7.040300e+02    1.797979e+06    9.549382e-02    1.384637e-01
  -4.975000e-02    9.714747e+02    1.401101e+03    1.797979e+06    3.817363e-01    5.520330e-01
  -4.962500e-02    1.455386e+03    2.091216e+03    1.797979e+06    8.582492e-01    1.237976e+00
  -4.950000e-02    1.938080e+03    2.774377e+03    1.797979e+06    1.524555e+00    2.193560e+00
  -4.937500e-02    2.419556e+03    3.450585e+03    1.797979e+06    2.380175e+00    3.416056e+00
  -4.925000e-02    2.899815e+03    4.119844e+03    1.797979e+06    3.424631e+00    4.902734e+00
  -4.912500e-02    3.378857e+03    4.782155e+03    1.797979e+06    4.657445e+00    6.650865e+00
  -4.900000e-02    3.856682e+03    5.437520e+03    1.797979e+06    6.078140e+00    8.657720e+00
  -4.887500e-02    4.333289e+03    6.085941e+03    1.797979e+06    7.686237e+00    1.092057e+01
  -4.875000e-02    4.808678e+03    6.727421e+03    1.797979e+06    9.481258e+00    1.343670e+01
  -4.862500e-02    5.282850e+03    7.361962e+03    1.797979e+06    1.146272e+01    1.620337e+01
  -4.850000e-02    5.755805e+03    7.989565e+03    1.797979e+06    1.363016e+01    1.921786e+01
  -4.837500e-02    6.227542e+03    8.610232e+03    1.797979e+06    1.598308e+01    2.247745e+01
  -4.825000e-02    6.698062e+03    9.223967e+03    1.797979e+06    1.852102e+01    2.597942e+01
  -4.812500e-02    7.167365e+03    9.830769e+03    1.797979e+06    2.124349e+01    2.972103e+01
  -4.800000e-02    7.635450e+03    1.043064e+04    1.797979e+06    2.415002e+01    3.369958e+01
  -4.787500e-02    8.102318e+03    1.102359e+04    1.797979e+06    2.724012e+01    3.791233e+01
  -4.775000e-02    8.567969e+03    1.160961e+04    1.797979e+06    3.051332e+01    4.235657e+01
  -4.762500e-02    9.032402e+03    1.218870e+04    1.797979e+06    3.396915e+01    4.702959e+01
  -4.750000e-02    9.495617e+03    1.276088e+04    1.797979e+06    3.760712e+01    5.192865e+01
  -4.737500e-02    9.957616e+03    1.332613e+04    1.797979e+06    4.142675e+01    5.705105e+01
  -4.725000e-02    1.041840e+04    1.388446e+04    1.797979e+06    4.542757e+01    6.239406e+01
  -4.712500e-02    1.087796e+04    1.443588e+04    1.797979e+06    4.960910e+01    6.795498e+01
  -4.700000e-02    1.133631e+04    1.498038e+04    1.797979e+06    5.397086e+01    7.373107e+01
  -4.687500e-02    1.179344e+04    1.551797e+04    1.797979e+06    5.851238e+01    7.971964e+01
  -4.675000e-02    1.224935e+04    1.604865e+04    1.797979e+06    6.323317e+01    8.591796e+01
  -4.662500e-02    1.270404e+04    1.657242e+04    1.797979e+06    6.813275e+01    9.232331e+01
  -4.650000e-02    1.315752e+04    1.708928e+04    1.797979e+06    7.321066e+01    9.893300e+01
  -4.637500e-02    1.360978e+04    1.759923e+04    1.797979e+06    7.846640e+01    1.057443e+02
  -4.625000e-02    1.406082e+04    1.810228e+04    1.797979e+06    8.389951e+01    1.127545e+02
  -4.612500e-02    1.451064e+04    1.859843e+04    1.797979e+06    8.950950e+01    1.199609e+02
  -4.600000e-02    1.495925e+04    1.908767e+04    1.797979e+06    9.529590e+01    1.273608e+02
  -4.587500e-02    1.540664e+04    1.957002e+04    1.797979e+06    1.012582e+02    1.349514e+02
  -4.575000e-02    1.585281e+04    2.004546e+04    1.797979e+06    1.073960e+02    1.427301e+02
  -4.562500e-02    1.629777e+04    2.051401e+04    1.797979e+06    1.137088e+02    1.506942e+02
  -4.550000e-02    1.674150e+04    2.097566e+04    1.797979e+06    1.201960e+02    1.588409e+02
  -4.537500e-02    1.718402e+04    2.143042e+04    1.797979e+06    1.268573e+02    1.671675e+02
  -4.525000e-02    1.762533e+04    2.187829e+04    1.797979e+06    1.336921e+02    1.756714e+02
  -4.512500e-02    1.806541e+04    2.231926e+04    1.797979e+06    1.406999e+02    1.843498e+02
  -4.500000e-02    1.850428e+04    2.275335e+04    1.797979e+06    1.478804e+02    1.932000e+02
  -4.487500e-02    1.894193e+04    2.318054e+04    1.797979e+06    1.552329e+02    2.022193e+02
  -4.475000e-02    1.937836e+04    2.360085e+04    1.797979e+06    1.627571e+02    2.114051e+02
  -4.462500e-02    1.981358e+04    2.401428e+04    1.797979e+06    1.704524e+02    2.207545e+02
  -4.450000e-02    2.024758e+04    2.442081e+04    1.797979e+06    1.783184e+02    2.302649e+02
  -4.437500e-02    2.068036e+04    2.482047e+04    1.797979e+06    1.863546e+02    2.399336e+02
  -4.425000e-02    2.111192e+04    2.521324e+04    1.797979e+06    1.945605e+02    2.497580e+02
  -4.412500e-02    2.154227e+04    2.559914e+04    1.797979e+06    2.029356e+02    2.597352e+02
  -4.400000e-02    2.197140e+04    2.597815e+04    1.797979e+06    2.114795e+02    2.698626e+02
  -4.387500e-02    2.239931e+04    2.635029e+04    1.797979e+06    2.201917e+02    2.801375e+02
  -4.375000e-02    2.282600e+04    2.671555e+04    1.797979e+06    2.290716e+02    2.905572e+02
  -4.362500e-02    2.325148e+04    2.707393e+04    1.797979e+06    2.381189e+02    3.011189e+02
  -4.350000e-02    2.367574e+04    2.742544e+04    1.797979e+06    2.473331e+02    3.118201e+02
  -4.337500e-02    2.409878e+04    2.777007e+04    1.797979e+06    2.567136e+02    3.226579e+02
  -4.325000e-02    2.452061e+04    2.810783e+04    1.797979e+06    2.662600e+02    3.336297e+02
  -4.312500e-02    2.494121e+04    2.843872e+04    1.797979e+06    2.759718e+02    3.447328e+02
  -4.300000e-02    2.536060e+04    2.876275e+04    1.797979e+06    2.858485e+02    3.559646e+02
  -4.287500e-02    2.577878e+04    2.907990e+04    1.797979e+06    2.958897e+02    3.673222e+02
  -4.275000e-02    2.619573e+04    2.939018e+04    1.797979e+06    3.060949e+02    3.788030e+02
  -4.262500e-02    2.661147e+04    2.969360e+04    1.797979e+06    3.164635e+02    3.904042e+02
  -4.250000e-02    2.702599e+04    2.999014e+04    1.797979e+06    3.269952e+02    4.021233e+02
  -4.237500e-02    2.743929e+04    3.027983e+04    1.797979e+06    3.376895e+02    4.139576e+02
  -4.225000e-02    2.785138e+04    3.056265e+04    1.797979e+06    3.485458e+02    4.259042e+02
  -4.212500e-02    2.826224e+04    3.083860e+04    1.797979e+06    3.595636e+02    4.379605e+02
  -4.200000e-02    2.867190e+04    3.110770e+04    1.797979e+06    3.707426e+02    4.501239e+02
  -4.187500e-02    2.908033e+04    3.136993e+04    1.797979e+06    3.820823e+02    4.623915e+02
  -4.175000e-02    2.948754e+04    3.162530e+04    1.797979e+06    3.935820e+02    4.747608e+02
  -4.162500e-02    2.989354e+04    3.187381e+04    1.797979e+06    4.052415e+02    4.872291e+02
  -4.150000e-02    3.029832e+04    3.211546e+04    1.797979e+06    4.170601e+02    4.997936e+02
  -4.137500e-02    3.070189e+04    3.235025e+04    1.797979e+06    4.290375e+02    5.124516e+02
  -4.125000e-02    3.110423e+04    3.257818e+04    1.797979e+06    4.411731e+02    5.252005e+02
  -4.112500e-02    3.150536e+04    3.279926e+04    1.797979e+06    4.534665e+02    5.380376e+02
  -4.100000e-02    3.190527e+04    3.301348e+04    1.797979e+06    4.659171e+02    5.509601e+02
  -4.087500e-02    3.230397e+04    3.322085e+04    1.797979e+06    4.785246e+02    5.639654e+02
  -4.075000e-02    3.270145e+04    3.342136e+04    1.797979e+06    4.912884e+02    5.770508e+02
  -4.062500e-02    3.309771e+04    3.361501e+04    1.797979e+06    5.042080e+02    5.902136e+02
  -4.050000e-02    3.349275e+04    3.380181e+04    1.797979e+06    5.172830e+02    6.034510e+02
  -4.037500e-02    3.388657e+04    3.398176e+04    1.797979e+06    5.305129e+02    6.167605e+02
  -4.025000e-02    3.427918e+04    3.415485e+04    1.797979e+06    5.438972e+02    6.301394e+02
  -4.012500e-02    3.467057e+04    3.432110e+04    1.797979e+06    5.574355e+02    6.435848e+02
  -4.000000e-02    3.506074e+04    3.448049e+04    1.797979e+06    5.711272e+02    6.570942e+02
  -4.000000e-02    3.506074e+04    3.448049e+04    3.126542e+04    5.711272e+02    6.570942e+02
  -3.900000e-02    3.507430e+04    3.448590e+04    3.126542e+04    6.812950e+02    7.654264e+02
  -3.800000e-02    3.508752e+04    3.449117e+04    3.126542e+04    7.915050e+02    8.737753e+02
  -3.700000e-02    3.510039e+04    3.449631e+04    3.126542e+04    9.017559e+02    9.821407e+02
  -3.600000e-02    3.511292e+04    3.450131e+04    3.126542e+04    1.012047e+03    1.090522e+03
  -3.500000e-02    3.512511e+04    3.450618e+04    3.126542e+04    1.122376e+03    1.198919e+03
  -3.400000e-02    3.513695e+04    3.451091e+04    3.126542e+04    1.232744e+03    1.307330e+03
  -3.300000e-02    3.514845e+04    3.451551e+04    3.126542e+04    1.343148e+03    1.415757e+03
  -3.200000e-02    3.515961e+04    3.451997e+04    3.126542e+04    1.453587e+03    1.524198e+03
  -3.100000e-02    3.517042e+04    3.452430e+04    3.126542e+04    1.564062e+03    1.632652e+03
  -3.000000e-02    3.518089e+04    3.452849e+04    3.126542e+04    1.674569e+03    1.741120e+03
  -2.900000e-02    3.519102e+04    3.453255e+04    3.126542e+04    1.785109e+03    1.849601e+03
  -2.800000e-02    3.520080e+04    3.453647e+04    3.126542e+04    1.895680e+03    1.958094e+03
  -2.700000e-02    3.521024e+04    3.454027e+04    3.126542e+04    2.006282e+03    2.066600e+03
  -2.600000e-02    3.521934e+04    3.454392e+04    3.126542e+04    2.116912e+03    2.175117e+03
  -2.500000e-02    3.522809e+04    3.454745e+04    3.126542e+04    2.227571e+03    2.283646e+03
  -2.400000e-02    3.523650e+04    3.455084e+04    3.126542e+04    2.338256e+03    2.392185e+03
  -2.300000e-02    3.524457e+04    3.455409e+04    3.126542e+04    2.448968e+03    2.500735e+03
  -2.200000e-02    3.525229e+04    3.455722e+04    3.126542e+04    2.559704e+03    2.609295e+03
  -2.100000e-02    3.525967e+04    3.456021e+04    3.126542e+04    2.670464e+03    2.717864e+03
  -2.000000e-02    3.526671e+04    3.456307e+04    3.126542e+04    2.781246e+03    2.826443e+03
  -1.900000e-02    3.527340e+04    3.456579e+04    3.126542e+04    2.892051e+03    2.935030e+03
  -1.800000e-02    3.527975e+04    3.456838e+04    3.126542e+04    3.002875e+03    3.043626e+03
  -1.700000e-02    3.528576e+04    3.457084e+04    3.126542e+04    3.113719e+03    3.152229e+03
  -1.600000e-02    3.529143e+04    3.457317e+04    3.126542e+04    3.224582e+03    3.260841e+03
  -1.500000e-02    3.529675e+04    3.457536e+04    3.126542e+04    3.335461e+03    3.369459e+03
  -1.400000e-02    3.530173e+04    3.457742e+04    3.126542e+04    3.446357e+03    3.478084e+03
  -1.300000e-02    3.530636e+04    3.457935e+04    3.126542e+04    3.557268e+03    3.586715e+03
  -1.200000e-02    3.531065e+04    3.458114e+04    3.126542e+04    3.668193e+03    3.695352e+03
  -1.100000e-02    3.531460e+04    3.458280e+04    3.126542e+04    3.779131e+03    3.803995e+03
  -1.000000e-02    3.531820e+04    3.458433e+04    3.126542e+04    3.890081e+03    3.912642e+03
  -9.000000e-03    3.532146e+04    3.458573e+04    3.126542e+04    4.001041e+03    4.021294e+03
  -8.000000e-03    3.532438e+04    3.458699e+04    3.126542e+04    4.112011e+03    4.129951e+03
  -7.000000e-03    3.532696e+04    3.458812e+04    3.126542e+04    4.222990e+03    4.238611e+03
  -6.000000e-03    3.532919e+04    3.458911e+04    3.126542e+04    4.333977e+03    4.347274e+03
  -5.000000e-03    3.533108e+04    3.458998e+04    3.126542e+04    4.444969e+03    4.455940e+03
  -4.000000e-03    3.533262e+04    3.459071e+04    3.126542e+04    4.555968e+03    4.564609e+03
  -3.000000e-03    3.533382e+04    3.459130e+04    3.126542e+04    4.666970e+03    4.673280e+03
  -2.000000e-03    3.533468e+04    3.459176e+04    3.126542e+04    4.777976e+03    4.781953e+03
  -1.000000e-03    3.533519e+04    3.459209e+04    3.126542e+04    4.888984e+03    4.890626e+03
   0.000000e+00    3.533537e+04    3.459229e+04    3.126542e+04    4.999993e+03    4.999301e+03
   1.000000e-03    3.533519e+04    3.459235e+04    3.126542e+04    5.111002e+03    5.107976e+03
   2.000000e-03    3.533468e+04    3.459228e+04    3.126542e+04    5.222010e+03    5.216651e+03
   3.000000e-03    3.533382e+04    3.459207e+04    3.126542e+04    5.333016e+03    5.325325e+03
   4.000000e-03    3.533262e+04    3.459173e+04    3.126542e+04    5.444019e+03    5.433999e+03
   5.000000e-03    3.533108e+04    3.459125e+04    3.126542e+04    5.555017e+03    5.542672e+03
   6.000000e-03    3.532919e+04    3.459064e+04    3.126542e+04    5.666010e+03    5.651342e+03
   7.000000e-03    3.532696e+04    3.458989e+04    3.126542e+04    5.776996e+03    5.760011e+03
   8.000000e-03    3.532438e+04    3.458901e+04    3.126542e+04    5.887975e+03    5.868677e+03
   9.000000e-03    3.532146e+04    3.458800e+04    3.126542e+04    5.998945e+03    5.977340e+03
   1.000000e-02    3.531820e+04    3.458684e+04    3.126542e+04    6.109906e+03    6.085999e+03
   1.100000e-02    3.531460e+04    3.458556e+04    3.126542e+04    6.220856e+03    6.194655e+03
   1.200000e-02    3.531065e+04    3.458413e+04    3.126542e+04    6.331793e+03    6.303307e+03
   1.300000e-02    3.530636e+04    3.458257e+04    3.126542e+04    6.442718e+03    6.411954e+03
   1.400000e-02    3.530173e+04    3.458087e+04    3.126542e+04    6.553629e+03    6.520595e+03
   1.500000e-02    3.529675e+04    3.457904e+04    3.126542e+04    6.664525e+03    6.629231e+03
   1.600000e-02    3.529143e+04    3.457707e+04    3.126542e+04    6.775405e+03    6.737862e+03
   1.700000e-02    3.528576e+04    3.457496e+04    3.126542e+04    6.886267e+03    6.846485e+03
   1.800000e-02    3.527975e+04    3.457271e+04    3.126542e+04    6.997111e+03    6.955102e+03
   1.900000e-02    3.527340e+04    3.457032e+04    3.126542e+04    7.107936e+03    7.063712e+03
   2.000000e-02    3.526671e+04    3.456780e+04    3.126542e+04    7.218740e+03    7.172314e+03
   2.100000e-02    3.525967e+04    3.456513e+04    3.126542e+04    7.329523e+03    7.280908e+03
   2.200000e-02    3.525229e+04    3.456233e+04    3.126542e+04    7.440283e+03    7.389493e+03
   2.300000e-02    3.524457e+04    3.455939e+04    3.126542e+04    7.551019e+03    7.498069e+03
   2.400000e-02    3.523650e+04    3.455631e+04    3.126542e+04    7.661730e+03    7.606636e+03
   2.500000e-02    3.522809e+04    3.455308e+04    3.126542e+04    7.772416e+03    7.715193e+03
   2.600000e-02    3.521934e+04    3.454972e+04    3.126542e+04    7.883074e+03    7.823739e+03
   2.700000e-02    3.521024e+04    3.454621e+04    3.126542e+04    7.993705e+03    7.932275e+03
   2.800000e-02    3.520080e+04    3.454257e+04    3.126542e+04    8.104306e+03    8.040799e+03
   2.900000e-02    3.519102e+04    3.453878e+04    3.126542e+04    8.214877e+03    8.149312e+03
   3.000000e-02    3.518089e+04    3.453484e+04    3.126542e+04    8.325417e+03    8.257813e+03
   3.100000e-02    3.517042e+04    3.453077e+04    3.126542e+04    8.435925e+03    8.366301e+03
   3.200000e-02    3.515961e+04    3.452655e+04    3.126542e+04    8.546399e+03    8.474776e+03
   3.300000e-02    3.514845e+04    3.452219e+04    3.126542e+04    8.656839e+03    8.583237e+03
   3.400000e-02    3.513695e+04    3.451768e+04    3.126542e+04    8.767243e+03    8.691685e+03
   3.500000e-02    3.512511e+04    3.451303e+04    3.126542e+04    8.877610e+03    8.800118e+03
   3.600000e-02    3.511292e+04    3.450823e+04    3.126542e+04    8.987940e+03    8.908536e+03
   3.700000e-02    3.510039e+04    3.450328e+04    3.126542e+04    9.098231e+03    9.016939e+03
   3.800000e-02    3.508752e+04    3.449819e+04    3.126542e+04    9.208481e+03    9.125327e+03
   3.900000e-02    3.507430e+04    3.449295e+04    3.126542e+04    9.318691e+03    9.233698e+03
   4.000000e-02    3.506074e+04    3.448757e+04    3.126542e+04    9.428859e+03    9.342052e+03
   4.000000e-02    3.506074e+04    3.448757e+04    1.797979e+06    9.428859e+03    9.342052e+03
   4.012500e-02    3.467057e+04    3.432983e+04    1.797979e+06    9.442551e+03    9.355565e+03
   4.025000e-02    3.427918e+04    3.416521e+04    1.797979e+06    9.456089e+03    9.369014e+03
   4.037500e-02    3.388657e+04    3.399368e+04    1.797979e+06    9.469474e+03    9.382397e+03
   4.050000e-02    3.349275e+04    3.381526e+04    1.797979e+06    9.482703e+03    9.395712e+03
   4.062500e-02    3.309771e+04    3.362994e+04    1.797979e+06    9.495778e+03    9.408955e+03
   4.075000e-02    3.270145e+04    3.343772e+04    1.797979e+06    9.508698e+03    9.422124e+03
   4.087500e-02    3.230397e+04    3.323861e+04    1.797979e+06    9.521462e+03    9.435216e+03
   4.100000e-02    3.190527e+04    3.303259e+04    1.797979e+06    9.534069e+03    9.448228e+03
   4.112500e-02    3.150536e+04    3.281968e+04    1.797979e+06    9.546520e+03    9.461159e+03
   4.125000e-02    3.110423e+04    3.259986e+04    1.797979e+06    9.558813e+03    9.474004e+03
   4.137500e-02    3.070189e+04    3.237314e+04    1.797979e+06    9.570949e+03    9.486762e+03
   4.150000e-02    3.029832e+04    3.213952e+04    1.797979e+06    9.582926e+03    9.499429e+03
   4.162500e-02    2.989354e+04    3.189900e+04    1.797979e+06    9.594745e+03    9.512003e+03
   4.175000e-02    2.948754e+04    3.165158e+04    1.797979e+06    9.606404e+03    9.524481e+03
   4.187500e-02    2.908033e+04    3.139725e+04    1.797979e+06    9.617904e+03    9.536861e+03
   4.200000e-02    2.867190e+04    3.113601e+04    1.797979e+06    9.629244e+03    9.549140e+03
   4.212500e-02    2.826224e+04    3.086787e+04    1.797979e+06    9.640423e+03    9.561314e+03
   4.225000e-02    2.785138e+04    3.059283e+04    1.797979e+06    9.651441e+03    9.573382e+03
   4.237500e-02    2.743929e+04    3.031087e+04    1.797979e+06    9.662297e+03    9.585341e+03
   4.250000e-02    2.702599e+04    3.002201e+04    1.797979e+06    9.672991e+03    9.597188e+03
   4.262500e-02    2.661147e+04    2.972623e+04    1.797979e+06    9.683523e+03    9.608919e+03
   4.275000e-02    2.619573e+04    2.942355e+04    1.797979e+06    9.693892e+03    9.620534e+03
   4.287500e-02    2.577878e+04    2.911395e+04    1.797979e+06    9.704097e+03    9.632028e+03
   4.300000e-02    2.536060e+04    2.879745e+04    1.797979e+06    9.714138e+03    9.643399e+03
   4.312500e-02    2.494121e+04    2.847402e+04    1.797979e+06    9.724015e+03    9.654644e+03
   4.325000e-02    2.452061e+04    2.814369e+04    1.797979e+06    9.733726e+03    9.665761e+03
   4.337500e-02    2.409878e+04    2.780644e+04    1.797979e+06    9.743273e+03    9.676747e+03
   4.350000e-02    2.367574e+04    2.746227e+04    1.797979e+06    9.752653e+03    9.687600e+03
   4.362500e-02    2.325148e+04    2.711118e+04    1.797979e+06    9.761868e+03    9.698315e+03
   4.375000e-02    2.282600e+04    2.675318e+04    1.797979e+06    9.770915e+03    9.708892e+03
   4.387500e-02    2.239931e+04    2.638825e+04    1.797979e+06    9.779795e+03    9.719326e+03
   4.400000e-02    2.197140e+04    2.601641e+04    1.797979e+06    9.788507e+03    9.729616e+03
   4.412500e-02    2.154227e+04    2.563764e+04    1.797979e+06    9.797051e+03    9.739759e+03
   4.425000e-02    2.111192e+04    2.525195e+04    1.797979e+06    9.805426e+03    9.749751e+03
   4.437500e-02    2.068036e+04    2.485933e+04    1.797979e+06    9.813632e+03    9.759590e+03
   4.450000e-02    2.024758e+04    2.445979e+04    1.797979e+06    9.821668e+03    9.769274e+03
   4.462500e-02    1.981358e+04    2.405332e+04    1.797979e+06    9.829534e+03    9.778800e+03
   4.475000e-02    1.937836e+04    2.363992e+04    1.797979e+06    9.837229e+03    9.788165e+03
   4.487500e-02    1.894193e+04    2.321959e+04    1.797979e+06    9.844754e+03    9.797366e+03
   4.500000e-02    1.850428e+04    2.279233e+04    1.797979e+06    9.852106e+03    9.806401e+03
   4.512500e-02    1.806541e+04    2.235813e+04    1.797979e+06    9.859287e+03    9.815266e+03
   4.525000e-02    1.762533e+04    2.191701e+04    1.797979e+06    9.866294e+03    9.823960e+03
   4.537500e-02    1.718402e+04    2.146894e+04    1.797979e+06    9.873129e+03    9.832479e+03
   4.550000e-02    1.674150e+04    2.101394e+04    1.797979e+06    9.879790e+03    9.840821e+03
   4.562500e-02    1.629777e+04    2.055201e+04    1.797979e+06    9.886278e+03    9.848982e+03
   4.575000e-02    1.585281e+04    2.008313e+04    1.797979e+06    9.892590e+03    9.856961e+03
   4.587500e-02    1.540664e+04    1.960731e+04    1.797979e+06    9.898728e+03    9.864755e+03
   4.600000e-02    1.495925e+04    1.912454e+04    1.797979e+06    9.904691e+03    9.872360e+03
   4.612500e-02    1.451064e+04    1.863484e+04    1.797979e+06    9.910477e+03    9.879774e+03
   4.625000e-02    1.406082e+04    1.813818e+04    1.797979e+06    9.916087e+03    9.886995e+03
   4.637500e-02    1.360978e+04    1.763458e+04    1.797979e+06    9.921520e+03    9.894019e+03
   4.650000e-02    1.315752e+04    1.712403e+04    1.797979e+06    9.926776e+03    9.900844e+03
   4.662500e-02    1.270404e+04    1.660653e+04    1.797979e+06    9.931854e+03    9.907467e+03
   4.675000e-02    1.224935e+04    1.608208e+04    1.797979e+06    9.936753e+03    9.913886e+03
   4.687500e-02    1.179344e+04    1.555067e+04    1.797979e+06    9.941474e+03    9.920097e+03
   4.700000e-02    1.133631e+04    1.501231e+04    1.797979e+06    9.946016e+03    9.926098e+03
   4.712500e-02    1.087796e+04    1.446699e+04    1.797979e+06    9.950377e+03    9.931887e+03
   4.725000e-02    1.041840e+04    1.391471e+04    1.797979e+06    9.954559e+03    9.937460e+03
   4.737500e-02    9.957616e+03    1.335546e+04    1.797979e+06    9.958560e+03    9.942814e+03
   4.750000e-02    9.495617e+03    1.278926e+04    1.797979e+06    9.962379e+03    9.947948e+03
   4.762500e-02    9.032402e+03    1.221609e+04    1.797979e+06    9.966017e+03    9.952858e+03
   4.775000e-02    8.567969e+03    1.163595e+04    1.797979e+06    9.969473e+03    9.957542e+03
   4.787500e-02    8.102318e+03    1.104885e+04    1.797979e+06    9.972746e+03    9.961996e+03
   4.800000e-02    7.635450e+03    1.045478e+04    1.797979e+06    9.975836e+03    9.966219e+03
   4.812500e-02    7.167365e+03    9.853728e+03    1.797979e+06    9.978743e+03    9.970206e+03
   4.825000e-02    6.698062e+03    9.245707e+03    1.797979e+06    9.981465e+03    9.973957e+03
   4.837500e-02    6.227542e+03    8.630710e+03    1.797979e+06    9.984003e+03    9.977467e+03
   4.850000e-02    5.755805e+03    8.008735e+03    1.797979e+06    9.986356e+03    9.980734e+03
   4.862500e-02    5.282850e+03    7.379780e+03    1.797979e+06    9.988524e+03    9.983756e+03
   4.875000e-02    4.808678e+03    6.743842e+03    1.797979e+06    9.990505e+03    9.986530e+03
   4.887500e-02    4.333289e+03    6.100921e+03    1.797979e+06    9.992300e+03    9.989052e+03
   4.900000e-02    3.856682e+03    5.451014e+03    1.797979e+06    9.993908e+03    9.991320e+03
   4.912500e-02    3.378857e+03    4.794118e+03    1.797979e+06    9.995329e+03    9.993332e+03
   4.925000e-02    2.899815e+03    4.130232e+03    1.797979e+06    9.996562e+03    9.995085e+03
   4.937500e-02    2.419556e+03    3.459354e+03    1.797979e+06    9.997606e+03    9.996575e+03
   4.950000e-02    1.938080e+03    2.781481e+03    1.797979e+06    9.998462e+03    9.997801e+03
   4.962500e-02    1.455386e+03    2.096611e+03    1.797979e+06    9.999128e+03    9.998759e+03
   4.975000e-02    9.714747e+02    1.404743e+03    1.797979e+06    9.999605e+03    9.999447e+03
   4.987500e-02    4.863460e+02    7.058731e+02    1.797979e+06    9.999891e+03    9.999861e+03
   5.000000e-02    6.416156e-08    5.685240e-08    1.797979e+06    9.999986e+03    1.000000e+04
