# caseC -- MSG-RM vs EXACT (Pagano) benchmark 3,  S = a/h = 4
# reference surface: MID-SURFACE (fraction = 0.5) everywhere
# stations: x = 0 (s13, Q1 = q0/p), x = a/2 (s33)
# plies: face(25mm/0), core(200mm/0), face(25mm/0)
# 
# RM 8x8 ABDG (rows e11,e22,g12,k11,k22,k12,2g13,2g23):
#     6.690639e+09   1.144650e+08   0.000000e+00  -4.604601e-08   1.671213e-09   0.000000e+00   0.000000e+00   0.000000e+00
#     1.144650e+08   6.345034e+08   0.000000e+00   2.722753e-09  -5.002021e-09   0.000000e+00   0.000000e+00   0.000000e+00
#     0.000000e+00   0.000000e+00   3.318300e+08   0.000000e+00   0.000000e+00   8.486549e-11   0.000000e+00   0.000000e+00
#    -4.488186e-08   3.766688e-09   0.000000e+00   8.394387e+07   1.451952e+06   0.000000e+00   0.000000e+00   0.000000e+00
#     2.257092e-09  -4.070699e-09   0.000000e+00   1.451952e+06   6.980474e+06   0.000000e+00   0.000000e+00   0.000000e+00
#     0.000000e+00   0.000000e+00   8.486549e-11   0.000000e+00   0.000000e+00   4.014694e+06   0.000000e+00   0.000000e+00
#     0.000000e+00   0.000000e+00   0.000000e+00   0.000000e+00   0.000000e+00   0.000000e+00   2.746358e+07   1.015771e-06
#     0.000000e+00   0.000000e+00   0.000000e+00   0.000000e+00   0.000000e+00   0.000000e+00   1.015771e-06   2.713906e+07
# 
# INPUT FROM STATICS ONLY (statics_fsdt.py sec. 1): Q1(0) = q0/p = 3183.1
#   FF_end (x=0) = [0, 0, 0, 0, 0, 0, 3183.1, 0]
#   plate w(a/2) = 3.811588e-05 ; exact w = 3.394725e-05
# 
# transverse-shear stiffness, the two constructions:
#   G_whitney (complementary energy, Whitney JAM 40 (1973) Eq. (7)):
#     [[ 6.528070e+07,  0.000000e+00], [ 0.000000e+00,  6.435977e+07]]
#   G_msg (MSG-RM least-squares projection, Yu 2003 Eq. 61):
#     [[ 2.746358e+07,  1.015771e-06], [ 1.015771e-06,  2.713906e+07]]
#   k1^2 (statics_fsdt.whitney_k1sq, used in the FSDT curve): 0.082762
#   (uniform-k reference 5/6 = 0.8333;  A55 = 3.318300e+08)
# 
# THREE STANDALONE CHAINS, out-of-plane stresses only:
#   exact   Pagano cyl. bending (JCM 3 (1969) 398-411; Garg Eqs. 18-24)
#   MSG-RM  statics Q1 -> 8x8 inversion -> Eq.-63 recovery -> s33 by
#           through-thickness equilibrium of the recovered s13 amplitude
#   FSDT    statics Q1 -> staircase C55(z) Q1/(k1^2 A55); NO s33 in FSDT
# rel L2 errors vs exact:  s13  41.553%  (FSDT-Whitney 4199.28%)   s33   4.757%
# s33 top-face closure: 1.0000 q0
# 
# columns: z[m]  s13_msg  s13_exact  s13_fsdt  s33_msg  s33_exact  [Pa]
  -1.250000e-01    1.257162e-08    5.452866e-08    7.191916e+05    0.000000e+00    2.141336e-21
  -1.246875e-01    1.945384e+02    6.749576e+02    7.191916e+05    9.549382e-02    3.324071e-01
  -1.243750e-01    3.885899e+02    1.336623e+03    7.191916e+05    3.817363e-01    1.320926e+00
  -1.240625e-01    5.821544e+02    1.985008e+03    7.191916e+05    8.582492e-01    2.952514e+00
  -1.237500e-01    7.752319e+02    2.620127e+03    7.191916e+05    1.524555e+00    5.214139e+00
  -1.234375e-01    9.678225e+02    3.241993e+03    7.191916e+05    2.380175e+00    8.092785e+00
  -1.231250e-01    1.159926e+03    3.850617e+03    7.191916e+05    3.424631e+00    1.157544e+01
  -1.228125e-01    1.351543e+03    4.446011e+03    7.191916e+05    4.657445e+00    1.564912e+01
  -1.225000e-01    1.542673e+03    5.028189e+03    7.191916e+05    6.078140e+00    2.030084e+01
  -1.221875e-01    1.733315e+03    5.597160e+03    7.191916e+05    7.686237e+00    2.551763e+01
  -1.218750e-01    1.923471e+03    6.152936e+03    7.191916e+05    9.481258e+00    3.128652e+01
  -1.215625e-01    2.113140e+03    6.695530e+03    7.191916e+05    1.146272e+01    3.759458e+01
  -1.212500e-01    2.302322e+03    7.224950e+03    7.191916e+05    1.363016e+01    4.442885e+01
  -1.209375e-01    2.491017e+03    7.741209e+03    7.191916e+05    1.598308e+01    5.177642e+01
  -1.206250e-01    2.679225e+03    8.244315e+03    7.191916e+05    1.852102e+01    5.962438e+01
  -1.203125e-01    2.866946e+03    8.734280e+03    7.191916e+05    2.124349e+01    6.795980e+01
  -1.200000e-01    3.054180e+03    9.211112e+03    7.191916e+05    2.415002e+01    7.676980e+01
  -1.196875e-01    3.240927e+03    9.674822e+03    7.191916e+05    2.724012e+01    8.604148e+01
  -1.193750e-01    3.427187e+03    1.012542e+04    7.191916e+05    3.051332e+01    9.576197e+01
  -1.190625e-01    3.612961e+03    1.056291e+04    7.191916e+05    3.396915e+01    1.059184e+02
  -1.187500e-01    3.798247e+03    1.098731e+04    7.191916e+05    3.760712e+01    1.164979e+02
  -1.184375e-01    3.983046e+03    1.139862e+04    7.191916e+05    4.142675e+01    1.274876e+02
  -1.181250e-01    4.167359e+03    1.179685e+04    7.191916e+05    4.542757e+01    1.388748e+02
  -1.178125e-01    4.351184e+03    1.218201e+04    7.191916e+05    4.960910e+01    1.506464e+02
  -1.175000e-01    4.534523e+03    1.255410e+04    7.191916e+05    5.397086e+01    1.627898e+02
  -1.171875e-01    4.717374e+03    1.291314e+04    7.191916e+05    5.851238e+01    1.752921e+02
  -1.168750e-01    4.899739e+03    1.325913e+04    7.191916e+05    6.323317e+01    1.881404e+02
  -1.165625e-01    5.081616e+03    1.359208e+04    7.191916e+05    6.813275e+01    2.013220e+02
  -1.162500e-01    5.263007e+03    1.391199e+04    7.191916e+05    7.321066e+01    2.148241e+02
  -1.159375e-01    5.443911e+03    1.421888e+04    7.191916e+05    7.846640e+01    2.286339e+02
  -1.156250e-01    5.624327e+03    1.451274e+04    7.191916e+05    8.389951e+01    2.427386e+02
  -1.153125e-01    5.804257e+03    1.479358e+04    7.191916e+05    8.950950e+01    2.571253e+02
  -1.150000e-01    5.983700e+03    1.506141e+04    7.191916e+05    9.529590e+01    2.717814e+02
  -1.146875e-01    6.162656e+03    1.531624e+04    7.191916e+05    1.012582e+02    2.866941e+02
  -1.143750e-01    6.341125e+03    1.555806e+04    7.191916e+05    1.073960e+02    3.018506e+02
  -1.140625e-01    6.519107e+03    1.578689e+04    7.191916e+05    1.137088e+02    3.172380e+02
  -1.137500e-01    6.696602e+03    1.600273e+04    7.191916e+05    1.201960e+02    3.328438e+02
  -1.134375e-01    6.873610e+03    1.620558e+04    7.191916e+05    1.268573e+02    3.486551e+02
  -1.131250e-01    7.050131e+03    1.639545e+04    7.191916e+05    1.336921e+02    3.646591e+02
  -1.128125e-01    7.226165e+03    1.657233e+04    7.191916e+05    1.406999e+02    3.808432e+02
  -1.125000e-01    7.401712e+03    1.673624e+04    7.191916e+05    1.478804e+02    3.971946e+02
  -1.121875e-01    7.576772e+03    1.688718e+04    7.191916e+05    1.552329e+02    4.137005e+02
  -1.118750e-01    7.751346e+03    1.702515e+04    7.191916e+05    1.627571e+02    4.303482e+02
  -1.115625e-01    7.925432e+03    1.715015e+04    7.191916e+05    1.704524e+02    4.471250e+02
  -1.112500e-01    8.099031e+03    1.726218e+04    7.191916e+05    1.783184e+02    4.640182e+02
  -1.109375e-01    8.272144e+03    1.736126e+04    7.191916e+05    1.863546e+02    4.810150e+02
  -1.106250e-01    8.444769e+03    1.744737e+04    7.191916e+05    1.945605e+02    4.981027e+02
  -1.103125e-01    8.616908e+03    1.752052e+04    7.191916e+05    2.029356e+02    5.152686e+02
  -1.100000e-01    8.788559e+03    1.758072e+04    7.191916e+05    2.114795e+02    5.325000e+02
  -1.096875e-01    8.959724e+03    1.762796e+04    7.191916e+05    2.201917e+02    5.497840e+02
  -1.093750e-01    9.130401e+03    1.766225e+04    7.191916e+05    2.290716e+02    5.671081e+02
  -1.090625e-01    9.300592e+03    1.768358e+04    7.191916e+05    2.381189e+02    5.844595e+02
  -1.087500e-01    9.470296e+03    1.769195e+04    7.191916e+05    2.473331e+02    6.018255e+02
  -1.084375e-01    9.639513e+03    1.768738e+04    7.191916e+05    2.567136e+02    6.191934e+02
  -1.081250e-01    9.808242e+03    1.766985e+04    7.191916e+05    2.662600e+02    6.365504e+02
  -1.078125e-01    9.976485e+03    1.763936e+04    7.191916e+05    2.759718e+02    6.538838e+02
  -1.075000e-01    1.014424e+04    1.759592e+04    7.191916e+05    2.858485e+02    6.711809e+02
  -1.071875e-01    1.031151e+04    1.753952e+04    7.191916e+05    2.958897e+02    6.884291e+02
  -1.068750e-01    1.047829e+04    1.747017e+04    7.191916e+05    3.060949e+02    7.056155e+02
  -1.065625e-01    1.064459e+04    1.738786e+04    7.191916e+05    3.164635e+02    7.227274e+02
  -1.062500e-01    1.081040e+04    1.729259e+04    7.191916e+05    3.269952e+02    7.397522e+02
  -1.059375e-01    1.097572e+04    1.718435e+04    7.191916e+05    3.376895e+02    7.566771e+02
  -1.056250e-01    1.114055e+04    1.706316e+04    7.191916e+05    3.485458e+02    7.734894e+02
  -1.053125e-01    1.130490e+04    1.692899e+04    7.191916e+05    3.595636e+02    7.901763e+02
  -1.050000e-01    1.146876e+04    1.678186e+04    7.191916e+05    3.707426e+02    8.067251e+02
  -1.046875e-01    1.163213e+04    1.662175e+04    7.191916e+05    3.820823e+02    8.231231e+02
  -1.043750e-01    1.179502e+04    1.644867e+04    7.191916e+05    3.935820e+02    8.393576e+02
  -1.040625e-01    1.195742e+04    1.626261e+04    7.191916e+05    4.052415e+02    8.554158e+02
  -1.037500e-01    1.211933e+04    1.606357e+04    7.191916e+05    4.170601e+02    8.712849e+02
  -1.034375e-01    1.228076e+04    1.585154e+04    7.191916e+05    4.290375e+02    8.869523e+02
  -1.031250e-01    1.244169e+04    1.562652e+04    7.191916e+05    4.411731e+02    9.024051e+02
  -1.028125e-01    1.260215e+04    1.538851e+04    7.191916e+05    4.534665e+02    9.176307e+02
  -1.025000e-01    1.276211e+04    1.513750e+04    7.191916e+05    4.659171e+02    9.326161e+02
  -1.021875e-01    1.292159e+04    1.487348e+04    7.191916e+05    4.785246e+02    9.473488e+02
  -1.018750e-01    1.308058e+04    1.459645e+04    7.191916e+05    4.912884e+02    9.618159e+02
  -1.015625e-01    1.323908e+04    1.430640e+04    7.191916e+05    5.042080e+02    9.760046e+02
  -1.012500e-01    1.339710e+04    1.400333e+04    7.191916e+05    5.172830e+02    9.899022e+02
  -1.009375e-01    1.355463e+04    1.368724e+04    7.191916e+05    5.305129e+02    1.003496e+03
  -1.006250e-01    1.371167e+04    1.335811e+04    7.191916e+05    5.438972e+02    1.016773e+03
  -1.003125e-01    1.386823e+04    1.301594e+04    7.191916e+05    5.574355e+02    1.029720e+03
  -1.000000e-01    1.402430e+04    1.266073e+04    7.191916e+05    5.711272e+02    1.042325e+03
  -1.000000e-01    1.402430e+04    1.266073e+04    1.250617e+04    5.711272e+02    1.042325e+03
  -9.750000e-02    1.402972e+04    1.264822e+04    1.250617e+04    6.812950e+02    1.141713e+03
  -9.500000e-02    1.403501e+04    1.263615e+04    1.250617e+04    7.915050e+02    1.241004e+03
  -9.250000e-02    1.404016e+04    1.262451e+04    1.250617e+04    9.017559e+02    1.340202e+03
  -9.000000e-02    1.404517e+04    1.261329e+04    1.250617e+04    1.012047e+03    1.439311e+03
  -8.750000e-02    1.405004e+04    1.260249e+04    1.250617e+04    1.122376e+03    1.538332e+03
  -8.500000e-02    1.405478e+04    1.259210e+04    1.250617e+04    1.232744e+03    1.637271e+03
  -8.250000e-02    1.405938e+04    1.258213e+04    1.250617e+04    1.343148e+03    1.736130e+03
  -8.000000e-02    1.406384e+04    1.257256e+04    1.250617e+04    1.453587e+03    1.834912e+03
  -7.750000e-02    1.406817e+04    1.256339e+04    1.250617e+04    1.564062e+03    1.933620e+03
  -7.500000e-02    1.407236e+04    1.255463e+04    1.250617e+04    1.674569e+03    2.032258e+03
  -7.250000e-02    1.407641e+04    1.254625e+04    1.250617e+04    1.785109e+03    2.130829e+03
  -7.000000e-02    1.408032e+04    1.253827e+04    1.250617e+04    1.895680e+03    2.229335e+03
  -6.750000e-02    1.408410e+04    1.253068e+04    1.250617e+04    2.006282e+03    2.327781e+03
  -6.500000e-02    1.408773e+04    1.252347e+04    1.250617e+04    2.116912e+03    2.426168e+03
  -6.250000e-02    1.409124e+04    1.251664e+04    1.250617e+04    2.227571e+03    2.524500e+03
  -6.000000e-02    1.409460e+04    1.251018e+04    1.250617e+04    2.338256e+03    2.622780e+03
  -5.750000e-02    1.409783e+04    1.250410e+04    1.250617e+04    2.448968e+03    2.721010e+03
  -5.500000e-02    1.410092e+04    1.249839e+04    1.250617e+04    2.559704e+03    2.819195e+03
  -5.250000e-02    1.410387e+04    1.249305e+04    1.250617e+04    2.670464e+03    2.917335e+03
  -5.000000e-02    1.410668e+04    1.248807e+04    1.250617e+04    2.781246e+03    3.015436e+03
  -4.750000e-02    1.410936e+04    1.248345e+04    1.250617e+04    2.892051e+03    3.113499e+03
  -4.500000e-02    1.411190e+04    1.247919e+04    1.250617e+04    3.002875e+03    3.211526e+03
  -4.250000e-02    1.411430e+04    1.247529e+04    1.250617e+04    3.113719e+03    3.309522e+03
  -4.000000e-02    1.411657e+04    1.247173e+04    1.250617e+04    3.224582e+03    3.407489e+03
  -3.750000e-02    1.411870e+04    1.246852e+04    1.250617e+04    3.335461e+03    3.505429e+03
  -3.500000e-02    1.412069e+04    1.246567e+04    1.250617e+04    3.446357e+03    3.603345e+03
  -3.250000e-02    1.412254e+04    1.246315e+04    1.250617e+04    3.557268e+03    3.701240e+03
  -3.000000e-02    1.412426e+04    1.246097e+04    1.250617e+04    3.668193e+03    3.799116e+03
  -2.750000e-02    1.412584e+04    1.245914e+04    1.250617e+04    3.779131e+03    3.896977e+03
  -2.500000e-02    1.412728e+04    1.245764e+04    1.250617e+04    3.890081e+03    3.994825e+03
  -2.250000e-02    1.412859e+04    1.245647e+04    1.250617e+04    4.001041e+03    4.092662e+03
  -2.000000e-02    1.412975e+04    1.245564e+04    1.250617e+04    4.112011e+03    4.190491e+03
  -1.750000e-02    1.413078e+04    1.245513e+04    1.250617e+04    4.222990e+03    4.288316e+03
  -1.500000e-02    1.413168e+04    1.245495e+04    1.250617e+04    4.333977e+03    4.386137e+03
  -1.250000e-02    1.413243e+04    1.245509e+04    1.250617e+04    4.444969e+03    4.483958e+03
  -1.000000e-02    1.413305e+04    1.245556e+04    1.250617e+04    4.555968e+03    4.581782e+03
  -7.500000e-03    1.413353e+04    1.245635e+04    1.250617e+04    4.666970e+03    4.679611e+03
  -5.000000e-03    1.413387e+04    1.245746e+04    1.250617e+04    4.777976e+03    4.777447e+03
  -2.500000e-03    1.413408e+04    1.245888e+04    1.250617e+04    4.888984e+03    4.875293e+03
  -2.775558e-17    1.413415e+04    1.246062e+04    1.250617e+04    4.999993e+03    4.973151e+03
   2.500000e-03    1.413408e+04    1.246267e+04    1.250617e+04    5.111002e+03    5.071024e+03
   5.000000e-03    1.413387e+04    1.246503e+04    1.250617e+04    5.222010e+03    5.168915e+03
   7.500000e-03    1.413353e+04    1.246770e+04    1.250617e+04    5.333016e+03    5.266825e+03
   1.000000e-02    1.413305e+04    1.247068e+04    1.250617e+04    5.444019e+03    5.364758e+03
   1.250000e-02    1.413243e+04    1.247396e+04    1.250617e+04    5.555017e+03    5.462715e+03
   1.500000e-02    1.413168e+04    1.247755e+04    1.250617e+04    5.666010e+03    5.560699e+03
   1.750000e-02    1.413078e+04    1.248144e+04    1.250617e+04    5.776996e+03    5.658713e+03
   2.000000e-02    1.412975e+04    1.248564e+04    1.250617e+04    5.887975e+03    5.756758e+03
   2.250000e-02    1.412859e+04    1.249013e+04    1.250617e+04    5.998945e+03    5.854838e+03
   2.500000e-02    1.412728e+04    1.249492e+04    1.250617e+04    6.109906e+03    5.952953e+03
   2.750000e-02    1.412584e+04    1.250001e+04    1.250617e+04    6.220856e+03    6.051108e+03
   3.000000e-02    1.412426e+04    1.250540e+04    1.250617e+04    6.331793e+03    6.149304e+03
   3.250000e-02    1.412254e+04    1.251108e+04    1.250617e+04    6.442718e+03    6.247543e+03
   3.500000e-02    1.412069e+04    1.251706e+04    1.250617e+04    6.553629e+03    6.345828e+03
   3.750000e-02    1.411870e+04    1.252333e+04    1.250617e+04    6.664525e+03    6.444162e+03
   4.000000e-02    1.411657e+04    1.252989e+04    1.250617e+04    6.775405e+03    6.542545e+03
   4.250000e-02    1.411430e+04    1.253675e+04    1.250617e+04    6.886267e+03    6.640981e+03
   4.500000e-02    1.411190e+04    1.254389e+04    1.250617e+04    6.997111e+03    6.739473e+03
   4.750000e-02    1.410936e+04    1.255132e+04    1.250617e+04    7.107936e+03    6.838021e+03
   5.000000e-02    1.410668e+04    1.255904e+04    1.250617e+04    7.218740e+03    6.936629e+03
   5.250000e-02    1.410387e+04    1.256705e+04    1.250617e+04    7.329523e+03    7.035299e+03
   5.500000e-02    1.410092e+04    1.257535e+04    1.250617e+04    7.440283e+03    7.134033e+03
   5.750000e-02    1.409783e+04    1.258393e+04    1.250617e+04    7.551019e+03    7.232833e+03
   6.000000e-02    1.409460e+04    1.259280e+04    1.250617e+04    7.661730e+03    7.331701e+03
   6.250000e-02    1.409124e+04    1.260195e+04    1.250617e+04    7.772416e+03    7.430641e+03
   6.500000e-02    1.408773e+04    1.261138e+04    1.250617e+04    7.883074e+03    7.529653e+03
   6.750000e-02    1.408410e+04    1.262111e+04    1.250617e+04    7.993705e+03    7.628741e+03
   7.000000e-02    1.408032e+04    1.263111e+04    1.250617e+04    8.104306e+03    7.727906e+03
   7.250000e-02    1.407641e+04    1.264140e+04    1.250617e+04    8.214877e+03    7.827150e+03
   7.500000e-02    1.407236e+04    1.265197e+04    1.250617e+04    8.325417e+03    7.926477e+03
   7.750000e-02    1.406817e+04    1.266282e+04    1.250617e+04    8.435925e+03    8.025888e+03
   8.000000e-02    1.406384e+04    1.267395e+04    1.250617e+04    8.546399e+03    8.125385e+03
   8.250000e-02    1.405938e+04    1.268537e+04    1.250617e+04    8.656839e+03    8.224970e+03
   8.500000e-02    1.405478e+04    1.269706e+04    1.250617e+04    8.767243e+03    8.324647e+03
   8.750000e-02    1.405004e+04    1.270904e+04    1.250617e+04    8.877610e+03    8.424416e+03
   9.000000e-02    1.404517e+04    1.272130e+04    1.250617e+04    8.987940e+03    8.524281e+03
   9.250000e-02    1.404016e+04    1.273384e+04    1.250617e+04    9.098231e+03    8.624243e+03
   9.500000e-02    1.403501e+04    1.274667e+04    1.250617e+04    9.208481e+03    8.724304e+03
   9.750000e-02    1.402972e+04    1.275977e+04    1.250617e+04    9.318691e+03    8.824467e+03
   1.000000e-01    1.402430e+04    1.277315e+04    1.250617e+04    9.428859e+03    8.924735e+03
   1.000000e-01    1.402430e+04    1.277315e+04    7.191916e+05    9.428859e+03    8.924735e+03
   1.003125e-01    1.386823e+04    1.315384e+04    7.191916e+05    9.442551e+03    8.937463e+03
   1.006250e-01    1.371167e+04    1.352080e+04    7.191916e+05    9.456089e+03    8.950558e+03
   1.009375e-01    1.355463e+04    1.387404e+04    7.191916e+05    9.469474e+03    8.964006e+03
   1.012500e-01    1.339710e+04    1.421356e+04    7.191916e+05    9.482703e+03    8.977795e+03
   1.015625e-01    1.323908e+04    1.453937e+04    7.191916e+05    9.495778e+03    8.991910e+03
   1.018750e-01    1.308058e+04    1.485147e+04    7.191916e+05    9.508698e+03    9.006338e+03
   1.021875e-01    1.292159e+04    1.514988e+04    7.191916e+05    9.521462e+03    9.021066e+03
   1.025000e-01    1.276211e+04    1.543459e+04    7.191916e+05    9.534069e+03    9.036081e+03
   1.028125e-01    1.260215e+04    1.570562e+04    7.191916e+05    9.546520e+03    9.051368e+03
   1.031250e-01    1.244169e+04    1.596297e+04    7.191916e+05    9.558813e+03    9.066914e+03
   1.034375e-01    1.228076e+04    1.620665e+04    7.191916e+05    9.570949e+03    9.082707e+03
   1.037500e-01    1.211933e+04    1.643665e+04    7.191916e+05    9.582926e+03    9.098731e+03
   1.040625e-01    1.195742e+04    1.665298e+04    7.191916e+05    9.594745e+03    9.114975e+03
   1.043750e-01    1.179502e+04    1.685566e+04    7.191916e+05    9.606404e+03    9.131425e+03
   1.046875e-01    1.163213e+04    1.704467e+04    7.191916e+05    9.617904e+03    9.148067e+03
   1.050000e-01    1.146876e+04    1.722003e+04    7.191916e+05    9.629244e+03    9.164888e+03
   1.053125e-01    1.130490e+04    1.738174e+04    7.191916e+05    9.640423e+03    9.181874e+03
   1.056250e-01    1.114055e+04    1.752980e+04    7.191916e+05    9.651441e+03    9.199012e+03
   1.059375e-01    1.097572e+04    1.766421e+04    7.191916e+05    9.662297e+03    9.216289e+03
   1.062500e-01    1.081040e+04    1.778498e+04    7.191916e+05    9.672991e+03    9.233691e+03
   1.065625e-01    1.064459e+04    1.789212e+04    7.191916e+05    9.683523e+03    9.251205e+03
   1.068750e-01    1.047829e+04    1.798561e+04    7.191916e+05    9.693892e+03    9.268818e+03
   1.071875e-01    1.031151e+04    1.806546e+04    7.191916e+05    9.704097e+03    9.286516e+03
   1.075000e-01    1.014424e+04    1.813168e+04    7.191916e+05    9.714138e+03    9.304285e+03
   1.078125e-01    9.976485e+03    1.818427e+04    7.191916e+05    9.724015e+03    9.322113e+03
   1.081250e-01    9.808242e+03    1.822322e+04    7.191916e+05    9.733726e+03    9.339985e+03
   1.084375e-01    9.639513e+03    1.824854e+04    7.191916e+05    9.743273e+03    9.357889e+03
   1.087500e-01    9.470296e+03    1.826023e+04    7.191916e+05    9.752653e+03    9.375812e+03
   1.090625e-01    9.300592e+03    1.825829e+04    7.191916e+05    9.761868e+03    9.393739e+03
   1.093750e-01    9.130401e+03    1.824271e+04    7.191916e+05    9.770915e+03    9.411657e+03
   1.096875e-01    8.959724e+03    1.821350e+04    7.191916e+05    9.779795e+03    9.429554e+03
   1.100000e-01    8.788559e+03    1.817066e+04    7.191916e+05    9.788507e+03    9.447415e+03
   1.103125e-01    8.616908e+03    1.811418e+04    7.191916e+05    9.797051e+03    9.465227e+03
   1.106250e-01    8.444769e+03    1.804407e+04    7.191916e+05    9.805426e+03    9.482978e+03
   1.109375e-01    8.272144e+03    1.796032e+04    7.191916e+05    9.813632e+03    9.500652e+03
   1.112500e-01    8.099031e+03    1.786293e+04    7.191916e+05    9.821668e+03    9.518238e+03
   1.115625e-01    7.925432e+03    1.775191e+04    7.191916e+05    9.829534e+03    9.535722e+03
   1.118750e-01    7.751346e+03    1.762724e+04    7.191916e+05    9.837229e+03    9.553089e+03
   1.121875e-01    7.576772e+03    1.748892e+04    7.191916e+05    9.844754e+03    9.570328e+03
   1.125000e-01    7.401712e+03    1.733695e+04    7.191916e+05    9.852106e+03    9.587424e+03
   1.128125e-01    7.226165e+03    1.717134e+04    7.191916e+05    9.859287e+03    9.604365e+03
   1.131250e-01    7.050131e+03    1.699206e+04    7.191916e+05    9.866294e+03    9.621136e+03
   1.134375e-01    6.873610e+03    1.679913e+04    7.191916e+05    9.873129e+03    9.637724e+03
   1.137500e-01    6.696602e+03    1.659254e+04    7.191916e+05    9.879790e+03    9.654116e+03
   1.140625e-01    6.519107e+03    1.637228e+04    7.191916e+05    9.886278e+03    9.670299e+03
   1.143750e-01    6.341125e+03    1.613835e+04    7.191916e+05    9.892590e+03    9.686259e+03
   1.146875e-01    6.162656e+03    1.589074e+04    7.191916e+05    9.898728e+03    9.701982e+03
   1.150000e-01    5.983700e+03    1.562945e+04    7.191916e+05    9.904691e+03    9.717456e+03
   1.153125e-01    5.804257e+03    1.535447e+04    7.191916e+05    9.910477e+03    9.732666e+03
   1.156250e-01    5.624327e+03    1.506580e+04    7.191916e+05    9.916087e+03    9.747600e+03
   1.159375e-01    5.443911e+03    1.476344e+04    7.191916e+05    9.921520e+03    9.762243e+03
   1.162500e-01    5.263007e+03    1.444737e+04    7.191916e+05    9.926776e+03    9.776583e+03
   1.165625e-01    5.081616e+03    1.411758e+04    7.191916e+05    9.931854e+03    9.790606e+03
   1.168750e-01    4.899739e+03    1.377409e+04    7.191916e+05    9.936753e+03    9.804298e+03
   1.171875e-01    4.717374e+03    1.341686e+04    7.191916e+05    9.941474e+03    9.817647e+03
   1.175000e-01    4.534523e+03    1.304591e+04    7.191916e+05    9.946016e+03    9.830638e+03
   1.178125e-01    4.351184e+03    1.266122e+04    7.191916e+05    9.950377e+03    9.843258e+03
   1.181250e-01    4.167359e+03    1.226278e+04    7.191916e+05    9.954559e+03    9.855494e+03
   1.184375e-01    3.983046e+03    1.185058e+04    7.191916e+05    9.958560e+03    9.867331e+03
   1.187500e-01    3.798247e+03    1.142463e+04    7.191916e+05    9.962379e+03    9.878758e+03
   1.190625e-01    3.612961e+03    1.098490e+04    7.191916e+05    9.966017e+03    9.889759e+03
   1.193750e-01    3.427187e+03    1.053139e+04    7.191916e+05    9.969473e+03    9.900322e+03
   1.196875e-01    3.240927e+03    1.006409e+04    7.191916e+05    9.972746e+03    9.910433e+03
   1.200000e-01    3.054180e+03    9.582990e+03    7.191916e+05    9.975836e+03    9.920078e+03
   1.203125e-01    2.866946e+03    9.088083e+03    7.191916e+05    9.978743e+03    9.929244e+03
   1.206250e-01    2.679225e+03    8.579358e+03    7.191916e+05    9.981465e+03    9.937918e+03
   1.209375e-01    2.491017e+03    8.056803e+03    7.191916e+05    9.984003e+03    9.946085e+03
   1.212500e-01    2.302322e+03    7.520409e+03    7.191916e+05    9.986356e+03    9.953733e+03
   1.215625e-01    2.113140e+03    6.970165e+03    7.191916e+05    9.988524e+03    9.960847e+03
   1.218750e-01    1.923471e+03    6.406060e+03    7.191916e+05    9.990505e+03    9.967414e+03
   1.221875e-01    1.733315e+03    5.828082e+03    7.191916e+05    9.992300e+03    9.973421e+03
   1.225000e-01    1.542673e+03    5.236219e+03    7.191916e+05    9.993908e+03    9.978853e+03
   1.228125e-01    1.351543e+03    4.630461e+03    7.191916e+05    9.995329e+03    9.983698e+03
   1.231250e-01    1.159926e+03    4.010794e+03    7.191916e+05    9.996562e+03    9.987941e+03
   1.234375e-01    9.678225e+02    3.377206e+03    7.191916e+05    9.997606e+03    9.991568e+03
   1.237500e-01    7.752319e+02    2.729685e+03    7.191916e+05    9.998462e+03    9.994567e+03
   1.240625e-01    5.821544e+02    2.068217e+03    7.191916e+05    9.999128e+03    9.996923e+03
   1.243750e-01    3.885899e+02    1.392789e+03    7.191916e+05    9.999605e+03    9.998623e+03
   1.246875e-01    1.945384e+02    7.033882e+02    7.191916e+05    9.999891e+03    9.999654e+03
   1.250000e-01    3.751772e-08    6.577073e-08    7.191916e+05    9.999986e+03    1.000000e+04
