 ------- BEAMDYN V1.00.* INDIVIDUAL BLADE INPUT FILE --------------------------
 Test Format 1
 ---------------------- BLADE PARAMETERS --------------------------------------
29   station_total    - Number of blade input stations (-)
 1   damp_type        - Damping type: 0: no damping; 1: damped
  ---------------------- DAMPING COEFFICIENT------------------------------------
   mu1        mu2        mu3        mu4        mu5        mu6
   (-)        (-)        (-)        (-)        (-)        (-)
	 2.57593e-03 	 1.74690e-03 	 1.74690e-03 	 1.74690e-03 	 2.57593e-03 	 1.74690e-03
 ---------------------- DISTRIBUTED PROPERTIES---------------------------------
	 0.000000 
	 4.6687977970000000e+09 	 7.2172290000000000e+06 	 3.2111000000000000e+04 	 3.2519900000000000e+05 	 9.3162400000000000e+05 	 6.1754655000000000e+07
	 7.2172290000000000e+06 	 4.6860015190000000e+09 	 1.8751400000000000e+05 	 2.4281000000000000e+05 	 -5.2697300000000000e+05 	 -2.1262976000000000e+07
	 3.2111000000000000e+04 	 1.8751400000000000e+05 	 3.1999905835000000e+10 	 -1.8930874000000000e+07 	 3.5294900000000000e+06 	 2.0682000000000000e+05
	 3.2519900000000000e+05 	 2.4281000000000000e+05 	 -1.8930874000000000e+07 	 7.8134541034000000e+10 	 -3.5425726000000000e+07 	 -5.9965000000000000e+04
	 9.3162400000000000e+05 	 -5.2697300000000000e+05 	 3.5294900000000000e+06 	 -3.5425726000000000e+07 	 7.8052502009000000e+10 	 -6.3893800000000000e+05
	 6.1754655000000000e+07 	 -2.1262976000000000e+07 	 2.0682000000000000e+05 	 -5.9965000000000000e+04 	 -6.3893800000000000e+05 	 4.5619413463000000e+10

	 2.2066528818842166e+03 	 0.0000000000000000e+00 	 0.0000000000000000e+00 	 0.0000000000000000e+00 	 0.0000000000000000e+00 	 1.0396743469695797e+00
	 0.0000000000000000e+00 	 2.2066528818842166e+03 	 0.0000000000000000e+00 	 0.0000000000000000e+00 	 0.0000000000000000e+00 	 4.6480786387306694e-01
	 0.0000000000000000e+00 	 0.0000000000000000e+00 	 2.2066528818842166e+03 	 -1.0396743469695797e+00 	 -4.6480786387306694e-01 	 0.0000000000000000e+00
	 0.0000000000000000e+00 	 0.0000000000000000e+00 	 -1.0396743469695797e+00 	 5.3820321397174803e+03 	 -2.1075426033875790e+00 	 0.0000000000000000e+00
	 0.0000000000000000e+00 	 0.0000000000000000e+00 	 -4.6480786387306694e-01 	 -2.1075426033875790e+00 	 5.3878500235513320e+03 	 0.0000000000000000e+00
	 1.0396743469695797e+00 	 4.6480786387306694e-01 	 0.0000000000000000e+00 	 0.0000000000000000e+00 	 0.0000000000000000e+00 	 1.0769882163268812e+04

	 0.034483 
	 3.3621728700000000e+09 	 1.5134700200000000e+08 	 1.2434400000000000e+05 	 2.2344330000000000e+06 	 3.4392650000000000e+06 	 1.7784484100000000e+08
	 1.5134700200000000e+08 	 3.8599408510000000e+09 	 -6.8545300000000000e+05 	 2.3617880000000000e+06 	 -2.5954610000000000e+06 	 -1.2995887000000000e+07
	 1.2434400000000000e+05 	 -6.8545300000000000e+05 	 2.6571897759000000e+10 	 -2.5208576920000000e+09 	 5.4558692200000000e+08 	 8.2140000000000000e+04
	 2.2344330000000000e+06 	 2.3617880000000000e+06 	 -2.5208576920000000e+09 	 5.9344776724000000e+10 	 -3.1887486640000000e+09 	 -1.3797680000000000e+06
	 3.4392650000000000e+06 	 -2.5954610000000000e+06 	 5.4558692200000000e+08 	 -3.1887486640000000e+09 	 5.9340778707000000e+10 	 2.6895000000000000e+06
	 1.7784484100000000e+08 	 -1.2995887000000000e+07 	 8.2140000000000000e+04 	 -1.3797680000000000e+06 	 2.6895000000000000e+06 	 3.2294341642000000e+10

	 1.7364950613465476e+03 	 0.0000000000000000e+00 	 0.0000000000000000e+00 	 0.0000000000000000e+00 	 0.0000000000000000e+00 	 3.8260704071330984e+01
	 0.0000000000000000e+00 	 1.7364950613465476e+03 	 0.0000000000000000e+00 	 0.0000000000000000e+00 	 0.0000000000000000e+00 	 -1.2263850810620613e+00
	 0.0000000000000000e+00 	 0.0000000000000000e+00 	 1.7364950613465476e+03 	 -3.8260704071330984e+01 	 1.2263850810620613e+00 	 0.0000000000000000e+00
	 0.0000000000000000e+00 	 0.0000000000000000e+00 	 -3.8260704071330984e+01 	 4.0604345437420016e+03 	 1.6311878864516714e+02 	 0.0000000000000000e+00
	 0.0000000000000000e+00 	 0.0000000000000000e+00 	 1.2263850810620613e+00 	 1.6311878864516714e+02 	 3.7138501351311616e+03 	 0.0000000000000000e+00
	 3.8260704071330984e+01 	 -1.2263850810620613e+00 	 0.0000000000000000e+00 	 0.0000000000000000e+00 	 0.0000000000000000e+00 	 7.7742846788731631e+03

	 0.068966 
	 1.8584870960000000e+09 	 3.6620846800000000e+08 	 -1.8637700000000000e+05 	 1.6059250000000000e+06 	 2.9981550000000000e+06 	 5.6470942900000000e+08
	 3.6620846800000000e+08 	 3.0665659230000000e+09 	 -1.5883120000000000e+06 	 4.2773660000000000e+06 	 -2.9431460000000000e+06 	 -7.3234407000000000e+07
	 -1.8637700000000000e+05 	 -1.5883120000000000e+06 	 1.9081409573000000e+10 	 -3.9723070090000000e+09 	 1.0532872080000000e+09 	 8.4724400000000000e+05
	 1.6059250000000000e+06 	 4.2773660000000000e+06 	 -3.9723070090000000e+09 	 3.8015403544000000e+10 	 -5.5866420290000000e+09 	 1.8556000000000000e+04
	 2.9981550000000000e+06 	 -2.9431460000000000e+06 	 1.0532872080000000e+09 	 -5.5866420290000000e+09 	 2.6978595146000000e+10 	 6.6247020000000000e+06
	 5.6470942900000000e+08 	 -7.3234407000000000e+07 	 8.4724400000000000e+05 	 1.8556000000000000e+04 	 6.6247020000000000e+06 	 1.5412026278000000e+10

	 1.2666162112920920e+03 	 0.0000000000000000e+00 	 0.0000000000000000e+00 	 0.0000000000000000e+00 	 0.0000000000000000e+00 	 1.4038386077601160e+02
	 0.0000000000000000e+00 	 1.2666162112920920e+03 	 0.0000000000000000e+00 	 0.0000000000000000e+00 	 0.0000000000000000e+00 	 -1.4113801666266577e+01
	 0.0000000000000000e+00 	 0.0000000000000000e+00 	 1.2666162112920920e+03 	 -1.4038386077601160e+02 	 1.4113801666266577e+01 	 0.0000000000000000e+00
	 0.0000000000000000e+00 	 0.0000000000000000e+00 	 -1.4038386077601160e+02 	 2.6216390480591940e+03 	 3.3581486528329492e+02 	 0.0000000000000000e+00
	 0.0000000000000000e+00 	 0.0000000000000000e+00 	 1.4113801666266577e+01 	 3.3581486528329492e+02 	 1.6752425878755309e+03 	 0.0000000000000000e+00
	 1.4038386077601160e+02 	 -1.4113801666266577e+01 	 0.0000000000000000e+00 	 0.0000000000000000e+00 	 0.0000000000000000e+00 	 4.2968816359347247e+03

	 0.137931 
	 7.7594550700000000e+08 	 3.2495541200000000e+08 	 2.7373100000000000e+05 	 -9.7461700000000000e+05 	 4.8750310000000000e+06 	 6.5339520500000000e+08
	 3.2495541200000000e+08 	 1.9282427930000000e+09 	 -2.1859200000000000e+05 	 2.7441400000000000e+05 	 -1.4170900000000000e+05 	 -3.9038790000000000e+07
	 2.7373100000000000e+05 	 -2.1859200000000000e+05 	 1.5274173604000000e+10 	 -4.5435112550000000e+09 	 6.7797632200000000e+08 	 8.7112600000000000e+05
	 -9.7461700000000000e+05 	 2.7441400000000000e+05 	 -4.5435112550000000e+09 	 2.1602946091000000e+10 	 -3.7554380870000000e+09 	 4.1385000000000000e+05
	 4.8750310000000000e+06 	 -1.4170900000000000e+05 	 6.7797632200000000e+08 	 -3.7554380870000000e+09 	 9.5533555980000000e+09 	 3.4646520000000000e+06
	 6.5339520500000000e+08 	 -3.9038790000000000e+07 	 8.7112600000000000e+05 	 4.1385000000000000e+05 	 3.4646520000000000e+06 	 3.6191026930000000e+09

	 7.8105600567794636e+02 	 0.0000000000000000e+00 	 0.0000000000000000e+00 	 0.0000000000000000e+00 	 0.0000000000000000e+00 	 1.5306794638486190e+02
	 0.0000000000000000e+00 	 7.8105600567794636e+02 	 0.0000000000000000e+00 	 0.0000000000000000e+00 	 0.0000000000000000e+00 	 -1.3987784131706389e+01
	 0.0000000000000000e+00 	 0.0000000000000000e+00 	 7.8105600567794636e+02 	 -1.5306794638486190e+02 	 1.3987784131706389e+01 	 0.0000000000000000e+00
	 0.0000000000000000e+00 	 0.0000000000000000e+00 	 -1.5306794638486190e+02 	 1.3326633929823308e+03 	 2.3382200879949517e+02 	 0.0000000000000000e+00
	 0.0000000000000000e+00 	 0.0000000000000000e+00 	 1.3987784131706389e+01 	 2.3382200879949517e+02 	 3.9083477870845650e+02 	 0.0000000000000000e+00
	 1.5306794638486190e+02 	 -1.3987784131706389e+01 	 0.0000000000000000e+00 	 0.0000000000000000e+00 	 0.0000000000000000e+00 	 1.7234981716907873e+03

	 0.172414 
	 5.1038332600000000e+08 	 2.3120196800000000e+08 	 5.4445400000000000e+05 	 -7.4525500000000000e+05 	 4.9027950000000000e+06 	 4.3782808600000000e+08
	 2.3120196800000000e+08 	 1.4878086230000000e+09 	 -8.3302000000000000e+04 	 -3.8782000000000000e+04 	 -1.0481100000000000e+05 	 1.3481150000000000e+06
	 5.4445400000000000e+05 	 -8.3302000000000000e+04 	 1.4301847962000000e+10 	 -4.3425390080000000e+09 	 5.7883311100000000e+08 	 6.6965900000000000e+05
	 -7.4525500000000000e+05 	 -3.8782000000000000e+04 	 -4.3425390080000000e+09 	 1.7938848955000000e+10 	 -2.8814370690000000e+09 	 4.3806000000000000e+04
	 4.9027950000000000e+06 	 -1.0481100000000000e+05 	 5.7883311100000000e+08 	 -2.8814370690000000e+09 	 6.6843272650000000e+09 	 3.5524820000000000e+06
	 4.3782808600000000e+08 	 1.3481150000000000e+06 	 6.6965900000000000e+05 	 4.3806000000000000e+04 	 3.5524820000000000e+06 	 2.0228193710000000e+09

	 6.3048519349822084e+02 	 0.0000000000000000e+00 	 0.0000000000000000e+00 	 0.0000000000000000e+00 	 0.0000000000000000e+00 	 9.3356242039315916e+01
	 0.0000000000000000e+00 	 6.3048519349822084e+02 	 0.0000000000000000e+00 	 0.0000000000000000e+00 	 0.0000000000000000e+00 	 -3.0486036646340975e+00
	 0.0000000000000000e+00 	 0.0000000000000000e+00 	 6.3048519349822084e+02 	 -9.3356242039315916e+01 	 3.0486036646340975e+00 	 0.0000000000000000e+00
	 0.0000000000000000e+00 	 0.0000000000000000e+00 	 -9.3356242039315916e+01 	 1.0508102356629918e+03 	 1.7373095559962331e+02 	 0.0000000000000000e+00
	 0.0000000000000000e+00 	 0.0000000000000000e+00 	 3.0486036646340975e+00 	 1.7373095559962331e+02 	 2.2671722222471345e+02 	 0.0000000000000000e+00
	 9.3356242039315916e+01 	 -3.0486036646340975e+00 	 0.0000000000000000e+00 	 0.0000000000000000e+00 	 0.0000000000000000e+00 	 1.2775274578877052e+03

	 0.206897 
	 3.6249824700000000e+08 	 1.5762691500000000e+08 	 1.1596630000000000e+06 	 -9.9492300000000000e+05 	 2.2710080000000000e+06 	 2.9529974000000000e+08
	 1.5762691500000000e+08 	 1.1228530890000000e+09 	 1.6724000000000000e+04 	 -1.1141000000000000e+04 	 -5.8852000000000000e+04 	 1.6492678000000000e+07
	 1.1596630000000000e+06 	 1.6724000000000000e+04 	 1.3586566629000000e+10 	 -4.2808157290000000e+09 	 9.8163153600000000e+08 	 1.0202960000000000e+06
	 -9.9492300000000000e+05 	 -1.1141000000000000e+04 	 -4.2808157290000000e+09 	 1.4987889568000000e+10 	 -2.5232426310000000e+09 	 -6.0266700000000000e+05
	 2.2710080000000000e+06 	 -5.8852000000000000e+04 	 9.8163153600000000e+08 	 -2.5232426310000000e+09 	 5.1556354940000000e+09 	 1.6727050000000000e+06
	 2.9529974000000000e+08 	 1.6492678000000000e+07 	 1.0202960000000000e+06 	 -6.0266700000000000e+05 	 1.6727050000000000e+06 	 1.1830699000000000e+09

	 5.1321718674177316e+02 	 0.0000000000000000e+00 	 0.0000000000000000e+00 	 0.0000000000000000e+00 	 0.0000000000000000e+00 	 5.4983978907286229e+01
	 0.0000000000000000e+00 	 5.1321718674177316e+02 	 0.0000000000000000e+00 	 0.0000000000000000e+00 	 0.0000000000000000e+00 	 -6.6640658581299117e-01
	 0.0000000000000000e+00 	 0.0000000000000000e+00 	 5.1321718674177316e+02 	 -5.4983978907286229e+01 	 6.6640658581299117e-01 	 0.0000000000000000e+00
	 0.0000000000000000e+00 	 0.0000000000000000e+00 	 -5.4983978907286229e+01 	 8.2507889565678693e+02 	 1.3045228977391469e+02 	 0.0000000000000000e+00
	 0.0000000000000000e+00 	 0.0000000000000000e+00 	 6.6640658581299117e-01 	 1.3045228977391469e+02 	 1.4343382708933933e+02 	 0.0000000000000000e+00
	 5.4983978907286229e+01 	 -6.6640658581299117e-01 	 0.0000000000000000e+00 	 0.0000000000000000e+00 	 0.0000000000000000e+00 	 9.6851272274612620e+02

	 0.241379 
	 2.9133628800000000e+08 	 1.0839222000000000e+08 	 1.2960660000000000e+06 	 -9.7265900000000000e+05 	 1.4209980000000000e+06 	 2.2526668300000000e+08
	 1.0839222000000000e+08 	 8.8304740300000000e+08 	 2.6440000000000000e+04 	 3.5670000000000000e+04 	 -2.4860000000000000e+03 	 3.6213425000000000e+07
	 1.2960660000000000e+06 	 2.6440000000000000e+04 	 1.3255606248000000e+10 	 -4.3655302130000000e+09 	 3.4768772800000000e+08 	 1.0497730000000000e+06
	 -9.7265900000000000e+05 	 3.5670000000000000e+04 	 -4.3655302130000000e+09 	 1.3177346280000000e+10 	 -1.6387520670000000e+09 	 -8.4333300000000000e+05
	 1.4209980000000000e+06 	 -2.4860000000000000e+03 	 3.4768772800000000e+08 	 -1.6387520670000000e+09 	 4.3219211520000000e+09 	 1.0080330000000000e+06
	 2.2526668300000000e+08 	 3.6213425000000000e+07 	 1.0497730000000000e+06 	 -8.4333300000000000e+05 	 1.0080330000000000e+06 	 8.1521608000000000e+08

	 4.4387818159729846e+02 	 0.0000000000000000e+00 	 0.0000000000000000e+00 	 0.0000000000000000e+00 	 0.0000000000000000e+00 	 3.8959492812181260e+01
	 0.0000000000000000e+00 	 4.4387818159729846e+02 	 0.0000000000000000e+00 	 0.0000000000000000e+00 	 0.0000000000000000e+00 	 7.7767467537147184e+00
	 0.0000000000000000e+00 	 0.0000000000000000e+00 	 4.4387818159729846e+02 	 -3.8959492812181260e+01 	 -7.7767467537147184e+00 	 0.0000000000000000e+00
	 0.0000000000000000e+00 	 0.0000000000000000e+00 	 -3.8959492812181260e+01 	 6.9530002905809135e+02 	 9.3693661324617423e+01 	 0.0000000000000000e+00
	 0.0000000000000000e+00 	 0.0000000000000000e+00 	 -7.7767467537147184e+00 	 9.3693661324617423e+01 	 1.0523692334331534e+02 	 0.0000000000000000e+00
	 3.8959492812181260e+01 	 7.7767467537147184e+00 	 0.0000000000000000e+00 	 0.0000000000000000e+00 	 0.0000000000000000e+00 	 8.0053695240140667e+02

	 0.275862 
	 2.5073387100000000e+08 	 8.0968472000000000e+07 	 1.1938240000000000e+06 	 -8.7136800000000000e+05 	 1.5686790000000000e+06 	 1.8018563600000000e+08
	 8.0968472000000000e+07 	 7.7353682500000000e+08 	 -1.0224000000000000e+04 	 -7.4111000000000000e+04 	 8.3410000000000000e+03 	 4.4345749000000000e+07
	 1.1938240000000000e+06 	 -1.0224000000000000e+04 	 1.4157340584000000e+10 	 -4.9185988610000000e+09 	 1.5370121400000000e+08 	 9.2123500000000000e+05
	 -8.7136800000000000e+05 	 -7.4111000000000000e+04 	 -4.9185988610000000e+09 	 1.2485635326000000e+10 	 -1.2471097370000000e+09 	 -7.1516900000000000e+05
	 1.5686790000000000e+06 	 8.3410000000000000e+03 	 1.5370121400000000e+08 	 -1.2471097370000000e+09 	 4.0239079930000000e+09 	 1.0469670000000000e+06
	 1.8018563600000000e+08 	 4.4345749000000000e+07 	 9.2123500000000000e+05 	 -7.1516900000000000e+05 	 1.0469670000000000e+06 	 6.2441451400000000e+08

	 4.2184493514164910e+02 	 0.0000000000000000e+00 	 0.0000000000000000e+00 	 0.0000000000000000e+00 	 0.0000000000000000e+00 	 3.0672483782702994e+01
	 0.0000000000000000e+00 	 4.2184493514164910e+02 	 0.0000000000000000e+00 	 0.0000000000000000e+00 	 0.0000000000000000e+00 	 1.2464866791097389e+01
	 0.0000000000000000e+00 	 0.0000000000000000e+00 	 4.2184493514164910e+02 	 -3.0672483782702994e+01 	 -1.2464866791097389e+01 	 0.0000000000000000e+00
	 0.0000000000000000e+00 	 0.0000000000000000e+00 	 -3.0672483782702994e+01 	 6.4441257757025289e+02 	 7.4923040820094485e+01 	 0.0000000000000000e+00
	 0.0000000000000000e+00 	 0.0000000000000000e+00 	 -1.2464866791097389e+01 	 7.4923040820094485e+01 	 8.6280899712492328e+01 	 0.0000000000000000e+00
	 3.0672483782702994e+01 	 1.2464866791097389e+01 	 0.0000000000000000e+00 	 0.0000000000000000e+00 	 0.0000000000000000e+00 	 7.3069347728274522e+02

	 0.310345 
	 2.2306206000000000e+08 	 6.7559292000000000e+07 	 5.3841200000000000e+05 	 -4.2382200000000000e+05 	 7.5902700000000000e+05 	 1.5216880900000000e+08
	 6.7559292000000000e+07 	 7.1102919800000000e+08 	 -7.5484000000000000e+04 	 -5.0764000000000000e+04 	 7.6000000000000000e+02 	 4.6398754000000000e+07
	 5.3841200000000000e+05 	 -7.5484000000000000e+04 	 1.3902533833000000e+10 	 -4.6923340660000000e+09 	 3.7078950000000000e+06 	 4.2543100000000000e+05
	 -4.2382200000000000e+05 	 -5.0764000000000000e+04 	 -4.6923340660000000e+09 	 1.1495659501000000e+10 	 -1.0029536290000000e+09 	 -3.0004100000000000e+05
	 7.5902700000000000e+05 	 7.6000000000000000e+02 	 3.7078950000000000e+06 	 -1.0029536290000000e+09 	 3.4388562840000000e+09 	 4.6249800000000000e+05
	 1.5216880900000000e+08 	 4.6398754000000000e+07 	 4.2543100000000000e+05 	 -3.0004100000000000e+05 	 4.6249800000000000e+05 	 5.1076426800000000e+08

	 4.0026111223608535e+02 	 0.0000000000000000e+00 	 0.0000000000000000e+00 	 0.0000000000000000e+00 	 0.0000000000000000e+00 	 2.5953648533170167e+01
	 0.0000000000000000e+00 	 4.0026111223608535e+02 	 0.0000000000000000e+00 	 0.0000000000000000e+00 	 0.0000000000000000e+00 	 1.4602617565512668e+01
	 0.0000000000000000e+00 	 0.0000000000000000e+00 	 4.0026111223608535e+02 	 -2.5953648533170167e+01 	 -1.4602617565512668e+01 	 0.0000000000000000e+00
	 0.0000000000000000e+00 	 0.0000000000000000e+00 	 -2.5953648533170167e+01 	 5.9719226380517762e+02 	 6.3140153009849627e+01 	 0.0000000000000000e+00
	 0.0000000000000000e+00 	 0.0000000000000000e+00 	 -1.4602617565512668e+01 	 6.3140153009849627e+01 	 7.1336447353016894e+01 	 0.0000000000000000e+00
	 2.5953648533170167e+01 	 1.4602617565512668e+01 	 0.0000000000000000e+00 	 0.0000000000000000e+00 	 0.0000000000000000e+00 	 6.6852871115819448e+02

	 0.344828 
	 2.0360321600000000e+08 	 6.4094302000000000e+07 	 3.3051500000000000e+05 	 -2.9073900000000000e+05 	 4.4017000000000000e+05 	 1.2676781700000000e+08
	 6.4094302000000000e+07 	 7.2193169000000000e+08 	 -2.6037000000000000e+04 	 -4.9282000000000000e+04 	 6.1050000000000000e+03 	 4.8515379000000000e+07
	 3.3051500000000000e+05 	 -2.6037000000000000e+04 	 1.5318898605000000e+10 	 -5.2452269500000000e+09 	 -6.6904486000000000e+07 	 2.9215200000000000e+05
	 -2.9073900000000000e+05 	 -4.9282000000000000e+04 	 -5.2452269500000000e+09 	 1.1196929342000000e+10 	 -8.5635846800000000e+08 	 -1.8048500000000000e+05
	 4.4017000000000000e+05 	 6.1050000000000000e+03 	 -6.6904486000000000e+07 	 -8.5635846800000000e+08 	 3.5881466560000000e+09 	 2.5795000000000000e+05
	 1.2676781700000000e+08 	 4.8515379000000000e+07 	 2.9215200000000000e+05 	 -1.8048500000000000e+05 	 2.5795000000000000e+05 	 4.6014638900000000e+08

	 4.0605176256097047e+02 	 0.0000000000000000e+00 	 0.0000000000000000e+00 	 0.0000000000000000e+00 	 0.0000000000000000e+00 	 3.0650324470847750e+01
	 0.0000000000000000e+00 	 4.0605176256097047e+02 	 0.0000000000000000e+00 	 0.0000000000000000e+00 	 0.0000000000000000e+00 	 1.5130629800376315e+01
	 0.0000000000000000e+00 	 0.0000000000000000e+00 	 4.0605176256097047e+02 	 -3.0650324470847750e+01 	 -1.5130629800376315e+01 	 0.0000000000000000e+00
	 0.0000000000000000e+00 	 0.0000000000000000e+00 	 -3.0650324470847750e+01 	 5.6298755284289621e+02 	 5.5224788884990900e+01 	 0.0000000000000000e+00
	 0.0000000000000000e+00 	 0.0000000000000000e+00 	 -1.5130629800376315e+01 	 5.5224788884990900e+01 	 6.8969800423939631e+01 	 0.0000000000000000e+00
	 3.0650324470847750e+01 	 1.5130629800376315e+01 	 0.0000000000000000e+00 	 0.0000000000000000e+00 	 0.0000000000000000e+00 	 6.3195735326683587e+02

	 0.379310 
	 1.5209356500000000e+08 	 5.3469073000000000e+07 	 1.6123200000000000e+05 	 -1.7567800000000000e+05 	 4.5295000000000000e+05 	 9.8887669000000000e+07
	 5.3469073000000000e+07 	 6.4128879700000000e+08 	 -7.5947000000000000e+04 	 -6.0914000000000000e+04 	 1.1404000000000000e+04 	 4.4136800000000000e+07
	 1.6123200000000000e+05 	 -7.5947000000000000e+04 	 1.4897028685000000e+10 	 -4.9213056410000000e+09 	 -1.3764367400000000e+08 	 1.6163600000000000e+05
	 -1.7567800000000000e+05 	 -6.0914000000000000e+04 	 -4.9213056410000000e+09 	 9.7850807260000000e+09 	 -6.6772918700000000e+08 	 -6.8397000000000000e+04
	 4.5295000000000000e+05 	 1.1404000000000000e+04 	 -1.3764367400000000e+08 	 -6.6772918700000000e+08 	 3.2451754500000000e+09 	 2.8077100000000000e+05
	 9.8887669000000000e+07 	 4.4136800000000000e+07 	 1.6163600000000000e+05 	 -6.8397000000000000e+04 	 2.8077100000000000e+05 	 3.7089918300000000e+08

	 3.7132598712257141e+02 	 0.0000000000000000e+00 	 0.0000000000000000e+00 	 0.0000000000000000e+00 	 0.0000000000000000e+00 	 2.3672005685554733e+01
	 0.0000000000000000e+00 	 3.7132598712257141e+02 	 0.0000000000000000e+00 	 0.0000000000000000e+00 	 0.0000000000000000e+00 	 1.4525590405586545e+01
	 0.0000000000000000e+00 	 0.0000000000000000e+00 	 3.7132598712257141e+02 	 -2.3672005685554733e+01 	 -1.4525590405586545e+01 	 0.0000000000000000e+00
	 0.0000000000000000e+00 	 0.0000000000000000e+00 	 -2.3672005685554733e+01 	 4.8006835398259233e+02 	 4.4509779474842055e+01 	 0.0000000000000000e+00
	 0.0000000000000000e+00 	 0.0000000000000000e+00 	 -1.4525590405586545e+01 	 4.4509779474842055e+01 	 5.9053318380192607e+01 	 0.0000000000000000e+00
	 2.3672005685554733e+01 	 1.4525590405586545e+01 	 0.0000000000000000e+00 	 0.0000000000000000e+00 	 0.0000000000000000e+00 	 5.3912167236278492e+02

	 0.413793 
	 1.4398262300000000e+08 	 4.8591053000000000e+07 	 1.0295400000000000e+05 	 -1.6459500000000000e+05 	 5.9327000000000000e+05 	 8.8276811000000000e+07
	 4.8591053000000000e+07 	 6.2561004700000000e+08 	 -1.5291400000000000e+05 	 -8.4672000000000000e+04 	 2.1452000000000000e+04 	 4.1424489000000000e+07
	 1.0295400000000000e+05 	 -1.5291400000000000e+05 	 1.4742892690000000e+10 	 -4.6031146060000000e+09 	 -2.0216151500000000e+08 	 1.3809700000000000e+05
	 -1.6459500000000000e+05 	 -8.4672000000000000e+04 	 -4.6031146060000000e+09 	 8.7509497600000000e+09 	 -5.3297563200000000e+08 	 -2.9209000000000000e+04
	 5.9327000000000000e+05 	 2.1452000000000000e+04 	 -2.0216151500000000e+08 	 -5.3297563200000000e+08 	 2.9104526000000000e+09 	 3.2807200000000000e+05
	 8.8276811000000000e+07 	 4.1424489000000000e+07 	 1.3809700000000000e+05 	 -2.9209000000000000e+04 	 3.2807200000000000e+05 	 3.2329931500000000e+08

	 3.5847376044080517e+02 	 0.0000000000000000e+00 	 0.0000000000000000e+00 	 0.0000000000000000e+00 	 0.0000000000000000e+00 	 1.6811092762755742e+01
	 0.0000000000000000e+00 	 3.5847376044080517e+02 	 0.0000000000000000e+00 	 0.0000000000000000e+00 	 0.0000000000000000e+00 	 1.4593408197624987e+01
	 0.0000000000000000e+00 	 0.0000000000000000e+00 	 3.5847376044080517e+02 	 -1.6811092762755742e+01 	 -1.4593408197624987e+01 	 0.0000000000000000e+00
	 0.0000000000000000e+00 	 0.0000000000000000e+00 	 -1.6811092762755742e+01 	 4.2277537658308881e+02 	 3.6767170331401687e+01 	 0.0000000000000000e+00
	 0.0000000000000000e+00 	 0.0000000000000000e+00 	 -1.4593408197624987e+01 	 3.6767170331401687e+01 	 5.1556955270766068e+01 	 0.0000000000000000e+00
	 1.6811092762755742e+01 	 1.4593408197624987e+01 	 0.0000000000000000e+00 	 0.0000000000000000e+00 	 0.0000000000000000e+00 	 4.7433233185385490e+02

	 0.448276 
	 1.2814829100000000e+08 	 3.8087551000000000e+07 	 9.8875000000000000e+04 	 -1.5376500000000000e+05 	 6.4213500000000000e+05 	 7.1855139000000000e+07
	 3.8087551000000000e+07 	 5.4411701700000000e+08 	 -8.5594000000000000e+04 	 -9.4747000000000000e+04 	 1.8501000000000000e+04 	 3.3729237000000000e+07
	 9.8875000000000000e+04 	 -8.5594000000000000e+04 	 1.4315493372000000e+10 	 -4.3713136260000000e+09 	 -2.3049435700000000e+08 	 1.5042100000000000e+05
	 -1.5376500000000000e+05 	 -9.4747000000000000e+04 	 -4.3713136260000000e+09 	 7.1852508760000000e+09 	 -3.5989831100000000e+08 	 -6.4737000000000000e+04
	 6.4213500000000000e+05 	 1.8501000000000000e+04 	 -2.3049435700000000e+08 	 -3.5989831100000000e+08 	 2.4432211990000000e+09 	 3.7118500000000000e+05
	 7.1855139000000000e+07 	 3.3729237000000000e+07 	 1.5042100000000000e+05 	 -6.4737000000000000e+04 	 3.7118500000000000e+05 	 2.4250740400000000e+08

	 3.2381936550887173e+02 	 0.0000000000000000e+00 	 0.0000000000000000e+00 	 0.0000000000000000e+00 	 0.0000000000000000e+00 	 1.6323618552126298e+01
	 0.0000000000000000e+00 	 3.2381936550887173e+02 	 0.0000000000000000e+00 	 0.0000000000000000e+00 	 0.0000000000000000e+00 	 1.2596690258537627e+01
	 0.0000000000000000e+00 	 0.0000000000000000e+00 	 3.2381936550887173e+02 	 -1.6323618552126298e+01 	 -1.2596690258537627e+01 	 0.0000000000000000e+00
	 0.0000000000000000e+00 	 0.0000000000000000e+00 	 -1.6323618552126298e+01 	 3.2551225064567348e+02 	 2.5631620097079740e+01 	 0.0000000000000000e+00
	 0.0000000000000000e+00 	 0.0000000000000000e+00 	 -1.2596690258537627e+01 	 2.5631620097079740e+01 	 4.0293504482080252e+01 	 0.0000000000000000e+00
	 1.6323618552126298e+01 	 1.2596690258537627e+01 	 0.0000000000000000e+00 	 0.0000000000000000e+00 	 0.0000000000000000e+00 	 3.6580575512775374e+02

	 0.482759 
	 1.1873103800000000e+08 	 3.2879289000000000e+07 	 9.2167000000000000e+04 	 -1.3836500000000000e+05 	 5.2940400000000000e+05 	 6.2084007000000000e+07
	 3.2879289000000000e+07 	 5.3246839200000000e+08 	 -3.0770000000000000e+04 	 -5.6262000000000000e+04 	 1.3739000000000000e+04 	 3.0575977000000000e+07
	 9.2167000000000000e+04 	 -3.0770000000000000e+04 	 1.4134747950000000e+10 	 -4.1141476370000000e+09 	 -2.6873232000000000e+08 	 1.4711700000000000e+05
	 -1.3836500000000000e+05 	 -5.6262000000000000e+04 	 -4.1141476370000000e+09 	 6.1883520580000000e+09 	 -2.4637446200000000e+08 	 -7.0704000000000000e+04
	 5.2940400000000000e+05 	 1.3739000000000000e+04 	 -2.6873232000000000e+08 	 -2.4637446200000000e+08 	 2.0903941570000000e+09 	 3.3628000000000000e+05
	 6.2084007000000000e+07 	 3.0575977000000000e+07 	 1.4711700000000000e+05 	 -7.0704000000000000e+04 	 3.3628000000000000e+05 	 2.0151443800000000e+08

	 3.0686195411211662e+02 	 0.0000000000000000e+00 	 0.0000000000000000e+00 	 0.0000000000000000e+00 	 0.0000000000000000e+00 	 1.1335765301693002e+01
	 0.0000000000000000e+00 	 3.0686195411211662e+02 	 0.0000000000000000e+00 	 0.0000000000000000e+00 	 0.0000000000000000e+00 	 1.1928758005377185e+01
	 0.0000000000000000e+00 	 0.0000000000000000e+00 	 3.0686195411211662e+02 	 -1.1335765301693002e+01 	 -1.1928758005377185e+01 	 0.0000000000000000e+00
	 0.0000000000000000e+00 	 0.0000000000000000e+00 	 -1.1335765301693002e+01 	 2.6922534856428047e+02 	 1.8838048665138263e+01 	 0.0000000000000000e+00
	 0.0000000000000000e+00 	 0.0000000000000000e+00 	 -1.1928758005377185e+01 	 1.8838048665138263e+01 	 3.3184067298437483e+01 	 0.0000000000000000e+00
	 1.1335765301693002e+01 	 1.1928758005377185e+01 	 0.0000000000000000e+00 	 0.0000000000000000e+00 	 0.0000000000000000e+00 	 3.0240941586271794e+02

	 0.517241 
	 1.0536801300000000e+08 	 2.3346817000000000e+07 	 1.2942800000000000e+05 	 -1.5105700000000000e+05 	 4.4088700000000000e+05 	 4.9643070000000000e+07
	 2.3346817000000000e+07 	 4.5528388100000000e+08 	 -1.3571200000000000e+05 	 -2.3301000000000000e+04 	 1.1312000000000000e+04 	 2.1772533000000000e+07
	 1.2942800000000000e+05 	 -1.3571200000000000e+05 	 1.3030971805000000e+10 	 -3.5277274280000000e+09 	 -1.9864283000000000e+07 	 1.5512900000000000e+05
	 -1.5105700000000000e+05 	 -2.3301000000000000e+04 	 -3.5277274280000000e+09 	 5.0609267530000000e+09 	 -2.5334805200000000e+08 	 -9.0015000000000000e+04
	 4.4088700000000000e+05 	 1.1312000000000000e+04 	 -1.9864283000000000e+07 	 -2.5334805200000000e+08 	 1.6569024030000000e+09 	 2.6082700000000000e+05
	 4.9643070000000000e+07 	 2.1772533000000000e+07 	 1.5512900000000000e+05 	 -9.0015000000000000e+04 	 2.6082700000000000e+05 	 1.5425606800000000e+08

	 2.7052960364046146e+02 	 0.0000000000000000e+00 	 0.0000000000000000e+00 	 0.0000000000000000e+00 	 0.0000000000000000e+00 	 2.5585848175139465e+00
	 0.0000000000000000e+00 	 2.7052960364046146e+02 	 0.0000000000000000e+00 	 0.0000000000000000e+00 	 0.0000000000000000e+00 	 7.9345700698729447e+00
	 0.0000000000000000e+00 	 0.0000000000000000e+00 	 2.7052960364046146e+02 	 -2.5585848175139465e+00 	 -7.9345700698729447e+00 	 0.0000000000000000e+00
	 0.0000000000000000e+00 	 0.0000000000000000e+00 	 -2.5585848175139465e+00 	 2.1136950552493806e+02 	 1.4014419220888456e+01 	 0.0000000000000000e+00
	 0.0000000000000000e+00 	 0.0000000000000000e+00 	 -7.9345700698729447e+00 	 1.4014419220888456e+01 	 2.5348550550373400e+01 	 0.0000000000000000e+00
	 2.5585848175139465e+00 	 7.9345700698729447e+00 	 0.0000000000000000e+00 	 0.0000000000000000e+00 	 0.0000000000000000e+00 	 2.3671805607531147e+02

	 0.551724 
	 9.3177780000000000e+07 	 1.6488269000000000e+07 	 3.2720000000000000e+04 	 -7.8425000000000000e+04 	 3.9339300000000000e+05 	 3.9493526000000000e+07
	 1.6488269000000000e+07 	 3.8329915900000000e+08 	 -5.8357000000000000e+04 	 -2.0000000000000000e+04 	 9.5460000000000000e+03 	 1.9959375000000000e+07
	 3.2720000000000000e+04 	 -5.8357000000000000e+04 	 1.1969588459000000e+10 	 -2.9996521070000000e+09 	 -2.8330744800000000e+08 	 8.1255000000000000e+04
	 -7.8425000000000000e+04 	 -2.0000000000000000e+04 	 -2.9996521070000000e+09 	 4.1207361370000000e+09 	 -8.4170883000000000e+07 	 -3.6536000000000000e+04
	 3.9339300000000000e+05 	 9.5460000000000000e+03 	 -2.8330744800000000e+08 	 -8.4170883000000000e+07 	 1.3081320420000000e+09 	 2.1901100000000000e+05
	 3.9493526000000000e+07 	 1.9959375000000000e+07 	 8.1255000000000000e+04 	 -3.6536000000000000e+04 	 2.1901100000000000e+05 	 1.1462739300000000e+08

	 2.3643235817457094e+02 	 0.0000000000000000e+00 	 0.0000000000000000e+00 	 0.0000000000000000e+00 	 0.0000000000000000e+00 	 -3.4960775394522021e+00
	 0.0000000000000000e+00 	 2.3643235817457094e+02 	 0.0000000000000000e+00 	 0.0000000000000000e+00 	 0.0000000000000000e+00 	 9.0278728868993898e+00
	 0.0000000000000000e+00 	 0.0000000000000000e+00 	 2.3643235817457094e+02 	 3.4960775394522021e+00 	 -9.0278728868993898e+00 	 0.0000000000000000e+00
	 0.0000000000000000e+00 	 0.0000000000000000e+00 	 3.4960775394522021e+00 	 1.6485854186825779e+02 	 8.6622630033020425e+00 	 0.0000000000000000e+00
	 0.0000000000000000e+00 	 0.0000000000000000e+00 	 -9.0278728868993898e+00 	 8.6622630033020425e+00 	 1.9032561359888987e+01 	 0.0000000000000000e+00
	 -3.4960775394522021e+00 	 9.0278728868993898e+00 	 0.0000000000000000e+00 	 0.0000000000000000e+00 	 0.0000000000000000e+00 	 1.8389110322814679e+02

	 0.586207 
	 8.4523331000000000e+07 	 1.2095721000000000e+07 	 1.0572200000000000e+05 	 -9.3608000000000000e+04 	 3.1912800000000000e+05 	 3.2694452000000000e+07
	 1.2095721000000000e+07 	 3.6630197000000000e+08 	 -7.4724000000000000e+04 	 -1.6744000000000000e+04 	 5.4260000000000000e+03 	 1.4793281000000000e+07
	 1.0572200000000000e+05 	 -7.4724000000000000e+04 	 1.0912641140000000e+10 	 -2.5154307400000000e+09 	 -5.6307389000000000e+07 	 9.4879000000000000e+04
	 -9.3608000000000000e+04 	 -1.6744000000000000e+04 	 -2.5154307400000000e+09 	 3.3199474570000000e+09 	 -1.0932348000000000e+08 	 -5.8417000000000000e+04
	 3.1912800000000000e+05 	 5.4260000000000000e+03 	 -5.6307389000000000e+07 	 -1.0932348000000000e+08 	 9.9205964900000000e+08 	 1.4462700000000000e+05
	 3.2694452000000000e+07 	 1.4793281000000000e+07 	 9.4879000000000000e+04 	 -5.8417000000000000e+04 	 1.4462700000000000e+05 	 9.1804899000000000e+07

	 2.1169628628420776e+02 	 0.0000000000000000e+00 	 0.0000000000000000e+00 	 0.0000000000000000e+00 	 0.0000000000000000e+00 	 -5.0658828592994913e+00
	 0.0000000000000000e+00 	 2.1169628628420776e+02 	 0.0000000000000000e+00 	 0.0000000000000000e+00 	 0.0000000000000000e+00 	 5.5696544488347062e+00
	 0.0000000000000000e+00 	 0.0000000000000000e+00 	 2.1169628628420776e+02 	 5.0658828592994913e+00 	 -5.5696544488347062e+00 	 0.0000000000000000e+00
	 0.0000000000000000e+00 	 0.0000000000000000e+00 	 5.0658828592994913e+00 	 1.3082110609184070e+02 	 6.4004393843403999e+00 	 0.0000000000000000e+00
	 0.0000000000000000e+00 	 0.0000000000000000e+00 	 -5.5696544488347062e+00 	 6.4004393843403999e+00 	 1.4343773133453155e+01 	 0.0000000000000000e+00
	 -5.0658828592994913e+00 	 5.5696544488347062e+00 	 0.0000000000000000e+00 	 0.0000000000000000e+00 	 0.0000000000000000e+00 	 1.4516487922529387e+02

	 0.620690 
	 6.7054163000000000e+07 	 7.4272120000000000e+06 	 7.3547000000000000e+04 	 -5.5111000000000000e+04 	 2.1308900000000000e+05 	 1.9936296000000000e+07
	 7.4272120000000000e+06 	 2.9304336400000000e+08 	 1.0819000000000000e+04 	 -2.6635000000000000e+04 	 1.6290000000000000e+03 	 1.0596661000000000e+07
	 7.3547000000000000e+04 	 1.0819000000000000e+04 	 8.6531383000000000e+09 	 -1.9208924380000000e+09 	 -3.0654091000000000e+07 	 5.6652000000000000e+04
	 -5.5111000000000000e+04 	 -2.6635000000000000e+04 	 -1.9208924380000000e+09 	 2.1638918690000000e+09 	 -5.7672365000000000e+07 	 -2.9733000000000000e+04
	 2.1308900000000000e+05 	 1.6290000000000000e+03 	 -3.0654091000000000e+07 	 -5.7672365000000000e+07 	 6.7154888100000000e+08 	 6.8847000000000000e+04
	 1.9936296000000000e+07 	 1.0596661000000000e+07 	 5.6652000000000000e+04 	 -2.9733000000000000e+04 	 6.8847000000000000e+04 	 5.8492153000000000e+07

	 1.6429406004688366e+02 	 0.0000000000000000e+00 	 0.0000000000000000e+00 	 0.0000000000000000e+00 	 0.0000000000000000e+00 	 -1.2549355884432671e+00
	 0.0000000000000000e+00 	 1.6429406004688366e+02 	 0.0000000000000000e+00 	 0.0000000000000000e+00 	 0.0000000000000000e+00 	 3.6354999412660640e+00
	 0.0000000000000000e+00 	 0.0000000000000000e+00 	 1.6429406004688366e+02 	 1.2549355884432671e+00 	 -3.6354999412660640e+00 	 0.0000000000000000e+00
	 0.0000000000000000e+00 	 0.0000000000000000e+00 	 1.2549355884432671e+00 	 8.4266023379571735e+01 	 3.4695574948683223e+00 	 0.0000000000000000e+00
	 0.0000000000000000e+00 	 0.0000000000000000e+00 	 -3.6354999412660640e+00 	 3.4695574948683223e+00 	 9.5317761547286128e+00 	 0.0000000000000000e+00
	 -1.2549355884432671e+00 	 3.6354999412660640e+00 	 0.0000000000000000e+00 	 0.0000000000000000e+00 	 0.0000000000000000e+00 	 9.3797799534300353e+01

	 0.655172 
	 4.2083730000000000e+07 	 5.1051630000000000e+06 	 -2.2850000000000000e+03 	 -1.3182000000000000e+04 	 1.1099400000000000e+05 	 1.4677772000000000e+07
	 5.1051630000000000e+06 	 2.6177795700000000e+08 	 7.3920000000000000e+03 	 -2.0751000000000000e+04 	 3.2600000000000000e+02 	 1.1772586000000000e+07
	 -2.2850000000000000e+03 	 7.3920000000000000e+03 	 7.3999051520000000e+09 	 -1.4096257470000000e+09 	 -2.1091306300000000e+08 	 1.3319000000000000e+04
	 -1.3182000000000000e+04 	 -2.0751000000000000e+04 	 -1.4096257470000000e+09 	 1.6119072880000000e+09 	 1.7233317000000000e+07 	 3.4800000000000000e+03
	 1.1099400000000000e+05 	 3.2600000000000000e+02 	 -2.1091306300000000e+08 	 1.7233317000000000e+07 	 4.8409622000000000e+08 	 3.9395000000000000e+04
	 1.4677772000000000e+07 	 1.1772586000000000e+07 	 1.3319000000000000e+04 	 3.4800000000000000e+03 	 3.9395000000000000e+04 	 4.0189076000000000e+07

	 1.4137357115204637e+02 	 0.0000000000000000e+00 	 0.0000000000000000e+00 	 0.0000000000000000e+00 	 0.0000000000000000e+00 	 -5.1509112436400910e+00
	 0.0000000000000000e+00 	 1.4137357115204637e+02 	 0.0000000000000000e+00 	 0.0000000000000000e+00 	 0.0000000000000000e+00 	 4.7464884007388415e+00
	 0.0000000000000000e+00 	 0.0000000000000000e+00 	 1.4137357115204637e+02 	 5.1509112436400910e+00 	 -4.7464884007388415e+00 	 0.0000000000000000e+00
	 0.0000000000000000e+00 	 0.0000000000000000e+00 	 5.1509112436400910e+00 	 6.5113517625318138e+01 	 1.7872695304820960e+00 	 0.0000000000000000e+00
	 0.0000000000000000e+00 	 0.0000000000000000e+00 	 -4.7464884007388415e+00 	 1.7872695304820960e+00 	 6.8540614430758620e+00 	 0.0000000000000000e+00
	 -5.1509112436400910e+00 	 4.7464884007388415e+00 	 0.0000000000000000e+00 	 0.0000000000000000e+00 	 0.0000000000000000e+00 	 7.1967579068394002e+01

	 0.689655 
	 3.5125872000000000e+07 	 1.1977450000000000e+06 	 3.3777000000000000e+04 	 -1.9884000000000000e+04 	 7.5307000000000000e+04 	 1.0267451000000000e+07
	 1.1977450000000000e+06 	 1.9108021100000000e+08 	 -6.8455000000000000e+04 	 -5.5840000000000000e+03 	 -9.3000000000000000e+02 	 6.5147250000000000e+06
	 3.3777000000000000e+04 	 -6.8455000000000000e+04 	 6.0990675520000000e+09 	 -1.0070026750000000e+09 	 -4.8752945000000000e+07 	 2.1836000000000000e+04
	 -1.9884000000000000e+04 	 -5.5840000000000000e+03 	 -1.0070026750000000e+09 	 1.1025438380000000e+09 	 -3.7734010000000000e+06 	 -5.9710000000000000e+03
	 7.5307000000000000e+04 	 -9.3000000000000000e+02 	 -4.8752945000000000e+07 	 -3.7734010000000000e+06 	 3.2394996500000000e+08 	 2.2224000000000000e+04
	 1.0267451000000000e+07 	 6.5147250000000000e+06 	 2.1836000000000000e+04 	 -5.9710000000000000e+03 	 2.2224000000000000e+04 	 2.6484308000000000e+07

	 1.1153286067786887e+02 	 0.0000000000000000e+00 	 0.0000000000000000e+00 	 0.0000000000000000e+00 	 0.0000000000000000e+00 	 -3.8485023653304538e+00
	 0.0000000000000000e+00 	 1.1153286067786887e+02 	 0.0000000000000000e+00 	 0.0000000000000000e+00 	 0.0000000000000000e+00 	 2.2148196067269947e+00
	 0.0000000000000000e+00 	 0.0000000000000000e+00 	 1.1153286067786887e+02 	 3.8485023653304538e+00 	 -2.2148196067269947e+00 	 0.0000000000000000e+00
	 0.0000000000000000e+00 	 0.0000000000000000e+00 	 3.8485023653304538e+00 	 4.3663220554206731e+01 	 1.0758923225574550e+00 	 0.0000000000000000e+00
	 0.0000000000000000e+00 	 0.0000000000000000e+00 	 -2.2148196067269947e+00 	 1.0758923225574550e+00 	 4.4898868765806430e+00 	 0.0000000000000000e+00
	 -3.8485023653304538e+00 	 2.2148196067269947e+00 	 0.0000000000000000e+00 	 0.0000000000000000e+00 	 0.0000000000000000e+00 	 4.8153107430787372e+01

	 0.724138 
	 2.9124413000000000e+07 	 -6.8743000000000000e+04 	 1.0220000000000000e+03 	 -9.4340000000000000e+03 	 6.6717000000000000e+04 	 6.8497590000000000e+06
	 -6.8743000000000000e+04 	 1.2665743600000000e+08 	 1.1310000000000000e+03 	 -9.4230000000000000e+03 	 -7.2700000000000000e+02 	 5.4782980000000000e+06
	 1.0220000000000000e+03 	 1.1310000000000000e+03 	 4.8962062430000000e+09 	 -6.7243479500000000e+08 	 -1.4845928800000000e+08 	 1.3621000000000000e+04
	 -9.4340000000000000e+03 	 -9.4230000000000000e+03 	 -6.7243479500000000e+08 	 7.1449020300000000e+08 	 2.4058859000000000e+07 	 4.5100000000000000e+02
	 6.6717000000000000e+04 	 -7.2700000000000000e+02 	 -1.4845928800000000e+08 	 2.4058859000000000e+07 	 2.1962559100000000e+08 	 1.7465000000000000e+04
	 6.8497590000000000e+06 	 5.4782980000000000e+06 	 1.3621000000000000e+04 	 4.5100000000000000e+02 	 1.7465000000000000e+04 	 1.5859013000000000e+07

	 8.6462061744724338e+01 	 0.0000000000000000e+00 	 0.0000000000000000e+00 	 0.0000000000000000e+00 	 0.0000000000000000e+00 	 -3.7231186045313103e+00
	 0.0000000000000000e+00 	 8.6462061744724338e+01 	 0.0000000000000000e+00 	 0.0000000000000000e+00 	 0.0000000000000000e+00 	 2.5356312067740774e+00
	 0.0000000000000000e+00 	 0.0000000000000000e+00 	 8.6462061744724338e+01 	 3.7231186045313103e+00 	 -2.5356312067740774e+00 	 0.0000000000000000e+00
	 0.0000000000000000e+00 	 0.0000000000000000e+00 	 3.7231186045313103e+00 	 2.8348545326909878e+01 	 2.0325429002013673e-01 	 0.0000000000000000e+00
	 0.0000000000000000e+00 	 0.0000000000000000e+00 	 -2.5356312067740774e+00 	 2.0325429002013673e-01 	 2.8976841860137257e+00 	 0.0000000000000000e+00
	 -3.7231186045313103e+00 	 2.5356312067740774e+00 	 0.0000000000000000e+00 	 0.0000000000000000e+00 	 0.0000000000000000e+00 	 3.1246229512923605e+01

	 0.758621 
	 2.5391769000000000e+07 	 -2.0727440000000000e+06 	 5.0829000000000000e+04 	 -2.0195000000000000e+04 	 5.1542000000000000e+04 	 4.8115080000000000e+06
	 -2.0727440000000000e+06 	 1.0819055400000000e+08 	 -1.8440000000000000e+03 	 -7.0380000000000000e+03 	 -7.8300000000000000e+02 	 3.2807220000000000e+06
	 5.0829000000000000e+04 	 -1.8440000000000000e+03 	 3.9278010680000000e+09 	 -3.9682553700000000e+08 	 -2.6330851000000000e+07 	 2.4602000000000000e+04
	 -2.0195000000000000e+04 	 -7.0380000000000000e+03 	 -3.9682553700000000e+08 	 4.7732765600000000e+08 	 5.6684780000000000e+06 	 -8.1490000000000000e+03
	 5.1542000000000000e+04 	 -7.8300000000000000e+02 	 -2.6330851000000000e+07 	 5.6684780000000000e+06 	 1.3338606400000000e+08 	 1.0705000000000000e+04
