 ------- BEAMDYN V1.00.* INDIVIDUAL BLADE INPUT FILE --------------------------
 Test Format 1
 ---------------------- BLADE PARAMETERS --------------------------------------
30   station_total    - Number of blade input stations (-)
 1   damp_type        - Damping type: 0: no damping; 1: damped
  ---------------------- DAMPING COEFFICIENT------------------------------------
   mu1        mu2        mu3        mu4        mu5        mu6
   (-)        (-)        (-)        (-)        (-)        (-)
	 2.57593e-03 	 1.74690e-03 	 1.74690e-03 	 1.74690e-03 	 2.57593e-03 	 1.74690e-03
 ---------------------- DISTRIBUTED PROPERTIES---------------------------------
	 0.000000 
	 4.6755919880000000e+09 	 9.9519870000000000e+06 	 0.0000000000000000e+00 	 0.0000000000000000e+00 	 0.0000000000000000e+00 	 -7.4320000000000000e+06
	 9.9519870000000000e+06 	 4.6665423570000000e+09 	 0.0000000000000000e+00 	 0.0000000000000000e+00 	 0.0000000000000000e+00 	 1.4755882000000000e+07
	 0.0000000000000000e+00 	 0.0000000000000000e+00 	 3.2660361965000000e+10 	 -5.3982860000000000e+06 	 -5.2095679000000000e+07 	 0.0000000000000000e+00
	 0.0000000000000000e+00 	 0.0000000000000000e+00 	 -5.3982910000000000e+06 	 7.9165518520000000e+10 	 -1.8227054300000000e+08 	 0.0000000000000000e+00
	 0.0000000000000000e+00 	 0.0000000000000000e+00 	 -5.2095688000000000e+07 	 -1.8227054200000000e+08 	 7.9279336745000000e+10 	 0.0000000000000000e+00
	 -7.4320000000000000e+06 	 1.4755882000000000e+07 	 0.0000000000000000e+00 	 0.0000000000000000e+00 	 0.0000000000000000e+00 	 4.5556832722000000e+10

	 2.2455679971822342e+03 	 0.0000000000000000e+00 	 0.0000000000000000e+00 	 0.0000000000000000e+00 	 0.0000000000000000e+00 	 3.4696993000946641e-01
	 0.0000000000000000e+00 	 2.2455679971822342e+03 	 0.0000000000000000e+00 	 0.0000000000000000e+00 	 0.0000000000000000e+00 	 9.5612728808195854e+01
	 0.0000000000000000e+00 	 0.0000000000000000e+00 	 2.2455679971822342e+03 	 -3.4696993000946641e-01 	 -9.5612728808195854e+01 	 0.0000000000000000e+00
	 0.0000000000000000e+00 	 0.0000000000000000e+00 	 -3.4696993000946641e-01 	 5.6461255396777788e+03 	 -1.2166981593401950e+01 	 0.0000000000000000e+00
	 0.0000000000000000e+00 	 0.0000000000000000e+00 	 -9.5612728808195854e+01 	 -1.2166981593401950e+01 	 5.6590373355209649e+03 	 0.0000000000000000e+00
	 3.4696993000946641e-01 	 9.5612728808195854e+01 	 0.0000000000000000e+00 	 0.0000000000000000e+00 	 0.0000000000000000e+00 	 1.1305162875198743e+04

	 0.034483 
	 3.3780776330000000e+09 	 1.6208809700000000e+08 	 0.0000000000000000e+00 	 0.0000000000000000e+00 	 0.0000000000000000e+00 	 9.8539020000000000e+07
	 1.6208809700000000e+08 	 3.8735061160000000e+09 	 0.0000000000000000e+00 	 0.0000000000000000e+00 	 0.0000000000000000e+00 	 1.0157561000000000e+07
	 0.0000000000000000e+00 	 0.0000000000000000e+00 	 2.8194014559000000e+10 	 -2.4562351700000000e+09 	 9.7213384000000000e+07 	 0.0000000000000000e+00
	 0.0000000000000000e+00 	 0.0000000000000000e+00 	 -2.4562351680000000e+09 	 6.1259579135000000e+10 	 -2.6733855910000000e+09 	 0.0000000000000000e+00
	 0.0000000000000000e+00 	 0.0000000000000000e+00 	 9.7213378000000000e+07 	 -2.6733855890000000e+09 	 6.3766965308000000e+10 	 0.0000000000000000e+00
	 9.8539020000000000e+07 	 1.0157561000000000e+07 	 0.0000000000000000e+00 	 0.0000000000000000e+00 	 0.0000000000000000e+00 	 3.2441988632000000e+10

	 1.7597987005029734e+03 	 0.0000000000000000e+00 	 0.0000000000000000e+00 	 0.0000000000000000e+00 	 0.0000000000000000e+00 	 3.6865334334841236e+01
	 0.0000000000000000e+00 	 1.7597987005029734e+03 	 0.0000000000000000e+00 	 0.0000000000000000e+00 	 0.0000000000000000e+00 	 5.9688046389408072e+01
	 0.0000000000000000e+00 	 0.0000000000000000e+00 	 1.7597987005029734e+03 	 -3.6865334334841236e+01 	 -5.9688046389408072e+01 	 0.0000000000000000e+00
	 0.0000000000000000e+00 	 0.0000000000000000e+00 	 -3.6865334334841236e+01 	 4.2230380634374997e+03 	 -1.7379400468080982e+02 	 0.0000000000000000e+00
	 0.0000000000000000e+00 	 0.0000000000000000e+00 	 -5.9688046389408072e+01 	 -1.7379400468080982e+02 	 3.8686576101106584e+03 	 0.0000000000000000e+00
	 3.6865334334841236e+01 	 5.9688046389408072e+01 	 0.0000000000000000e+00 	 0.0000000000000000e+00 	 0.0000000000000000e+00 	 8.0916956735481590e+03

	 0.068966 
	 1.8719659800000000e+09 	 3.8470086900000000e+08 	 0.0000000000000000e+00 	 0.0000000000000000e+00 	 0.0000000000000000e+00 	 5.1595508600000000e+08
	 3.8470086900000000e+08 	 3.1334971940000000e+09 	 0.0000000000000000e+00 	 0.0000000000000000e+00 	 0.0000000000000000e+00 	 -5.2083174000000000e+07
	 0.0000000000000000e+00 	 0.0000000000000000e+00 	 2.2450403306000000e+10 	 -4.6809191220000000e+09 	 7.1819618800000000e+08 	 0.0000000000000000e+00
	 0.0000000000000000e+00 	 0.0000000000000000e+00 	 -4.6809191270000000e+09 	 4.1198366713000000e+10 	 -5.5536356910000000e+09 	 0.0000000000000000e+00
	 0.0000000000000000e+00 	 0.0000000000000000e+00 	 7.1819618600000000e+08 	 -5.5536356810000000e+09 	 3.3329550268000000e+10 	 0.0000000000000000e+00
	 5.1595508600000000e+08 	 -5.2083174000000000e+07 	 0.0000000000000000e+00 	 0.0000000000000000e+00 	 0.0000000000000000e+00 	 1.5724205599000000e+10

	 1.2911010272760334e+03 	 0.0000000000000000e+00 	 0.0000000000000000e+00 	 0.0000000000000000e+00 	 0.0000000000000000e+00 	 1.3925448583141505e+02
	 0.0000000000000000e+00 	 1.2911010272760334e+03 	 0.0000000000000000e+00 	 0.0000000000000000e+00 	 0.0000000000000000e+00 	 3.4509565698220456e+01
	 0.0000000000000000e+00 	 0.0000000000000000e+00 	 1.2911010272760334e+03 	 -1.3925448583141505e+02 	 -3.4509565698220456e+01 	 0.0000000000000000e+00
	 0.0000000000000000e+00 	 0.0000000000000000e+00 	 -1.3925448583141505e+02 	 2.7572648791563029e+03 	 -3.4899751780667526e+02 	 0.0000000000000000e+00
	 0.0000000000000000e+00 	 0.0000000000000000e+00 	 -3.4509565698220456e+01 	 -3.4899751780667526e+02 	 1.7871525347560878e+03 	 0.0000000000000000e+00
	 1.3925448583141505e+02 	 3.4509565698220456e+01 	 0.0000000000000000e+00 	 0.0000000000000000e+00 	 0.0000000000000000e+00 	 4.5444174139123907e+03

	 0.103448 
	 1.1795749890000000e+09 	 4.1268971400000000e+08 	 8.8750000000000000e+03 	 -5.0490000000000000e+03 	 -5.9228300000000000e+05 	 8.2734003800000000e+08
	 4.1268971400000000e+08 	 2.4107015340000000e+09 	 5.1915000000000000e+04 	 2.4192000000000000e+04 	 -1.6863000000000000e+04 	 -1.0610177200000000e+08
	 8.8750000000000000e+03 	 5.1915000000000000e+04 	 1.8214950186000000e+10 	 -5.2398380820000000e+09 	 1.7595177910000000e+09 	 -1.9742000000000000e+04
	 -5.0490000000000000e+03 	 2.4192000000000000e+04 	 -5.2398380850000000e+09 	 2.8047256223000000e+10 	 -5.7625633180000000e+09 	 1.0101000000000000e+04
	 -5.9228300000000000e+05 	 -1.6863000000000000e+04 	 1.7595177890000000e+09 	 -5.7625633090000000e+09 	 1.5115587897000000e+10 	 -4.7512300000000000e+05
	 8.2734003800000000e+08 	 -1.0610177200000000e+08 	 -1.9742000000000000e+04 	 1.0101000000000000e+04 	 -4.7512300000000000e+05 	 6.1609182860000000e+09

	 1.0060470166338594e+03 	 0.0000000000000000e+00 	 0.0000000000000000e+00 	 0.0000000000000000e+00 	 0.0000000000000000e+00 	 1.9395292741368948e+02
	 0.0000000000000000e+00 	 1.0060470166338594e+03 	 0.0000000000000000e+00 	 0.0000000000000000e+00 	 0.0000000000000000e+00 	 2.9792263615089976e-01
	 0.0000000000000000e+00 	 0.0000000000000000e+00 	 1.0060470166338594e+03 	 -1.9395292741368948e+02 	 -2.9792263615089976e-01 	 0.0000000000000000e+00
	 0.0000000000000000e+00 	 0.0000000000000000e+00 	 -1.9395292741368948e+02 	 1.8327704382060156e+03 	 -3.3088919591204029e+02 	 0.0000000000000000e+00
	 0.0000000000000000e+00 	 0.0000000000000000e+00 	 -2.9792263615089976e-01 	 -3.3088919591204029e+02 	 7.1421769993151679e+02 	 0.0000000000000000e+00
	 1.9395292741368948e+02 	 2.9792263615089976e-01 	 0.0000000000000000e+00 	 0.0000000000000000e+00 	 0.0000000000000000e+00 	 2.5469881381375326e+03

	 0.137931 
	 7.6784336400000000e+08 	 3.1588057000000000e+08 	 1.0055000000000000e+04 	 -8.3730000000000000e+03 	 -6.5901200000000000e+05 	 6.2936027400000000e+08
	 3.1588057000000000e+08 	 1.8856148970000000e+09 	 4.7918000000000000e+04 	 3.9604000000000000e+04 	 -1.0015000000000000e+04 	 -3.9286719000000000e+07
	 1.0055000000000000e+04 	 4.7918000000000000e+04 	 1.5663553135000000e+10 	 -4.9522685530000000e+09 	 8.5270552900000000e+08 	 -8.0600000000000000e+03
	 -8.3730000000000000e+03 	 3.9604000000000000e+04 	 -4.9522685490000000e+09 	 2.1900449730000000e+10 	 -3.8658994100000000e+09 	 -9.9580000000000000e+03
	 -6.5901200000000000e+05 	 -1.0015000000000000e+04 	 8.5270553000000000e+08 	 -3.8658994090000000e+09 	 9.9012011050000000e+09 	 -4.8598700000000000e+05
	 6.2936027400000000e+08 	 -3.9286719000000000e+07 	 -8.0600000000000000e+03 	 -9.9580000000000000e+03 	 -4.8598700000000000e+05 	 3.5431573930000000e+09

	 7.8289297652321216e+02 	 0.0000000000000000e+00 	 0.0000000000000000e+00 	 0.0000000000000000e+00 	 0.0000000000000000e+00 	 1.4808561681983932e+02
	 0.0000000000000000e+00 	 7.8289297652321216e+02 	 0.0000000000000000e+00 	 0.0000000000000000e+00 	 0.0000000000000000e+00 	 9.3220606526263676e+00
	 0.0000000000000000e+00 	 0.0000000000000000e+00 	 7.8289297652321216e+02 	 -1.4808561681983932e+02 	 -9.3220606526263676e+00 	 0.0000000000000000e+00
	 0.0000000000000000e+00 	 0.0000000000000000e+00 	 -1.4808561681983932e+02 	 1.3834834574019826e+03 	 -2.3764263536151356e+02 	 0.0000000000000000e+00
	 0.0000000000000000e+00 	 0.0000000000000000e+00 	 -9.3220606526263676e+00 	 -2.3764263536151356e+02 	 4.1068039860842845e+02 	 0.0000000000000000e+00
	 1.4808561681983932e+02 	 9.3220606526263676e+00 	 0.0000000000000000e+00 	 0.0000000000000000e+00 	 0.0000000000000000e+00 	 1.7941638560104111e+03

	 0.172414 
	 4.9504732200000000e+08 	 2.2572252700000000e+08 	 8.8130000000000000e+03 	 -1.0356000000000000e+04 	 -6.6705900000000000e+05 	 4.1966885300000000e+08
	 2.2572252700000000e+08 	 1.4539604640000000e+09 	 5.5934000000000000e+04 	 5.4685000000000000e+04 	 -1.5940000000000000e+03 	 -3.4938100000000000e+05
	 8.8130000000000000e+03 	 5.5934000000000000e+04 	 1.4855408386000000e+10 	 -4.6500962330000000e+09 	 7.2717766400000000e+08 	 -4.2210000000000000e+03
	 -1.0356000000000000e+04 	 5.4685000000000000e+04 	 -4.6500962340000000e+09 	 1.8560387667000000e+10 	 -3.0499298600000000e+09 	 -1.3234000000000000e+04
	 -6.6705900000000000e+05 	 -1.5940000000000000e+03 	 7.2717766300000000e+08 	 -3.0499298630000000e+09 	 7.0007806720000000e+09 	 -4.8365500000000000e+05
	 4.1966885300000000e+08 	 -3.4938100000000000e+05 	 -4.2210000000000000e+03 	 -1.3234000000000000e+04 	 -4.8365500000000000e+05 	 1.9650399240000000e+09

	 6.2909132168060580e+02 	 0.0000000000000000e+00 	 0.0000000000000000e+00 	 0.0000000000000000e+00 	 0.0000000000000000e+00 	 8.5924705729754550e+01
	 0.0000000000000000e+00 	 6.2909132168060580e+02 	 0.0000000000000000e+00 	 0.0000000000000000e+00 	 0.0000000000000000e+00 	 1.5429619382565932e+01
	 0.0000000000000000e+00 	 0.0000000000000000e+00 	 6.2909132168060580e+02 	 -8.5924705729754550e+01 	 -1.5429619382565932e+01 	 0.0000000000000000e+00
	 0.0000000000000000e+00 	 0.0000000000000000e+00 	 -8.5924705729754550e+01 	 1.0885022047285836e+03 	 -1.7758256868377137e+02 	 0.0000000000000000e+00
	 0.0000000000000000e+00 	 0.0000000000000000e+00 	 -1.5429619382565932e+01 	 -1.7758256868377137e+02 	 2.3856928419008835e+02 	 0.0000000000000000e+00
	 8.5924705729754550e+01 	 1.5429619382565932e+01 	 0.0000000000000000e+00 	 0.0000000000000000e+00 	 0.0000000000000000e+00 	 1.3270714889186720e+03

	 0.206897 
	 3.4720366800000000e+08 	 1.5400246100000000e+08 	 7.2370000000000000e+03 	 -7.3610000000000000e+03 	 -6.7597200000000000e+05 	 2.8059313300000000e+08
	 1.5400246100000000e+08 	 1.0997482380000000e+09 	 7.0330000000000000e+04 	 5.7605000000000000e+04 	 5.7200000000000000e+03 	 1.4467505000000000e+07
	 7.2370000000000000e+03 	 7.0330000000000000e+04 	 1.3763988161000000e+10 	 -4.4260593710000000e+09 	 1.0728113140000000e+09 	 -2.1208000000000000e+04
	 -7.3610000000000000e+03 	 5.7605000000000000e+04 	 -4.4260593680000000e+09 	 1.5226874829000000e+10 	 -2.6027052890000000e+09 	 6.1700000000000000e+03
	 -6.7597200000000000e+05 	 5.7200000000000000e+03 	 1.0728113120000000e+09 	 -2.6027052910000000e+09 	 5.2355518770000000e+09 	 -4.4743800000000000e+05
	 2.8059313300000000e+08 	 1.4467505000000000e+07 	 -2.1208000000000000e+04 	 6.1700000000000000e+03 	 -4.4743800000000000e+05 	 1.1489682600000000e+09

	 5.0844269621680399e+02 	 0.0000000000000000e+00 	 0.0000000000000000e+00 	 0.0000000000000000e+00 	 0.0000000000000000e+00 	 4.8754934369895849e+01
	 0.0000000000000000e+00 	 5.0844269621680399e+02 	 0.0000000000000000e+00 	 0.0000000000000000e+00 	 0.0000000000000000e+00 	 1.3015187573173080e+01
	 0.0000000000000000e+00 	 0.0000000000000000e+00 	 5.0844269621680399e+02 	 -4.8754934369895849e+01 	 -1.3015187573173080e+01 	 0.0000000000000000e+00
	 0.0000000000000000e+00 	 0.0000000000000000e+00 	 -4.8754934369895849e+01 	 8.4781412004377398e+02 	 -1.3299185005742098e+02 	 0.0000000000000000e+00
	 0.0000000000000000e+00 	 0.0000000000000000e+00 	 -1.3015187573173080e+01 	 -1.3299185005742098e+02 	 1.5051273855438200e+02 	 0.0000000000000000e+00
	 4.8754934369895849e+01 	 1.3015187573173080e+01 	 0.0000000000000000e+00 	 0.0000000000000000e+00 	 0.0000000000000000e+00 	 9.9832685859815592e+02

	 0.241379 
	 2.7549254100000000e+08 	 1.0597690800000000e+08 	 6.9600000000000000e+03 	 -5.7370000000000000e+03 	 -7.1627200000000000e+05 	 2.1218249800000000e+08
	 1.0597690800000000e+08 	 8.6563170600000000e+08 	 7.0406000000000000e+04 	 6.4023000000000000e+04 	 -1.7140000000000000e+03 	 3.4485665000000000e+07
	 6.9600000000000000e+03 	 7.0406000000000000e+04 	 1.3358858261000000e+10 	 -4.4601001450000000e+09 	 4.0840910700000000e+08 	 -1.2881000000000000e+04
	 -5.7370000000000000e+03 	 6.4023000000000000e+04 	 -4.4601001430000000e+09 	 1.3332271052000000e+10 	 -1.6859374220000000e+09 	 3.2860000000000000e+03
	 -7.1627200000000000e+05 	 -1.7140000000000000e+03 	 4.0840910700000000e+08 	 -1.6859374240000000e+09 	 4.3592758770000000e+09 	 -4.2902100000000000e+05
	 2.1218249800000000e+08 	 3.4485665000000000e+07 	 -1.2881000000000000e+04 	 3.2860000000000000e+03 	 -4.2902100000000000e+05 	 7.9001103900000000e+08

	 4.3779695854071855e+02 	 0.0000000000000000e+00 	 0.0000000000000000e+00 	 0.0000000000000000e+00 	 0.0000000000000000e+00 	 3.3113100231844427e+01
	 0.0000000000000000e+00 	 4.3779695854071855e+02 	 0.0000000000000000e+00 	 0.0000000000000000e+00 	 0.0000000000000000e+00 	 1.9671094640101664e+01
	 0.0000000000000000e+00 	 0.0000000000000000e+00 	 4.3779695854071855e+02 	 -3.3113100231844427e+01 	 -1.9671094640101664e+01 	 0.0000000000000000e+00
	 0.0000000000000000e+00 	 0.0000000000000000e+00 	 -3.3113100231844427e+01 	 7.1287043859864059e+02 	 -9.5539303066362507e+01 	 0.0000000000000000e+00
	 0.0000000000000000e+00 	 0.0000000000000000e+00 	 -1.9671094640101664e+01 	 -9.5539303066362507e+01 	 1.1095065798594192e+02 	 0.0000000000000000e+00
	 3.3113100231844427e+01 	 1.9671094640101664e+01 	 0.0000000000000000e+00 	 0.0000000000000000e+00 	 0.0000000000000000e+00 	 8.2382109658458251e+02

	 0.275862 
	 2.3151785300000000e+08 	 7.9731990000000000e+07 	 4.2420000000000000e+03 	 -5.5560000000000000e+03 	 -7.4809200000000000e+05 	 1.7034440100000000e+08
	 7.9731990000000000e+07 	 7.6003984200000000e+08 	 7.2656000000000000e+04 	 5.7970000000000000e+04 	 -4.3940000000000000e+03 	 4.2514171000000000e+07
	 4.2420000000000000e+03 	 7.2656000000000000e+04 	 1.4292736794000000e+10 	 -4.9816843420000000e+09 	 2.0267272700000000e+08 	 -1.4766000000000000e+04
	 -5.5560000000000000e+03 	 5.7970000000000000e+04 	 -4.9816843480000000e+09 	 1.2722286767000000e+10 	 -1.2948686670000000e+09 	 1.0791000000000000e+04
	 -7.4809200000000000e+05 	 -4.3940000000000000e+03 	 2.0267271800000000e+08 	 -1.2948686490000000e+09 	 4.0539370190000000e+09 	 -4.4862900000000000e+05
	 1.7034440100000000e+08 	 4.2514171000000000e+07 	 -1.4767000000000000e+04 	 1.0791000000000000e+04 	 -4.4862900000000000e+05 	 6.0252122400000000e+08

	 4.1396513233213972e+02 	 0.0000000000000000e+00 	 0.0000000000000000e+00 	 0.0000000000000000e+00 	 0.0000000000000000e+00 	 2.8923899380037625e+01
	 0.0000000000000000e+00 	 4.1396513233213972e+02 	 0.0000000000000000e+00 	 0.0000000000000000e+00 	 0.0000000000000000e+00 	 2.3344834144751793e+01
	 0.0000000000000000e+00 	 0.0000000000000000e+00 	 4.1396513233213972e+02 	 -2.8923899380037625e+01 	 -2.3344834144751793e+01 	 0.0000000000000000e+00
	 0.0000000000000000e+00 	 0.0000000000000000e+00 	 -2.8923899380037625e+01 	 6.5232734240749699e+02 	 -7.5512249873142551e+01 	 0.0000000000000000e+00
	 0.0000000000000000e+00 	 0.0000000000000000e+00 	 -2.3344834144751793e+01 	 -7.5512249873142551e+01 	 9.2078979602217899e+01 	 0.0000000000000000e+00
	 2.8923899380037625e+01 	 2.3344834144751793e+01 	 0.0000000000000000e+00 	 0.0000000000000000e+00 	 0.0000000000000000e+00 	 7.4440632200971504e+02

	 0.310345 
	 2.0431402300000000e+08 	 6.5978976000000000e+07 	 4.0620000000000000e+03 	 -4.3580000000000000e+03 	 -7.7596200000000000e+05 	 1.4335997300000000e+08
	 6.5978976000000000e+07 	 6.9556696000000000e+08 	 7.5503000000000000e+04 	 7.4708000000000000e+04 	 -2.3450000000000000e+03 	 4.6634592000000000e+07
	 4.0620000000000000e+03 	 7.5503000000000000e+04 	 1.4025012924000000e+10 	 -4.5858892340000000e+09 	 1.0068892000000000e+07 	 -1.7080000000000000e+03
	 -4.3580000000000000e+03 	 7.4708000000000000e+04 	 -4.5858891690000000e+09 	 1.1981201142000000e+10 	 -1.0578264190000000e+09 	 -6.8320000000000000e+03
	 -7.7596200000000000e+05 	 -2.3450000000000000e+03 	 1.0069028000000000e+07 	 -1.0578266650000000e+09 	 3.4493858180000000e+09 	 -4.4130000000000000e+05
	 1.4335997300000000e+08 	 4.6634592000000000e+07 	 -1.7070000000000000e+03 	 -6.8340000000000000e+03 	 -4.4129900000000000e+05 	 4.9194739000000000e+08

	 3.9405731892575881e+02 	 0.0000000000000000e+00 	 0.0000000000000000e+00 	 0.0000000000000000e+00 	 0.0000000000000000e+00 	 1.9793500928255682e+01
	 0.0000000000000000e+00 	 3.9405731892575881e+02 	 0.0000000000000000e+00 	 0.0000000000000000e+00 	 0.0000000000000000e+00 	 2.4855691792004251e+01
	 0.0000000000000000e+00 	 0.0000000000000000e+00 	 3.9405731892575881e+02 	 -1.9793500928255682e+01 	 -2.4855691792004251e+01 	 0.0000000000000000e+00
	 0.0000000000000000e+00 	 0.0000000000000000e+00 	 -1.9793500928255682e+01 	 6.1416307033057387e+02 	 -6.4765626758808011e+01 	 0.0000000000000000e+00
	 0.0000000000000000e+00 	 0.0000000000000000e+00 	 -2.4855691792004251e+01 	 -6.4765626758808011e+01 	 7.6572870116562569e+01 	 0.0000000000000000e+00
	 1.9793500928255682e+01 	 2.4855691792004251e+01 	 0.0000000000000000e+00 	 0.0000000000000000e+00 	 0.0000000000000000e+00 	 6.9073594044713650e+02

	 0.344828 
	 1.8584794500000000e+08 	 6.2053238000000000e+07 	 1.3700000000000000e+03 	 -3.8700000000000000e+03 	 -7.7225700000000000e+05 	 1.2027507500000000e+08
	 6.2053238000000000e+07 	 7.0522946700000000e+08 	 7.0452000000000000e+04 	 8.3312000000000000e+04 	 -6.9380000000000000e+03 	 4.8694817000000000e+07
	 1.3700000000000000e+03 	 7.0452000000000000e+04 	 1.5486318050000000e+10 	 -5.0761532830000000e+09 	 -7.3776317000000000e+07 	 -1.9468000000000000e+04
	 -3.8700000000000000e+03 	 8.3312000000000000e+04 	 -5.0761532720000000e+09 	 1.1855423112000000e+10 	 -9.2060444300000000e+08 	 1.4233000000000000e+04
	 -7.7225700000000000e+05 	 -6.9380000000000000e+03 	 -7.3776305000000000e+07 	 -9.2060447600000000e+08 	 3.5980551600000000e+09 	 -4.3604900000000000e+05
	 1.2027507500000000e+08 	 4.8694817000000000e+07 	 -1.9468000000000000e+04 	 1.4233000000000000e+04 	 -4.3604900000000000e+05 	 4.4691469800000000e+08

	 4.0321738575713198e+02 	 0.0000000000000000e+00 	 0.0000000000000000e+00 	 0.0000000000000000e+00 	 0.0000000000000000e+00 	 2.1771018952675472e+01
	 0.0000000000000000e+00 	 4.0321738575713198e+02 	 0.0000000000000000e+00 	 0.0000000000000000e+00 	 0.0000000000000000e+00 	 2.6241098372175962e+01
	 0.0000000000000000e+00 	 0.0000000000000000e+00 	 4.0321738575713198e+02 	 -2.1771018952675472e+01 	 -2.6241098372175962e+01 	 0.0000000000000000e+00
	 0.0000000000000000e+00 	 0.0000000000000000e+00 	 -2.1771018952675472e+01 	 5.9068229207148761e+02 	 -5.7556575020901370e+01 	 0.0000000000000000e+00
	 0.0000000000000000e+00 	 0.0000000000000000e+00 	 -2.6241098372175962e+01 	 -5.7556575020901370e+01 	 7.5425724025195748e+01 	 0.0000000000000000e+00
	 2.1771018952675472e+01 	 2.6241098372175962e+01 	 0.0000000000000000e+00 	 0.0000000000000000e+00 	 0.0000000000000000e+00 	 6.6610801609668340e+02

	 0.379310 
	 1.4022093200000000e+08 	 5.1503101000000000e+07 	 2.0250000000000000e+03 	 -1.0790000000000000e+03 	 -6.1785500000000000e+05 	 9.4919948000000000e+07
	 5.1503101000000000e+07 	 6.2663110600000000e+08 	 8.2013000000000000e+04 	 7.7911000000000000e+04 	 -7.9470000000000000e+03 	 4.4624962000000000e+07
	 2.0250000000000000e+03 	 8.2013000000000000e+04 	 1.5097004535000000e+10 	 -4.7243673020000000e+09 	 -1.4641041200000000e+08 	 -2.0325000000000000e+04
	 -1.0790000000000000e+03 	 7.7911000000000000e+04 	 -4.7243673230000000e+09 	 1.0486863797000000e+10 	 -7.3170880500000000e+08 	 1.7497000000000000e+04
	 -6.1785500000000000e+05 	 -7.9470000000000000e+03 	 -1.4641037800000000e+08 	 -7.3170877500000000e+08 	 3.2637290170000000e+09 	 -3.8496700000000000e+05
	 9.4919948000000000e+07 	 4.4624962000000000e+07 	 -2.0324000000000000e+04 	 1.7498000000000000e+04 	 -3.8496700000000000e+05 	 3.6201183200000000e+08

	 3.7090877712531682e+02 	 0.0000000000000000e+00 	 0.0000000000000000e+00 	 0.0000000000000000e+00 	 0.0000000000000000e+00 	 1.3463557596594800e+01
	 0.0000000000000000e+00 	 3.7090877712531682e+02 	 0.0000000000000000e+00 	 0.0000000000000000e+00 	 0.0000000000000000e+00 	 2.4246785142251703e+01
	 0.0000000000000000e+00 	 0.0000000000000000e+00 	 3.7090877712531682e+02 	 -1.3463557596594800e+01 	 -2.4246785142251703e+01 	 0.0000000000000000e+00
	 0.0000000000000000e+00 	 0.0000000000000000e+00 	 -1.3463557596594800e+01 	 5.1024608293327231e+02 	 -4.7033329460679447e+01 	 0.0000000000000000e+00
	 0.0000000000000000e+00 	 0.0000000000000000e+00 	 -2.4246785142251703e+01 	 -4.7033329460679447e+01 	 6.4868791074806765e+01 	 0.0000000000000000e+00
	 1.3463557596594800e+01 	 2.4246785142251703e+01 	 0.0000000000000000e+00 	 0.0000000000000000e+00 	 0.0000000000000000e+00 	 5.7511487400807914e+02

	 0.413793 
	 1.3251072500000000e+08 	 4.6449249000000000e+07 	 1.6130000000000000e+03 	 3.2260000000000000e+03 	 -6.3517400000000000e+05 	 8.5170661000000000e+07
	 4.6449249000000000e+07 	 6.1004075900000000e+08 	 9.1999000000000000e+04 	 7.8143000000000000e+04 	 -1.1476000000000000e+04 	 4.2998772000000000e+07
	 1.6130000000000000e+03 	 9.1999000000000000e+04 	 1.5001404531000000e+10 	 -4.3454273820000000e+09 	 -2.1333100200000000e+08 	 -3.2460000000000000e+03
	 3.2260000000000000e+03 	 7.8143000000000000e+04 	 -4.3454273670000000e+09 	 9.5999294070000000e+09 	 -6.0576007900000000e+08 	 4.3560000000000000e+03
	 -6.3517400000000000e+05 	 -1.1476000000000000e+04 	 -2.1333099800000000e+08 	 -6.0576007500000000e+08 	 2.9343374210000000e+09 	 -3.7347400000000000e+05
	 8.5170661000000000e+07 	 4.2998772000000000e+07 	 -3.2460000000000000e+03 	 4.3560000000000000e+03 	 -3.7347400000000000e+05 	 3.1705241700000000e+08

	 3.6051086628030725e+02 	 0.0000000000000000e+00 	 0.0000000000000000e+00 	 0.0000000000000000e+00 	 0.0000000000000000e+00 	 3.4175559384371113e+00
	 0.0000000000000000e+00 	 3.6051086628030725e+02 	 0.0000000000000000e+00 	 0.0000000000000000e+00 	 0.0000000000000000e+00 	 2.4144299622902071e+01
	 0.0000000000000000e+00 	 0.0000000000000000e+00 	 3.6051086628030725e+02 	 -3.4175559384371113e+00 	 -2.4144299622902071e+01 	 0.0000000000000000e+00
	 0.0000000000000000e+00 	 0.0000000000000000e+00 	 -3.4175559384371113e+00 	 4.6048834619634624e+02 	 -3.9901121639424552e+01 	 0.0000000000000000e+00
	 0.0000000000000000e+00 	 0.0000000000000000e+00 	 -2.4144299622902071e+01 	 -3.9901121639424552e+01 	 5.7241047406421664e+01 	 0.0000000000000000e+00
	 3.4175559384371113e+00 	 2.4144299622902071e+01 	 0.0000000000000000e+00 	 0.0000000000000000e+00 	 0.0000000000000000e+00 	 5.1772939360276803e+02

	 0.448276 
	 1.1729325900000000e+08 	 3.5705686000000000e+07 	 6.9700000000000000e+02 	 -1.0900000000000000e+02 	 -6.2626300000000000e+05 	 6.8961994000000000e+07
	 3.5705686000000000e+07 	 5.2597834300000000e+08 	 9.6728000000000000e+04 	 7.2553000000000000e+04 	 -5.5270000000000000e+03 	 3.5107804000000000e+07
	 6.9700000000000000e+02 	 9.6728000000000000e+04 	 1.4605291443000000e+10 	 -4.0988890970000000e+09 	 -2.4607529800000000e+08 	 -2.2659000000000000e+04
	 -1.0900000000000000e+02 	 7.2553000000000000e+04 	 -4.0988892460000000e+09 	 8.0169802370000000e+09 	 -4.2217953700000000e+08 	 1.4197000000000000e+04
	 -6.2626300000000000e+05 	 -5.5270000000000000e+03 	 -2.4607529900000000e+08 	 -4.2217957100000000e+08 	 2.4653285480000000e+09 	 -3.4587300000000000e+05
	 6.8961994000000000e+07 	 3.5107804000000000e+07 	 -2.2659000000000000e+04 	 1.4197000000000000e+04 	 -3.4587300000000000e+05 	 2.3813607900000000e+08

	 3.2710387303758193e+02 	 0.0000000000000000e+00 	 0.0000000000000000e+00 	 0.0000000000000000e+00 	 0.0000000000000000e+00 	 2.2238791401953550e+00
	 0.0000000000000000e+00 	 3.2710387303758193e+02 	 0.0000000000000000e+00 	 0.0000000000000000e+00 	 0.0000000000000000e+00 	 2.1224739804746573e+01
	 0.0000000000000000e+00 	 0.0000000000000000e+00 	 3.2710387303758193e+02 	 -2.2238791401953550e+00 	 -2.1224739804746573e+01 	 0.0000000000000000e+00
	 0.0000000000000000e+00 	 0.0000000000000000e+00 	 -2.2238791401953550e+00 	 3.6180260530859169e+02 	 -2.8202583432592419e+01 	 0.0000000000000000e+00
	 0.0000000000000000e+00 	 0.0000000000000000e+00 	 -2.1224739804746573e+01 	 -2.8202583432592419e+01 	 4.5170136254783479e+01 	 0.0000000000000000e+00
	 2.2238791401953550e+00 	 2.1224739804746573e+01 	 0.0000000000000000e+00 	 0.0000000000000000e+00 	 0.0000000000000000e+00 	 4.0697274156337505e+02

	 0.482759 
	 1.0787022700000000e+08 	 3.0272720000000000e+07 	 1.9900000000000000e+03 	 2.2450000000000000e+03 	 -6.1510200000000000e+05 	 5.9616917000000000e+07
	 3.0272720000000000e+07 	 5.1164263400000000e+08 	 1.1649400000000000e+05 	 7.7175000000000000e+04 	 -1.3761000000000000e+04 	 3.2612747000000000e+07
	 1.9900000000000000e+03 	 1.1649400000000000e+05 	 1.4455540010000000e+10 	 -3.7967182280000000e+09 	 -2.8767357000000000e+08 	 -2.7923000000000000e+04
	 2.2450000000000000e+03 	 7.7175000000000000e+04 	 -3.7967182790000000e+09 	 7.0687766190000000e+09 	 -3.0442255100000000e+08 	 2.3708000000000000e+04
	 -6.1510200000000000e+05 	 -1.3761000000000000e+04 	 -2.8767356900000000e+08 	 -3.0442249500000000e+08 	 2.1064911090000000e+09 	 -3.3071200000000000e+05
	 5.9616917000000000e+07 	 3.2612747000000000e+07 	 -2.7923000000000000e+04 	 2.3709000000000000e+04 	 -3.3071200000000000e+05 	 1.9904965100000000e+08

	 3.1235733452045315e+02 	 0.0000000000000000e+00 	 0.0000000000000000e+00 	 0.0000000000000000e+00 	 0.0000000000000000e+00 	 -5.2005630089448145e+00
	 0.0000000000000000e+00 	 3.1235733452045315e+02 	 0.0000000000000000e+00 	 0.0000000000000000e+00 	 0.0000000000000000e+00 	 2.0165010585433393e+01
	 0.0000000000000000e+00 	 0.0000000000000000e+00 	 3.1235733452045315e+02 	 5.2005630089448145e+00 	 -2.0165010585433393e+01 	 0.0000000000000000e+00
	 0.0000000000000000e+00 	 0.0000000000000000e+00 	 5.2005630089448145e+00 	 3.0885524392059364e+02 	 -2.1484271402012116e+01 	 0.0000000000000000e+00
	 0.0000000000000000e+00 	 0.0000000000000000e+00 	 -2.0165010585433393e+01 	 -2.1484271402012116e+01 	 3.7659691880044733e+01 	 0.0000000000000000e+00
	 -5.2005630089448145e+00 	 2.0165010585433393e+01 	 0.0000000000000000e+00 	 0.0000000000000000e+00 	 0.0000000000000000e+00 	 3.4651493580063828e+02

	 0.517241 
	 9.5871916000000000e+07 	 2.1391064000000000e+07 	 -2.1730000000000000e+03 	 3.0880000000000000e+03 	 -5.9440800000000000e+05 	 4.8091920000000000e+07
	 2.1391064000000000e+07 	 4.3680646700000000e+08 	 1.2225500000000000e+05 	 6.7066000000000000e+04 	 -7.1950000000000000e+03 	 2.3808365000000000e+07
	 -2.1730000000000000e+03 	 1.2225500000000000e+05 	 1.3334544433000000e+10 	 -3.2420692180000000e+09 	 -2.7583041000000000e+07 	 -2.4184000000000000e+04
	 3.0880000000000000e+03 	 6.7066000000000000e+04 	 -3.2420687940000000e+09 	 5.8158963970000000e+09 	 -2.9830691200000000e+08 	 1.9951000000000000e+04
	 -5.9440800000000000e+05 	 -7.1950000000000000e+03 	 -2.7583642000000000e+07 	 -2.9830790900000000e+08 	 1.6721904610000000e+09 	 -2.6871700000000000e+05
	 4.8091920000000000e+07 	 2.3808365000000000e+07 	 -2.4192000000000000e+04 	 1.9933000000000000e+04 	 -2.6871400000000000e+05 	 1.5327534600000000e+08

	 2.7544585866992696e+02 	 0.0000000000000000e+00 	 0.0000000000000000e+00 	 0.0000000000000000e+00 	 0.0000000000000000e+00 	 -1.2375792542487208e+01
	 0.0000000000000000e+00 	 2.7544585866992696e+02 	 0.0000000000000000e+00 	 0.0000000000000000e+00 	 0.0000000000000000e+00 	 1.3941719754137875e+01
	 0.0000000000000000e+00 	 0.0000000000000000e+00 	 2.7544585866992696e+02 	 1.2375792542487208e+01 	 -1.3941719754137875e+01 	 0.0000000000000000e+00
	 0.0000000000000000e+00 	 0.0000000000000000e+00 	 1.2375792542487208e+01 	 2.4447963286709080e+02 	 -1.6212313541380357e+01 	 0.0000000000000000e+00
	 0.0000000000000000e+00 	 0.0000000000000000e+00 	 -1.3941719754137875e+01 	 -1.6212313541380357e+01 	 2.8406561113088195e+01 	 0.0000000000000000e+00
	 -1.2375792542487208e+01 	 1.3941719754137875e+01 	 0.0000000000000000e+00 	 0.0000000000000000e+00 	 0.0000000000000000e+00 	 2.7288619398017909e+02

	 0.551724 
	 8.4577799000000000e+07 	 1.4854986000000000e+07 	 7.5000000000000000e+01 	 1.2110000000000000e+03 	 -5.6619100000000000e+05 	 3.8335294000000000e+07
	 1.4854986000000000e+07 	 3.6492875400000000e+08 	 1.1373000000000000e+05 	 7.1238000000000000e+04 	 -7.0030000000000000e+03 	 2.0709392000000000e+07
	 7.5000000000000000e+01 	 1.1373000000000000e+05 	 1.2243138323000000e+10 	 -2.7531809200000000e+09 	 -2.9327246100000000e+08 	 -2.0140000000000000e+03
	 1.2110000000000000e+03 	 7.1238000000000000e+04 	 -2.7531809820000000e+09 	 4.7434600520000000e+09 	 -1.1279720600000000e+08 	 2.6530000000000000e+03
	 -5.6619100000000000e+05 	 -7.0030000000000000e+03 	 -2.9327251200000000e+08 	 -1.1279718200000000e+08 	 1.3195707880000000e+09 	 -2.1742800000000000e+05
	 3.8335294000000000e+07 	 2.0709392000000000e+07 	 -2.0140000000000000e+03 	 2.6530000000000000e+03 	 -2.1742800000000000e+05 	 1.1411714400000000e+08

	 2.4036686404814964e+02 	 0.0000000000000000e+00 	 0.0000000000000000e+00 	 0.0000000000000000e+00 	 0.0000000000000000e+00 	 -1.5927664026380576e+01
	 0.0000000000000000e+00 	 2.4036686404814964e+02 	 0.0000000000000000e+00 	 0.0000000000000000e+00 	 0.0000000000000000e+00 	 1.4231235589748618e+01
	 0.0000000000000000e+00 	 0.0000000000000000e+00 	 2.4036686404814964e+02 	 1.5927664026380576e+01 	 -1.4231235589748618e+01 	 0.0000000000000000e+00
	 0.0000000000000000e+00 	 0.0000000000000000e+00 	 1.5927664026380576e+01 	 1.9107679879005701e+02 	 -1.0154255271793353e+01 	 0.0000000000000000e+00
	 0.0000000000000000e+00 	 0.0000000000000000e+00 	 -1.4231235589748618e+01 	 -1.0154255271793353e+01 	 2.1578849290414254e+01 	 0.0000000000000000e+00
	 -1.5927664026380576e+01 	 1.4231235589748618e+01 	 0.0000000000000000e+00 	 0.0000000000000000e+00 	 0.0000000000000000e+00 	 2.1265564808047128e+02

	 0.586207 
	 7.5956178000000000e+07 	 1.0642372000000000e+07 	 1.4280000000000000e+03 	 3.4800000000000000e+02 	 -5.2876400000000000e+05 	 3.1634530000000000e+07
	 1.0642372000000000e+07 	 3.4736088900000000e+08 	 1.4981400000000000e+05 	 7.9323000000000000e+04 	 -7.7140000000000000e+03 	 1.6436335000000000e+07
	 1.4280000000000000e+03 	 1.4981400000000000e+05 	 1.1174622466000000e+10 	 -2.2748565310000000e+09 	 -6.5341984000000000e+07 	 -3.9810000000000000e+04
	 3.4800000000000000e+02 	 7.9323000000000000e+04 	 -2.2748565840000000e+09 	 3.8739829030000000e+09 	 -1.3081424300000000e+08 	 3.6442000000000000e+04
	 -5.2876400000000000e+05 	 -7.7140000000000000e+03 	 -6.5342030000000000e+07 	 -1.3081422200000000e+08 	 9.9687073900000000e+08 	 -1.8852000000000000e+05
	 3.1634530000000000e+07 	 1.6436335000000000e+07 	 -3.9810000000000000e+04 	 3.6443000000000000e+04 	 -1.8852000000000000e+05 	 9.1756560000000000e+07

	 2.1570402457351082e+02 	 0.0000000000000000e+00 	 0.0000000000000000e+00 	 0.0000000000000000e+00 	 0.0000000000000000e+00 	 -1.6837985482497853e+01
	 0.0000000000000000e+00 	 2.1570402457351082e+02 	 0.0000000000000000e+00 	 0.0000000000000000e+00 	 0.0000000000000000e+00 	 9.4600030260861789e+00
	 0.0000000000000000e+00 	 0.0000000000000000e+00 	 2.1570402457351082e+02 	 1.6837985482497853e+01 	 -9.4600030260861789e+00 	 0.0000000000000000e+00
	 0.0000000000000000e+00 	 0.0000000000000000e+00 	 1.6837985482497853e+01 	 1.5405500198110622e+02 	 -7.5808709395069442e+00 	 0.0000000000000000e+00
	 0.0000000000000000e+00 	 0.0000000000000000e+00 	 -9.4600030260861789e+00 	 -7.5808709395069442e+00 	 1.6011655616696878e+01 	 0.0000000000000000e+00
	 -1.6837985482497853e+01 	 9.4600030260861789e+00 	 0.0000000000000000e+00 	 0.0000000000000000e+00 	 0.0000000000000000e+00 	 1.7006665759780304e+02

	 0.620690 
	 6.0449056000000000e+07 	 6.9014560000000000e+06 	 1.3900000000000000e+03 	 -8.9500000000000000e+02 	 -4.4752300000000000e+05 	 1.9559587000000000e+07
	 6.9014560000000000e+06 	 2.8358456600000000e+08 	 1.3793500000000000e+05 	 7.5701000000000000e+04 	 -5.5080000000000000e+03 	 1.1284900000000000e+07
	 1.3900000000000000e+03 	 1.3793500000000000e+05 	 8.7688339010000000e+09 	 -1.8734492770000000e+09 	 -3.1349684000000000e+07 	 -3.2323000000000000e+04
	 -8.9500000000000000e+02 	 7.5701000000000000e+04 	 -1.8734493480000000e+09 	 2.3192580770000000e+09 	 -6.2093307000000000e+07 	 2.9084000000000000e+04
	 -4.4752300000000000e+05 	 -5.5080000000000000e+03 	 -3.1349724000000000e+07 	 -6.2093285000000000e+07 	 6.7457301300000000e+08 	 -1.1253800000000000e+05
	 1.9559587000000000e+07 	 1.1284900000000000e+07 	 -3.2323000000000000e+04 	 2.9085000000000000e+04 	 -1.1253800000000000e+05 	 5.7645469000000000e+07

	 1.6312606396010312e+02 	 0.0000000000000000e+00 	 0.0000000000000000e+00 	 0.0000000000000000e+00 	 0.0000000000000000e+00 	 -3.6084051308330083e+00
	 0.0000000000000000e+00 	 1.6312606396010312e+02 	 0.0000000000000000e+00 	 0.0000000000000000e+00 	 0.0000000000000000e+00 	 5.9054347162899665e+00
	 0.0000000000000000e+00 	 0.0000000000000000e+00 	 1.6312606396010312e+02 	 3.6084051308330083e+00 	 -5.9054347162899665e+00 	 0.0000000000000000e+00
	 0.0000000000000000e+00 	 0.0000000000000000e+00 	 3.6084051308330083e+00 	 8.9564182437421877e+01 	 -3.6962948408986862e+00 	 0.0000000000000000e+00
	 0.0000000000000000e+00 	 0.0000000000000000e+00 	 -5.9054347162899665e+00 	 -3.6962948408986862e+00 	 1.0467827955405957e+01 	 0.0000000000000000e+00
	 -3.6084051308330083e+00 	 5.9054347162899665e+00 	 0.0000000000000000e+00 	 0.0000000000000000e+00 	 0.0000000000000000e+00 	 1.0003201039282783e+02

	 0.655172 
	 3.8663833000000000e+07 	 4.5309010000000000e+06 	 9.9800000000000000e+02 	 -3.4690000000000000e+03 	 -2.6857500000000000e+05 	 1.4639249000000000e+07
	 4.5309010000000000e+06 	 2.5380362400000000e+08 	 1.3933100000000000e+05 	 7.6491000000000000e+04 	 -1.2940000000000000e+03 	 1.1987025000000000e+07
	 9.9800000000000000e+02 	 1.3933100000000000e+05 	 7.5086401460000000e+09 	 -1.3635915110000000e+09 	 -2.1534493600000000e+08 	 -1.2483000000000000e+04
	 -3.4690000000000000e+03 	 7.6491000000000000e+04 	 -1.3635915340000000e+09 	 1.7423271940000000e+09 	 1.5690967000000000e+07 	 1.0145000000000000e+04
	 -2.6857500000000000e+05 	 -1.2940000000000000e+03 	 -2.1534491900000000e+08 	 1.5690935000000000e+07 	 4.8690262500000000e+08 	 -8.7336000000000000e+04
	 1.4639249000000000e+07 	 1.1987025000000000e+07 	 -1.2483000000000000e+04 	 1.0144000000000000e+04 	 -8.7336000000000000e+04 	 3.9907497000000000e+07

	 1.4115655462540690e+02 	 0.0000000000000000e+00 	 0.0000000000000000e+00 	 0.0000000000000000e+00 	 0.0000000000000000e+00 	 -7.3643191534983536e+00
	 0.0000000000000000e+00 	 1.4115655462540690e+02 	 0.0000000000000000e+00 	 0.0000000000000000e+00 	 0.0000000000000000e+00 	 6.8686877599032190e+00
	 0.0000000000000000e+00 	 0.0000000000000000e+00 	 1.4115655462540690e+02 	 7.3643191534983536e+00 	 -6.8686877599032190e+00 	 0.0000000000000000e+00
	 0.0000000000000000e+00 	 0.0000000000000000e+00 	 7.3643191534983536e+00 	 6.9722838868661000e+01 	 -1.9835697669640950e+00 	 0.0000000000000000e+00
	 0.0000000000000000e+00 	 0.0000000000000000e+00 	 -6.8686877599032190e+00 	 -1.9835697669640950e+00 	 7.7215536164324909e+00 	 0.0000000000000000e+00
	 -7.3643191534983536e+00 	 6.8686877599032190e+00 	 0.0000000000000000e+00 	 0.0000000000000000e+00 	 0.0000000000000000e+00 	 7.7444392485093488e+01

	 0.689655 
	 3.1933176000000000e+07 	 1.0746240000000000e+06 	 -8.8870000000000000e+03 	 -2.7850000000000000e+03 	 -2.4806100000000000e+05 	 1.0143852000000000e+07
	 1.0746240000000000e+06 	 1.8620266200000000e+08 	 1.3965000000000000e+05 	 6.7021000000000000e+04 	 1.8320000000000000e+03 	 6.8898250000000000e+06
	 -8.8870000000000000e+03 	 1.3965000000000000e+05 	 6.1771904780000000e+09 	 -9.7554445900000000e+08 	 -4.8312155000000000e+07 	 -1.0447000000000000e+04
	 -2.7850000000000000e+03 	 6.7021000000000000e+04 	 -9.7554448600000000e+08 	 1.1818779240000000e+09 	 -4.8742550000000000e+06 	 6.2040000000000000e+03
	 -2.4806100000000000e+05 	 1.8320000000000000e+03 	 -4.8312146000000000e+07 	 -4.8742820000000000e+06 	 3.2483260000000000e+08 	 -6.6564000000000000e+04
	 1.0143852000000000e+07 	 6.8898250000000000e+06 	 -1.0447000000000000e+04 	 6.2030000000000000e+03 	 -6.6564000000000000e+04 	 2.6317432000000000e+07

	 1.1043074942454545e+02 	 0.0000000000000000e+00 	 0.0000000000000000e+00 	 0.0000000000000000e+00 	 0.0000000000000000e+00 	 -5.0895522930204420e+00
	 0.0000000000000000e+00 	 1.1043074942454545e+02 	 0.0000000000000000e+00 	 0.0000000000000000e+00 	 0.0000000000000000e+00 	 3.2792545790245917e+00
	 0.0000000000000000e+00 	 0.0000000000000000e+00 	 1.1043074942454545e+02 	 5.0895522930204420e+00 	 -3.2792545790245917e+00 	 0.0000000000000000e+00
	 0.0000000000000000e+00 	 0.0000000000000000e+00 	 5.0895522930204420e+00 	 4.5866640650452801e+01 	 -1.1363060428158007e+00 	 0.0000000000000000e+00
	 0.0000000000000000e+00 	 0.0000000000000000e+00 	 -3.2792545790245917e+00 	 -1.1363060428158007e+00 	 4.8639988684006159e+00 	 0.0000000000000000e+00
	 -5.0895522930204420e+00 	 3.2792545790245917e+00 	 0.0000000000000000e+00 	 0.0000000000000000e+00 	 0.0000000000000000e+00 	 5.0730639518853437e+01

	 0.724138 
	 2.6306977000000000e+07 	 -1.1829600000000000e+05 	 -5.8120000000000000e+03 	 -3.6760000000000000e+03 	 -2.3159800000000000e+05 	 6.6621900000000000e+06
	 -1.1829600000000000e+05 	 1.2317600500000000e+08 	 9.7899000000000000e+04 	 4.6179000000000000e+04 	 -2.7200000000000000e+02 	 5.4854400000000000e+06
	 -5.8120000000000000e+03 	 9.7899000000000000e+04 	 4.9497505060000000e+09 	 -6.5370635400000000e+08 	 -1.4839326600000000e+08 	 1.4064000000000000e+04
	 -3.6760000000000000e+03 	 4.6179000000000000e+04 	 -6.5370630400000000e+08 	 7.5927987600000000e+08 	 2.4082195000000000e+07 	 -9.4550000000000000e+03
	 -2.3159800000000000e+05 	 -2.7200000000000000e+02 	 -1.4839321500000000e+08 	 2.4082207000000000e+07 	 2.2034690400000000e+08 	 -4.5201000000000000e+04
