# yu2003 case2 [30/-30/-30/30], L/h = 4 -- FULL-FIELD recovery vs exact Pagano (all 6 stresses + 3 disp)
# u^2d from: Abaqus RM shell (fit residual 2.7e-08)
# stations: s11/s22/s12/s33/U3 at x = a/2; s13/s23/U1/U2 at x = 0
# face load ladders: qt = 0.5 q0 (top), qb = -0.5 q0 (bottom)
# s33 = equilibrium integration (plotted); DIRECT Eq.-66 route with
# the load columns: faces machine-exact (bottom -0.5, top 0.5 target
#   -0.5 / 0.5), interior rel-L2 14.646%
# 
# rel L2 errors vs exact [%] (near-zero exact fields floored):
#   s11  15.055  s22  15.687  s12  18.487  s13  10.275  s23  15.998  s33   6.268
#   U1   4.987  U2   9.269  U3   3.501
# 
# columns: z[in]  then (rec, exact) pairs for s11 s22 s12 s13 s23 s33 U1 U2 U3
  -5.000000e-01   -1.520380e+01   -1.341323e+01   -4.850476e+00   -4.239533e+00   -7.609476e+00   -6.485405e+00    6.705741e-12    1.046392e-11    3.057420e-12    5.056092e-12   -5.000000e-01   -5.000000e-01    1.692609e-06    1.628929e-06   -9.567200e-07   -8.945618e-07    8.811976e-06    8.504748e-06
  -4.968750e-01   -1.495255e+01   -1.317487e+01   -4.770119e+00   -4.163460e+00   -7.474820e+00   -6.358997e+00    2.081924e-02    3.262790e-02    9.500462e-03    1.576212e-02   -4.999745e-01   -4.999598e-01    1.671114e-06    1.608164e-06   -9.566992e-07   -8.945232e-07    8.811668e-06    8.504417e-06
  -4.937500e-01   -1.470310e+01   -1.293942e+01   -4.690333e+00   -4.088314e+00   -7.341149e+00   -6.234193e+00    4.150796e-02    6.467436e-02    1.894136e-02    3.121597e-02   -4.998980e-01   -4.998403e-01    1.649760e-06    1.587614e-06   -9.566368e-07   -8.944086e-07    8.811342e-06    8.504071e-06
  -4.906250e-01   -1.445543e+01   -1.270683e+01   -4.611113e+00   -4.014078e+00   -7.208457e+00   -6.110964e+00    6.206614e-02    9.614647e-02    2.832270e-02    4.636543e-02   -4.997709e-01   -4.996428e-01    1.628547e-06    1.567276e-06   -9.565331e-07   -8.942197e-07    8.811000e-06    8.503710e-06
  -4.875000e-01   -1.420953e+01   -1.247705e+01   -4.532457e+00   -3.940737e+00   -7.076738e+00   -5.989282e+00    8.249380e-02    1.270512e-01    3.764447e-02    6.121436e-02   -4.995935e-01   -4.993688e-01    1.607473e-06    1.547147e-06   -9.563885e-07   -8.939582e-07    8.810641e-06    8.503336e-06
  -4.843750e-01   -1.396539e+01   -1.225004e+01   -4.454360e+00   -3.868272e+00   -6.945987e+00   -5.869117e+00    1.027909e-01    1.573953e-01    4.690667e-02    7.576649e-02   -4.993661e-01   -4.990196e-01    1.586538e-06    1.527221e-06   -9.562031e-07   -8.936258e-07    8.810266e-06    8.502947e-06
  -4.812500e-01   -1.372300e+01   -1.202573e+01   -4.376820e+00   -3.796670e+00   -6.816196e+00   -5.750442e+00    1.229575e-01    1.871856e-01    5.610931e-02    9.002554e-02   -4.990890e-01   -4.985967e-01    1.565741e-06    1.507497e-06   -9.559772e-07   -8.932241e-07    8.809874e-06    8.502546e-06
  -4.781250e-01   -1.348236e+01   -1.180407e+01   -4.299832e+00   -3.725912e+00   -6.687359e+00   -5.633230e+00    1.429936e-01    2.164286e-01    6.525239e-02    1.039951e-01   -4.987627e-01   -4.981012e-01    1.545081e-06    1.487970e-06   -9.557110e-07   -8.927548e-07    8.809466e-06    8.502131e-06
  -4.750000e-01   -1.324343e+01   -1.158503e+01   -4.223393e+00   -3.655985e+00   -6.559470e+00   -5.517452e+00    1.628992e-01    2.451309e-01    7.433591e-02    1.176788e-01   -4.983873e-01   -4.975347e-01    1.524557e-06    1.468636e-06   -9.554049e-07   -8.922194e-07    8.809043e-06    8.501704e-06
  -4.718750e-01   -1.300623e+01   -1.136855e+01   -4.147499e+00   -3.586872e+00   -6.432524e+00   -5.403083e+00    1.826742e-01    2.732986e-01    8.335986e-02    1.310800e-01   -4.979632e-01   -4.968984e-01    1.504169e-06    1.449494e-06   -9.550591e-07   -8.916197e-07    8.808603e-06    8.501264e-06
  -4.687500e-01   -1.277073e+01   -1.115458e+01   -4.072147e+00   -3.518557e+00   -6.306513e+00   -5.290094e+00    2.023187e-01    3.009382e-01    9.232424e-02    1.442022e-01   -4.974907e-01   -4.961936e-01    1.483915e-06    1.430538e-06   -9.546739e-07   -8.909570e-07    8.808149e-06    8.500813e-06
  -4.656250e-01   -1.253692e+01   -1.094307e+01   -3.997334e+00   -3.451026e+00   -6.181432e+00   -5.178460e+00    2.218326e-01    3.280555e-01    1.012291e-01    1.570488e-01   -4.969702e-01   -4.954216e-01    1.463794e-06    1.411766e-06   -9.542495e-07   -8.902331e-07    8.807679e-06    8.500349e-06
  -4.625000e-01   -1.230479e+01   -1.073398e+01   -3.923055e+00   -3.384263e+00   -6.057275e+00   -5.068154e+00    2.412161e-01    3.546568e-01    1.100743e-01    1.696230e-01   -4.964020e-01   -4.945837e-01    1.443805e-06    1.393174e-06   -9.537862e-07   -8.894494e-07    8.807194e-06    8.499875e-06
  -4.593750e-01   -1.207434e+01   -1.052726e+01   -3.849307e+00   -3.318254e+00   -5.934035e+00   -4.959151e+00    2.604690e-01    3.807478e-01    1.188600e-01    1.819281e-01   -4.957863e-01   -4.936811e-01    1.423949e-06    1.374760e-06   -9.532842e-07   -8.886075e-07    8.806695e-06    8.499390e-06
  -4.562500e-01   -1.184554e+01   -1.032287e+01   -3.776086e+00   -3.252985e+00   -5.811706e+00   -4.851425e+00    2.795913e-01    4.063343e-01    1.275861e-01    1.939672e-01   -4.951236e-01   -4.927151e-01    1.404223e-06    1.356519e-06   -9.527438e-07   -8.877087e-07    8.806181e-06    8.498894e-06
  -4.531250e-01   -1.161839e+01   -1.012075e+01   -3.703390e+00   -3.188439e+00   -5.690281e+00   -4.744951e+00    2.985832e-01    4.314219e-01    1.362527e-01    2.057435e-01   -4.944140e-01   -4.916869e-01    1.384627e-06    1.338449e-06   -9.521652e-07   -8.867547e-07    8.805653e-06    8.498387e-06
  -4.500000e-01   -1.139288e+01   -9.920869e+00   -3.631213e+00   -3.124604e+00   -5.569756e+00   -4.639704e+00    3.174445e-01    4.560162e-01    1.448597e-01    2.172600e-01   -4.936581e-01   -4.905978e-01    1.365160e-06    1.320546e-06   -9.515488e-07   -8.857469e-07    8.805111e-06    8.497871e-06
  -4.468750e-01   -1.116900e+01   -9.723176e+00   -3.559554e+00   -3.061464e+00   -5.450122e+00   -4.535659e+00    3.361753e-01    4.801226e-01    1.534072e-01    2.285196e-01   -4.928560e-01   -4.894488e-01    1.345821e-06    1.302808e-06   -9.508948e-07   -8.846866e-07    8.804556e-06    8.497345e-06
  -4.437500e-01   -1.094673e+01   -9.527629e+00   -3.488407e+00   -2.999007e+00   -5.331375e+00   -4.432792e+00    3.547756e-01    5.037465e-01    1.618950e-01    2.395253e-01   -4.920080e-01   -4.882414e-01    1.326610e-06    1.285231e-06   -9.502035e-07   -8.835754e-07    8.803987e-06    8.496809e-06
  -4.406250e-01   -1.072606e+01   -9.334183e+00   -3.417770e+00   -2.937217e+00   -5.213509e+00   -4.331079e+00    3.732453e-01    5.268930e-01    1.703233e-01    2.502799e-01   -4.911146e-01   -4.869765e-01    1.307524e-06    1.267811e-06   -9.494750e-07   -8.824146e-07    8.803404e-06    8.496265e-06
  -4.375000e-01   -1.050699e+01   -9.142797e+00   -3.347639e+00   -2.876081e+00   -5.096516e+00   -4.230495e+00    3.915845e-01    5.495673e-01    1.786921e-01    2.607863e-01   -4.901760e-01   -4.856554e-01    1.288565e-06    1.250548e-06   -9.487097e-07   -8.812056e-07    8.802808e-06    8.495711e-06
  -4.343750e-01   -1.028949e+01   -8.953426e+00   -3.278010e+00   -2.815586e+00   -4.980390e+00   -4.131018e+00    4.097932e-01    5.717743e-01    1.870013e-01    2.710472e-01   -4.891926e-01   -4.842792e-01    1.269729e-06    1.233436e-06   -9.479078e-07   -8.799498e-07    8.802200e-06    8.495149e-06
  -4.312500e-01   -1.007357e+01   -8.766029e+00   -3.208879e+00   -2.755718e+00   -4.865126e+00   -4.032623e+00    4.278713e-01    5.935189e-01    1.952509e-01    2.810653e-01   -4.881646e-01   -4.828491e-01    1.251018e-06    1.216473e-06   -9.470697e-07   -8.786486e-07    8.801578e-06    8.494579e-06
  -4.281250e-01   -9.859200e+00   -8.580564e+00   -3.140244e+00   -2.696464e+00   -4.750718e+00   -3.935289e+00    4.458190e-01    6.148060e-01    2.034409e-01    2.908432e-01   -4.870924e-01   -4.813661e-01    1.232429e-06    1.199656e-06   -9.461955e-07   -8.773033e-07    8.800945e-06    8.494000e-06
  -4.250000e-01   -9.646379e+00   -8.396991e+00   -3.072101e+00   -2.637810e+00   -4.637158e+00   -3.838990e+00    4.636360e-01    6.356402e-01    2.115714e-01    3.003835e-01   -4.859764e-01   -4.798315e-01    1.213962e-06    1.182983e-06   -9.452855e-07   -8.759151e-07    8.800299e-06    8.493414e-06
  -4.218750e-01   -9.435094e+00   -8.215267e+00   -3.004445e+00   -2.579744e+00   -4.524442e+00   -3.743706e+00    4.813226e-01    6.560261e-01    2.196424e-01    3.096886e-01   -4.848167e-01   -4.782463e-01    1.195616e-06    1.166449e-06   -9.443399e-07   -8.744855e-07    8.799640e-06    8.492821e-06
  -4.187500e-01   -9.225332e+00   -8.035352e+00   -2.937274e+00   -2.522253e+00   -4.412562e+00   -3.649414e+00    4.988787e-01    6.759683e-01    2.276537e-01    3.187611e-01   -4.836138e-01   -4.766116e-01    1.177390e-06    1.150054e-06   -9.433591e-07   -8.730157e-07    8.798971e-06    8.492220e-06
  -4.156250e-01   -9.017083e+00   -7.857206e+00   -2.870584e+00   -2.465323e+00   -4.301513e+00   -3.556091e+00    5.163042e-01    6.954710e-01    2.356055e-01    3.276034e-01   -4.823680e-01   -4.749285e-01    1.159284e-06    1.133793e-06   -9.423434e-07   -8.715070e-07    8.798289e-06    8.491612e-06
  -4.125000e-01   -8.810336e+00   -7.680791e+00   -2.804371e+00   -2.408943e+00   -4.191287e+00   -3.463715e+00    5.335991e-01    7.145387e-01    2.434977e-01    3.362178e-01   -4.810796e-01   -4.731981e-01    1.141295e-06    1.117663e-06   -9.412928e-07   -8.699607e-07    8.797596e-06    8.490997e-06
  -4.093750e-01   -8.605079e+00   -7.506065e+00   -2.738631e+00   -2.353099e+00   -4.081880e+00   -3.372265e+00    5.507636e-01    7.331754e-01    2.513304e-01    3.446067e-01   -4.797489e-01   -4.714214e-01    1.123425e-06    1.101663e-06   -9.402078e-07   -8.683780e-07    8.796892e-06    8.490376e-06
  -4.062500e-01   -8.401301e+00   -7.332991e+00   -2.673361e+00   -2.297780e+00   -3.973285e+00   -3.281719e+00    5.677975e-01    7.513853e-01    2.591035e-01    3.527721e-01   -4.783762e-01   -4.695995e-01    1.105670e-06    1.085789e-06   -9.390886e-07   -8.667601e-07    8.796177e-06    8.489748e-06
  -4.031250e-01   -8.198990e+00   -7.161530e+00   -2.608558e+00   -2.242972e+00   -3.865496e+00   -3.192055e+00    5.847009e-01    7.691724e-01    2.668171e-01    3.607165e-01   -4.769619e-01   -4.677334e-01    1.088032e-06    1.070038e-06   -9.379354e-07   -8.651084e-07    8.795450e-06    8.489115e-06
  -4.000000e-01   -7.998136e+00   -6.991643e+00   -2.544218e+00   -2.188664e+00   -3.758506e+00   -3.103254e+00    6.014738e-01    7.865407e-01    2.744710e-01    3.684418e-01   -4.755062e-01   -4.658241e-01    1.070508e-06    1.054409e-06   -9.367485e-07   -8.634239e-07    8.794714e-06    8.488475e-06
  -3.968750e-01   -7.798727e+00   -6.823293e+00   -2.480337e+00   -2.134844e+00   -3.652309e+00   -3.015292e+00    6.181161e-01    8.034938e-01    2.820655e-01    3.759502e-01   -4.740096e-01   -4.638728e-01    1.053098e-06    1.038897e-06   -9.355282e-07   -8.617080e-07    8.793967e-06    8.487830e-06
  -3.937500e-01   -7.600751e+00   -6.656442e+00   -2.416912e+00   -2.081499e+00   -3.546900e+00   -2.928151e+00    6.346279e-01    8.200357e-01    2.896003e-01    3.832438e-01   -4.724722e-01   -4.618803e-01    1.035801e-06    1.023501e-06   -9.342747e-07   -8.599617e-07    8.793209e-06    8.487179e-06
  -3.906250e-01   -7.404198e+00   -6.491053e+00   -2.353939e+00   -2.028618e+00   -3.442271e+00   -2.841808e+00    6.510092e-01    8.361698e-01    2.970756e-01    3.903244e-01   -4.708945e-01   -4.598478e-01    1.018616e-06    1.008218e-06   -9.329883e-07   -8.581863e-07    8.792442e-06    8.486523e-06
  -3.875000e-01   -7.209057e+00   -6.327089e+00   -2.291414e+00   -1.976189e+00   -3.338417e+00   -2.756245e+00    6.672600e-01    8.518997e-01    3.044913e-01    3.971941e-01   -4.692767e-01   -4.577761e-01    1.001542e-06    9.930446e-07   -9.316693e-07   -8.563829e-07    8.791665e-06    8.485863e-06
  -3.843750e-01   -7.015315e+00   -6.164513e+00   -2.229334e+00   -1.924201e+00   -3.235332e+00   -2.671439e+00    6.833802e-01    8.672289e-01    3.118475e-01    4.038547e-01   -4.676193e-01   -4.556664e-01    9.845787e-07    9.779792e-07   -9.303179e-07   -8.545528e-07    8.790878e-06    8.485197e-06
  -3.812500e-01   -6.822961e+00   -6.003290e+00   -2.167696e+00   -1.872641e+00   -3.133009e+00   -2.587373e+00    6.993699e-01    8.821608e-01    3.191441e-01    4.103081e-01   -4.659224e-01   -4.535194e-01    9.677248e-07    9.630188e-07   -9.289343e-07   -8.526969e-07    8.790081e-06    8.484526e-06
  -3.781250e-01   -6.631985e+00   -5.843384e+00   -2.106495e+00   -1.821499e+00   -3.031442e+00   -2.504024e+00    7.152291e-01    8.966986e-01    3.263811e-01    4.165560e-01   -4.641864e-01   -4.513364e-01    9.509794e-07    9.481609e-07   -9.275189e-07   -8.508166e-07    8.789276e-06    8.483851e-06
  -3.750000e-01   -6.442375e+00   -5.684758e+00   -2.045728e+00   -1.770763e+00   -2.930625e+00   -2.421375e+00    7.309577e-01    9.108455e-01    3.335586e-01    4.226003e-01   -4.624117e-01   -4.491181e-01    9.343416e-07    9.334029e-07   -9.260718e-07   -8.489128e-07    8.788461e-06    8.483172e-06
  -3.718750e-01   -6.254120e+00   -5.527377e+00   -1.985392e+00   -1.720421e+00   -2.830551e+00   -2.339404e+00    7.465558e-01    9.246046e-01    3.406765e-01    4.284425e-01   -4.605985e-01   -4.468656e-01    9.178106e-07    9.187424e-07   -9.245934e-07   -8.469868e-07    8.787637e-06    8.482489e-06
  -3.687500e-01   -6.067208e+00   -5.371207e+00   -1.925483e+00   -1.670463e+00   -2.731215e+00   -2.258093e+00    7.620234e-01    9.379789e-01    3.477348e-01    4.340843e-01   -4.587472e-01   -4.445798e-01    9.013855e-07    9.041769e-07   -9.230840e-07   -8.450395e-07    8.786805e-06    8.481802e-06
  -3.656250e-01   -5.881629e+00   -5.216212e+00   -1.865998e+00   -1.620878e+00   -2.632611e+00   -2.177423e+00    7.773605e-01    9.509714e-01    3.547336e-01    4.395274e-01   -4.568581e-01   -4.422616e-01    8.850653e-07    8.897038e-07   -9.215437e-07   -8.430722e-07    8.785964e-06    8.481111e-06
  -3.625000e-01   -5.697370e+00   -5.062358e+00   -1.806932e+00   -1.571653e+00   -2.534731e+00   -2.097374e+00    7.925670e-01    9.635849e-01    3.616728e-01    4.447732e-01   -4.549315e-01   -4.399120e-01    8.688493e-07    8.753208e-07   -9.199728e-07   -8.410859e-07    8.785115e-06    8.480416e-06
  -3.593750e-01   -5.514420e+00   -4.909611e+00   -1.748282e+00   -1.522780e+00   -2.437571e+00   -2.017928e+00    8.076430e-01    9.758221e-01    3.685524e-01    4.498234e-01   -4.529677e-01   -4.375319e-01    8.527364e-07    8.610254e-07   -9.183717e-07   -8.390816e-07    8.784257e-06    8.479718e-06
  -3.562500e-01   -5.332769e+00   -4.757936e+00   -1.690045e+00   -1.474245e+00   -2.341123e+00   -1.939064e+00    8.225885e-01    9.876858e-01    3.753725e-01    4.546792e-01   -4.509671e-01   -4.351223e-01    8.367259e-07    8.468151e-07   -9.167405e-07   -8.370605e-07    8.783392e-06    8.479016e-06
  -3.531250e-01   -5.152405e+00   -4.607300e+00   -1.632217e+00   -1.426040e+00   -2.245382e+00   -1.860766e+00    8.374035e-01    9.991784e-01    3.821330e-01    4.593422e-01   -4.489300e-01   -4.326839e-01    8.208168e-07    8.326876e-07   -9.150795e-07   -8.350236e-07    8.782518e-06    8.478312e-06
  -3.500000e-01   -4.973317e+00   -4.457669e+00   -1.574794e+00   -1.378152e+00   -2.150341e+00   -1.783013e+00    8.520879e-01    1.010303e+00    3.888340e-01    4.638137e-01   -4.468567e-01   -4.302179e-01    8.050082e-07    8.186405e-07   -9.133890e-07   -8.329719e-07    8.781637e-06    8.477604e-06
  -3.468750e-01   -4.795493e+00   -4.309009e+00   -1.517774e+00   -1.330573e+00   -2.055995e+00   -1.705789e+00    8.666418e-01    1.021061e+00    3.954754e-01    4.680950e-01   -4.447475e-01   -4.277249e-01    7.892992e-07    8.046714e-07   -9.116693e-07   -8.309065e-07    8.780749e-06    8.476893e-06
  -3.437500e-01   -4.618922e+00   -4.161289e+00   -1.461151e+00   -1.283289e+00   -1.962336e+00   -1.629073e+00    8.810651e-01    1.031455e+00    4.020572e-01    4.721874e-01   -4.426027e-01   -4.252060e-01    7.736891e-07    7.907779e-07   -9.099205e-07   -8.288284e-07    8.779853e-06    8.476180e-06
  -3.406250e-01   -4.443593e+00   -4.014474e+00   -1.404923e+00   -1.236293e+00   -1.869359e+00   -1.552849e+00    8.953580e-01    1.041488e+00    4.085794e-01    4.760921e-01   -4.404227e-01   -4.226621e-01    7.581767e-07    7.769577e-07   -9.081431e-07   -8.267387e-07    8.778950e-06    8.475464e-06
  -3.375000e-01   -4.269495e+00   -3.868531e+00   -1.349087e+00   -1.189572e+00   -1.777057e+00   -1.477097e+00    9.095203e-01    1.051162e+00    4.150421e-01    4.798103e-01   -4.382078e-01   -4.200939e-01    7.427614e-07    7.632085e-07   -9.063371e-07   -8.246384e-07    8.778040e-06    8.474746e-06
  -3.343750e-01   -4.096616e+00   -3.723430e+00   -1.293637e+00   -1.143117e+00   -1.685425e+00   -1.401800e+00    9.235520e-01    1.060478e+00    4.214453e-01    4.833431e-01   -4.359583e-01   -4.175025e-01    7.274421e-07    7.495279e-07   -9.045030e-07   -8.225285e-07    8.777123e-06    8.474025e-06
  -3.312500e-01   -3.924944e+00   -3.579136e+00   -1.238572e+00   -1.096917e+00   -1.594456e+00   -1.326941e+00    9.374533e-01    1.069440e+00    4.277888e-01    4.866917e-01   -4.336745e-01   -4.148886e-01    7.122180e-07    7.359137e-07   -9.026409e-07   -8.204100e-07    8.776200e-06    8.473302e-06
  -3.281250e-01   -3.754470e+00   -3.435618e+00   -1.183887e+00   -1.050961e+00   -1.504144e+00   -1.252500e+00    9.512240e-01    1.078048e+00    4.340729e-01    4.898571e-01   -4.313567e-01   -4.122532e-01    6.970883e-07    7.223635e-07   -9.007511e-07   -8.182838e-07    8.775270e-06    8.472577e-06
  -3.250000e-01   -3.585181e+00   -3.292843e+00   -1.129579e+00   -1.005241e+00   -1.414483e+00   -1.178461e+00    9.648642e-01    1.086305e+00    4.402973e-01    4.928402e-01   -4.290053e-01   -4.095971e-01    6.820519e-07    7.088750e-07   -8.988339e-07   -8.161511e-07    8.774334e-06    8.471849e-06
  -3.218750e-01   -3.417066e+00   -3.150781e+00   -1.075644e+00   -9.597451e-01   -1.325466e+00   -1.104805e+00    9.783739e-01    1.094212e+00    4.464622e-01    4.956421e-01   -4.266206e-01   -4.069211e-01    6.671081e-07    6.954461e-07   -8.968895e-07   -8.140128e-07    8.773392e-06    8.471120e-06
  -3.187500e-01   -3.250113e+00   -3.009398e+00   -1.022078e+00   -9.144637e-01   -1.237088e+00   -1.031516e+00    9.917530e-01    1.101772e+00    4.525675e-01    4.982637e-01   -4.242029e-01   -4.042261e-01    6.522559e-07    6.820744e-07   -8.949182e-07   -8.118699e-07    8.772444e-06    8.470389e-06
  -3.156250e-01   -3.084313e+00   -2.868665e+00   -9.688788e-01   -8.693867e-01   -1.149342e+00   -9.585759e-01    1.005002e+00    1.108985e+00    4.586132e-01    5.007059e-01   -4.217525e-01   -4.015131e-01    6.374945e-07    6.687578e-07   -8.929203e-07   -8.097233e-07    8.771489e-06    8.469656e-06
  -3.125000e-01   -2.919652e+00   -2.728548e+00   -9.160417e-01   -8.245041e-01   -1.062221e+00   -8.859669e-01    1.018120e+00    1.115854e+00    4.645994e-01    5.029694e-01   -4.192698e-01   -3.987827e-01    6.228229e-07    6.554938e-07   -8.908960e-07   -8.075740e-07    8.770530e-06    8.468922e-06
  -3.093750e-01   -2.756121e+00   -2.589018e+00   -8.635633e-01   -7.798059e-01   -9.757209e-01   -8.136719e-01    1.031107e+00    1.122380e+00    4.705260e-01    5.050551e-01   -4.167550e-01   -3.960359e-01    6.082403e-07    6.422804e-07   -8.888456e-07   -8.054231e-07    8.769564e-06    8.468186e-06
  -3.062500e-01   -2.593707e+00   -2.450043e+00   -8.114402e-01   -7.352822e-01   -8.898340e-01   -7.416738e-01    1.043964e+00    1.128563e+00    4.763931e-01    5.069637e-01   -4.142085e-01   -3.932735e-01    5.937457e-07    6.291153e-07   -8.867693e-07   -8.032714e-07    8.768593e-06    8.467448e-06
  -3.031250e-01   -2.432399e+00   -2.311591e+00   -7.596687e-01   -6.909231e-01   -8.045545e-01   -6.699554e-01    1.056691e+00    1.134407e+00    4.822006e-01    5.086960e-01   -4.116306e-01   -3.904964e-01    5.793384e-07    6.159964e-07   -8.846674e-07   -8.011200e-07    8.767617e-06    8.466710e-06
  -3.000000e-01   -2.272186e+00   -2.173632e+00   -7.082452e-01   -6.467187e-01   -7.198761e-01   -5.984995e-01    1.069287e+00    1.139911e+00    4.879485e-01    5.102526e-01   -4.090217e-01   -3.877053e-01    5.650173e-07    6.029213e-07   -8.825402e-07   -7.989697e-07    8.766636e-06    8.465969e-06
  -2.968750e-01   -2.113058e+00   -2.036136e+00   -6.571662e-01   -6.026593e-01   -6.357928e-01   -5.272892e-01    1.081752e+00    1.145077e+00    4.936369e-01    5.116341e-01   -4.063819e-01   -3.849011e-01    5.507817e-07    5.898879e-07   -8.803879e-07   -7.968216e-07    8.765650e-06    8.465228e-06
  -2.937500e-01   -1.955001e+00   -1.899071e+00   -6.064280e-01   -5.587350e-01   -5.522982e-01   -4.563074e-01    1.094087e+00    1.149906e+00    4.992657e-01    5.128411e-01   -4.037118e-01   -3.820847e-01    5.366306e-07    5.768940e-07   -8.782108e-07   -7.946766e-07    8.764660e-06    8.464485e-06
  -2.906250e-01   -1.798006e+00   -1.762407e+00   -5.560271e-01   -5.149361e-01   -4.693862e-01   -3.855372e-01    1.106291e+00    1.154399e+00    5.048349e-01    5.138742e-01   -4.010115e-01   -3.792568e-01    5.225631e-07    5.639375e-07   -8.760091e-07   -7.925357e-07    8.763664e-06    8.463741e-06
  -2.875000e-01   -1.642061e+00   -1.626113e+00   -5.059599e-01   -4.712528e-01   -3.870505e-01   -3.149618e-01    1.118365e+00    1.158557e+00    5.103446e-01    5.147338e-01   -3.982814e-01   -3.764183e-01    5.085783e-07    5.510161e-07   -8.737832e-07   -7.903997e-07    8.762664e-06    8.462997e-06
  -2.843750e-01   -1.487155e+00   -1.490159e+00   -4.562228e-01   -4.276755e-01   -3.052851e-01   -2.445642e-01    1.130309e+00    1.162382e+00    5.157947e-01    5.154204e-01   -3.955219e-01   -3.735700e-01    4.946754e-07    5.381277e-07   -8.715332e-07   -7.882697e-07    8.761660e-06    8.462251e-06
  -2.812500e-01   -1.333276e+00   -1.354515e+00   -4.068122e-01   -3.841944e-01   -2.240836e-01   -1.743277e-01    1.142121e+00    1.165872e+00    5.211852e-01    5.159344e-01   -3.927332e-01   -3.707128e-01    4.808535e-07    5.252701e-07   -8.692594e-07   -7.861465e-07    8.760651e-06    8.461504e-06
  -2.781250e-01   -1.180412e+00   -1.219150e+00   -3.577245e-01   -3.408000e-01   -1.434399e-01   -1.042356e-01    1.153804e+00    1.169031e+00    5.265162e-01    5.162762e-01   -3.899157e-01   -3.678473e-01    4.671116e-07    5.124412e-07   -8.669621e-07   -7.840312e-07    8.759639e-06    8.460756e-06
  -2.750000e-01   -1.028554e+00   -1.084034e+00   -3.089561e-01   -2.974826e-01   -6.334787e-02   -3.427105e-02    1.165355e+00    1.171857e+00    5.317876e-01    5.164462e-01   -3.870697e-01   -3.649746e-01    4.534489e-07    4.996388e-07   -8.646416e-07   -7.819246e-07    8.758622e-06    8.460008e-06
  -2.718750e-01   -8.776890e-01   -9.491376e-01   -2.605035e-01   -2.542325e-01    1.619882e-02    3.558259e-02    1.176777e+00    1.174352e+00    5.369995e-01    5.164445e-01   -3.841954e-01   -3.620953e-01    4.398645e-07    4.868608e-07   -8.622981e-07   -7.798277e-07    8.757602e-06    8.459258e-06
  -2.687500e-01   -7.278063e-01   -8.144297e-01   -2.123631e-01   -2.110402e-01    9.520631e-02    1.053420e-01    1.188067e+00    1.176516e+00    5.421518e-01    5.162716e-01   -3.812933e-01   -3.592102e-01    4.263575e-07    4.741050e-07   -8.599319e-07   -7.777414e-07    8.756578e-06    8.458508e-06
  -2.656250e-01   -5.788944e-01   -6.798805e-01   -1.645312e-01   -1.678961e-01    1.736808e-01    1.750238e-01    1.199228e+00    1.178350e+00    5.472445e-01    5.159275e-01   -3.783637e-01   -3.563203e-01    4.129270e-07    4.613693e-07   -8.575432e-07   -7.756667e-07    8.755551e-06    8.457757e-06
  -2.625000e-01   -4.309421e-01   -5.454600e-01   -1.170043e-01   -1.247905e-01    2.516285e-01    2.446447e-01    1.210257e+00    1.179854e+00    5.522777e-01    5.154125e-01   -3.754068e-01   -3.534263e-01    3.995722e-07    4.486515e-07   -8.551323e-07   -7.736044e-07    8.754520e-06    8.457005e-06
  -2.593750e-01   -2.839381e-01   -4.111382e-01   -6.977875e-02   -8.171400e-02    3.290556e-01    3.142212e-01    1.221156e+00    1.181028e+00    5.572513e-01    5.147266e-01   -3.724230e-01   -3.505290e-01    3.862920e-07    4.359494e-07   -8.526995e-07   -7.715555e-07    8.753486e-06    8.456253e-06
  -2.562500e-01   -1.378712e-01   -2.768852e-01   -2.285103e-02   -3.865692e-02    4.059682e-01    3.837700e-01    1.231925e+00    1.181872e+00    5.621653e-01    5.138701e-01   -3.694126e-01   -3.476292e-01    3.730857e-07    4.232611e-07   -8.502450e-07   -7.695210e-07    8.752448e-06    8.455499e-06
  -2.531250e-01    7.270065e-03   -1.426708e-01    2.378248e-02    4.390259e-03    4.823727e-01    4.533076e-01    1.242563e+00    1.182387e+00    5.670198e-01    5.128428e-01   -3.663760e-01   -3.447278e-01    3.599524e-07    4.105842e-07   -8.477690e-07   -7.675018e-07    8.751408e-06    8.454745e-06
  -2.500000e-01    1.514969e-01   -8.465275e-03    7.012535e-02    4.743711e-02    5.582752e-01    5.228507e-01    1.253070e+00    1.182572e+00    5.718147e-01    5.116449e-01   -3.633134e-01   -3.418255e-01    3.468911e-07    3.979167e-07   -8.452720e-07   -7.654987e-07    8.750365e-06    8.453991e-06
  -2.500000e-01   -8.006726e+00   -9.339472e+00   -2.724584e+00   -3.149025e+00    4.612320e+00    5.391042e+00    1.253070e+00    1.182572e+00    5.718147e-01    5.116449e-01   -3.633134e-01   -3.418255e-01    3.468911e-07    3.979167e-07   -8.452720e-07   -7.654987e-07    8.750365e-06    8.453991e-06
  -2.468750e-01   -7.849717e+00   -9.171229e+00   -2.672321e+00   -3.093175e+00    4.522955e+00    5.294908e+00    1.276771e+00    1.205288e+00    5.586351e-01    4.985315e-01   -3.602088e-01   -3.388950e-01    3.385837e-07    3.894793e-07   -8.326302e-07   -7.539439e-07    8.749408e-06    8.453335e-06
  -2.437500e-01   -7.694855e+00   -9.005100e+00   -2.620745e+00   -3.038002e+00    4.434787e+00    5.199954e+00    1.300173e+00    1.227593e+00    5.456213e-01    4.856526e-01   -3.570464e-01   -3.359093e-01    3.304261e-07    3.811841e-07   -8.200668e-07   -7.424703e-07    8.748456e-06    8.452680e-06
  -2.406250e-01   -7.542114e+00   -8.841046e+00   -2.569848e+00   -2.983493e+00    4.347800e+00    5.106158e+00    1.323277e+00    1.249493e+00    5.327732e-01    4.730053e-01   -3.538269e-01   -3.328694e-01    3.224165e-07    3.730287e-07   -8.075807e-07   -7.310765e-07    8.747509e-06    8.452028e-06
  -2.375000e-01   -7.391467e+00   -8.679030e+00   -2.519620e+00   -2.929637e+00    4.261980e+00    5.013500e+00    1.346083e+00    1.270993e+00    5.200910e-01    4.605869e-01   -3.505511e-01   -3.297762e-01    3.145530e-07    3.650105e-07   -7.951710e-07   -7.197610e-07    8.746567e-06    8.451378e-06
  -2.343750e-01   -7.242887e+00   -8.519016e+00   -2.470053e+00   -2.876421e+00    4.177311e+00    4.921958e+00    1.368591e+00    1.292098e+00    5.075745e-01    4.483945e-01   -3.472197e-01   -3.266308e-01    3.068336e-07    3.571270e-07   -7.828366e-07   -7.085225e-07    8.745631e-06    8.450730e-06
  -2.312500e-01   -7.096346e+00   -8.360966e+00   -2.421138e+00   -2.823834e+00    4.093777e+00    4.831513e+00    1.390801e+00    1.312813e+00    4.952239e-01    4.364254e-01   -3.438334e-01   -3.234340e-01    2.992566e-07    3.493757e-07   -7.705766e-07   -6.973595e-07    8.744701e-06    8.450085e-06
  -2.281250e-01   -6.951817e+00   -8.204844e+00   -2.372867e+00   -2.771864e+00    4.011365e+00    4.742144e+00    1.412713e+00    1.333141e+00    4.830390e-01    4.246770e-01   -3.403930e-01   -3.201868e-01    2.918198e-07    3.417542e-07   -7.583900e-07   -6.862708e-07    8.743777e-06    8.449443e-06
  -2.250000e-01   -6.809274e+00   -8.050616e+00   -2.325231e+00   -2.720501e+00    3.930059e+00    4.653832e+00    1.434326e+00    1.353090e+00    4.710198e-01    4.131466e-01   -3.368992e-01   -3.168903e-01    2.845216e-07    3.342601e-07   -7.462758e-07   -6.752548e-07    8.742859e-06    8.448805e-06
  -2.218750e-01   -6.668688e+00   -7.898244e+00   -2.278220e+00   -2.669732e+00    3.849843e+00    4.566556e+00    1.455642e+00    1.372661e+00    4.591665e-01    4.018317e-01   -3.333526e-01   -3.135452e-01    2.773599e-07    3.268910e-07   -7.342330e-07   -6.643104e-07    8.741948e-06    8.448170e-06
  -2.187500e-01   -6.530032e+00   -7.747696e+00   -2.231828e+00   -2.619546e+00    3.770702e+00    4.480298e+00    1.476659e+00    1.391861e+00    4.474789e-01    3.907297e-01   -3.297542e-01   -3.101525e-01    2.703330e-07    3.196445e-07   -7.222605e-07   -6.534361e-07    8.741044e-06    8.447539e-06
  -2.156250e-01   -6.393280e+00   -7.598936e+00   -2.186044e+00   -2.569933e+00    3.692622e+00    4.395037e+00    1.497378e+00    1.410694e+00    4.359572e-01    3.798382e-01   -3.261045e-01   -3.067132e-01    2.634388e-07    3.125184e-07   -7.103575e-07   -6.426307e-07    8.740146e-06    8.446912e-06
  -2.125000e-01   -6.258404e+00   -7.451930e+00   -2.140859e+00   -2.520881e+00    3.615587e+00    4.310756e+00    1.517800e+00    1.429164e+00    4.246012e-01    3.691548e-01   -3.224043e-01   -3.032281e-01    2.566755e-07    3.055103e-07   -6.985229e-07   -6.318928e-07    8.739257e-06    8.446289e-06
  -2.093750e-01   -6.125378e+00   -7.306644e+00   -2.096267e+00   -2.472381e+00    3.539582e+00    4.227435e+00    1.537923e+00    1.447275e+00    4.134110e-01    3.586771e-01   -3.186544e-01   -2.996981e-01    2.500412e-07    2.986180e-07   -6.867557e-07   -6.212212e-07    8.738374e-06    8.445671e-06
  -2.062500e-01   -5.994173e+00   -7.163045e+00   -2.052257e+00   -2.424420e+00    3.464592e+00    4.145056e+00    1.557747e+00    1.465032e+00    4.023865e-01    3.484027e-01   -3.148554e-01   -2.961241e-01    2.435340e-07    2.918391e-07   -6.750549e-07   -6.106146e-07    8.737500e-06    8.445057e-06
  -2.031250e-01   -5.864763e+00   -7.021101e+00   -2.008821e+00   -2.376989e+00    3.390602e+00    4.063601e+00    1.577274e+00    1.482438e+00    3.915279e-01    3.383293e-01   -3.110082e-01   -2.925069e-01    2.371520e-07    2.851716e-07   -6.634196e-07   -6.000718e-07    8.736634e-06    8.444448e-06
  -2.000000e-01   -5.737120e+00   -6.880779e+00   -1.965950e+00   -2.330077e+00    3.317596e+00    3.983050e+00    1.596503e+00    1.499498e+00    3.808350e-01    3.284548e-01   -3.071133e-01   -2.888475e-01    2.308933e-07    2.786131e-07   -6.518488e-07   -5.895915e-07    8.735776e-06    8.443845e-06
  -1.968750e-01   -5.611217e+00   -6.742047e+00   -1.923635e+00   -2.283674e+00    3.245560e+00    3.903387e+00    1.615433e+00    1.516215e+00    3.703079e-01    3.187769e-01   -3.031717e-01   -2.851466e-01    2.247560e-07    2.721616e-07   -6.403414e-07   -5.791724e-07    8.734926e-06    8.443246e-06
  -1.937500e-01   -5.487028e+00   -6.604872e+00   -1.881869e+00   -2.237770e+00    3.174478e+00    3.824593e+00    1.634066e+00    1.532594e+00    3.599466e-01    3.092934e-01   -2.991840e-01   -2.814050e-01    2.187382e-07    2.658148e-07   -6.288965e-07   -5.688134e-07    8.734086e-06    8.442654e-06
  -1.906250e-01   -5.364524e+00   -6.469224e+00   -1.840642e+00   -2.192354e+00    3.104335e+00    3.746652e+00    1.652400e+00    1.548638e+00    3.497511e-01    3.000022e-01   -2.951509e-01   -2.776237e-01    2.128380e-07    2.595707e-07   -6.175130e-07   -5.585133e-07    8.733254e-06    8.442066e-06
  -1.875000e-01   -5.243679e+00   -6.335071e+00   -1.799945e+00   -2.147418e+00    3.035116e+00    3.669545e+00    1.670436e+00    1.564351e+00    3.397213e-01    2.909014e-01   -2.910731e-01   -2.738035e-01    2.070535e-07    2.534271e-07   -6.061901e-07   -5.482708e-07    8.732432e-06    8.441485e-06
  -1.843750e-01   -5.124466e+00   -6.202382e+00   -1.759770e+00   -2.102950e+00    2.966806e+00    3.593255e+00    1.688174e+00    1.579737e+00    3.298573e-01    2.819887e-01   -2.869515e-01   -2.699450e-01    2.013829e-07    2.473821e-07   -5.949266e-07   -5.380849e-07    8.731619e-06    8.440910e-06
  -1.812500e-01   -5.006857e+00   -6.071128e+00   -1.720108e+00   -2.058941e+00    2.899389e+00    3.517766e+00    1.705614e+00    1.594798e+00    3.201592e-01    2.732623e-01   -2.827867e-01   -2.660492e-01    1.958241e-07    2.414334e-07   -5.837216e-07   -5.279543e-07    8.730815e-06    8.440341e-06
  -1.781250e-01   -4.890825e+00   -5.941277e+00   -1.680950e+00   -2.015381e+00    2.832851e+00    3.443061e+00    1.722756e+00    1.609539e+00    3.106268e-01    2.647203e-01   -2.785795e-01   -2.621168e-01    1.903754e-07    2.355792e-07   -5.725742e-07   -5.178778e-07    8.730021e-06    8.439779e-06
  -1.750000e-01   -4.776343e+00   -5.812800e+00   -1.642288e+00   -1.972262e+00    2.767177e+00    3.369122e+00    1.739600e+00    1.623963e+00    3.012601e-01    2.563606e-01   -2.743305e-01   -2.581487e-01    1.850349e-07    2.298173e-07   -5.614832e-07   -5.078544e-07    8.729238e-06    8.439223e-06
  -1.718750e-01   -4.663384e+00   -5.685668e+00   -1.604113e+00   -1.929572e+00    2.702351e+00    3.295934e+00    1.756145e+00    1.638074e+00    2.920593e-01    2.481815e-01   -2.700406e-01   -2.541455e-01    1.798005e-07    2.241458e-07   -5.504478e-07   -4.978829e-07    8.728464e-06    8.438674e-06
  -1.687500e-01   -4.551920e+00   -5.559852e+00   -1.566417e+00   -1.887304e+00    2.638358e+00    3.223481e+00    1.772393e+00    1.651874e+00    2.830242e-01    2.401812e-01   -2.657104e-01   -2.501080e-01    1.746705e-07    2.185628e-07   -5.394670e-07   -4.879622e-07    8.727701e-06    8.438132e-06
  -1.656250e-01   -4.441924e+00   -5.435321e+00   -1.529190e+00   -1.845448e+00    2.575182e+00    3.151745e+00    1.788342e+00    1.665367e+00    2.741549e-01    2.323577e-01   -2.613407e-01   -2.460371e-01    1.696429e-07    2.130662e-07   -5.285396e-07   -4.780912e-07    8.726949e-06    8.437597e-06
  -1.625000e-01   -4.333370e+00   -5.312049e+00   -1.492423e+00   -1.803995e+00    2.512810e+00    3.080711e+00    1.803993e+00    1.678556e+00    2.654514e-01    2.247095e-01   -2.569323e-01   -2.419334e-01    1.647159e-07    2.076542e-07   -5.176649e-07   -4.682688e-07    8.726208e-06    8.437069e-06
  -1.593750e-01   -4.226230e+00   -5.190006e+00   -1.456109e+00   -1.762935e+00    2.451225e+00    3.010364e+00    1.819346e+00    1.691443e+00    2.569137e-01    2.172348e-01   -2.524858e-01   -2.377978e-01    1.598875e-07    2.023248e-07   -5.068416e-07   -4.584938e-07    8.725477e-06    8.436549e-06
  -1.562500e-01   -4.120476e+00   -5.069164e+00   -1.420239e+00   -1.722260e+00    2.390413e+00    2.940688e+00    1.834401e+00    1.704033e+00    2.485418e-01    2.099319e-01   -2.480019e-01   -2.336308e-01    1.551558e-07    1.970762e-07   -4.960690e-07   -4.487653e-07    8.724758e-06    8.436037e-06
  -1.531250e-01   -4.016082e+00   -4.949496e+00   -1.384803e+00   -1.681960e+00    2.330358e+00    2.871666e+00    1.849158e+00    1.716327e+00    2.403356e-01    2.027992e-01   -2.434815e-01   -2.294333e-01    1.505190e-07    1.919064e-07   -4.853459e-07   -4.390821e-07    8.724049e-06    8.435532e-06
  -1.500000e-01   -3.913021e+00   -4.830973e+00   -1.349794e+00   -1.642027e+00    2.271046e+00    2.803284e+00    1.863617e+00    1.728330e+00    2.322952e-01    1.958351e-01   -2.389253e-01   -2.252061e-01    1.459752e-07    1.868136e-07   -4.746715e-07   -4.294432e-07    8.723353e-06    8.435035e-06
  -1.468750e-01   -3.811264e+00   -4.713570e+00   -1.315202e+00   -1.602453e+00    2.212460e+00    2.735527e+00    1.877778e+00    1.740042e+00    2.244206e-01    1.890381e-01   -2.343339e-01   -2.209497e-01    1.415224e-07    1.817960e-07   -4.640446e-07   -4.198476e-07    8.722668e-06    8.434546e-06
  -1.437500e-01   -3.710786e+00   -4.597258e+00   -1.281018e+00   -1.563228e+00    2.154586e+00    2.668379e+00    1.891640e+00    1.751468e+00    2.167118e-01    1.824066e-01   -2.297081e-01   -2.166649e-01    1.371587e-07    1.768518e-07   -4.534643e-07   -4.102942e-07    8.721995e-06    8.434066e-06
  -1.406250e-01   -3.611558e+00   -4.482010e+00   -1.247235e+00   -1.524344e+00    2.097409e+00    2.601825e+00    1.905204e+00    1.762610e+00    2.091688e-01    1.759392e-01   -2.250487e-01   -2.123524e-01    1.328823e-07    1.719791e-07   -4.429296e-07   -4.007820e-07    8.721334e-06    8.433593e-06
  -1.375000e-01   -3.513555e+00   -4.367801e+00   -1.213843e+00   -1.485792e+00    2.040914e+00    2.535851e+00    1.918471e+00    1.773470e+00    2.017915e-01    1.696344e-01   -2.203563e-01   -2.080129e-01    1.286913e-07    1.671762e-07   -4.324396e-07   -3.913099e-07    8.720685e-06    8.433130e-06
  -1.343750e-01   -3.416747e+00   -4.254604e+00   -1.180834e+00   -1.447564e+00    1.985086e+00    2.470442e+00    1.931439e+00    1.784051e+00    1.945801e-01    1.634909e-01   -2.156318e-01   -2.036471e-01    1.245838e-07    1.624413e-07   -4.219932e-07   -3.818769e-07    8.720049e-06    8.432675e-06
  -1.312500e-01   -3.321109e+00   -4.142393e+00   -1.148198e+00   -1.409652e+00    1.929908e+00    2.405583e+00    1.944109e+00    1.794356e+00    1.875344e-01    1.575072e-01   -2.108758e-01   -1.992557e-01    1.205578e-07    1.577726e-07   -4.115894e-07   -3.724821e-07    8.719425e-06    8.432228e-06
  -1.281250e-01   -3.226613e+00   -4.031142e+00   -1.115928e+00   -1.372047e+00    1.875367e+00    2.341261e+00    1.956481e+00    1.804386e+00    1.806545e-01    1.516821e-01   -2.060890e-01   -1.948393e-01    1.166115e-07    1.531684e-07   -4.012273e-07   -3.631244e-07    8.718813e-06    8.431791e-06
  -1.250000e-01   -3.133231e+00   -3.920825e+00   -1.084014e+00   -1.334742e+00    1.821447e+00    2.277459e+00    1.968555e+00    1.814144e+00    1.739403e-01    1.460142e-01   -2.012723e-01   -1.903987e-01    1.127429e-07    1.486270e-07   -3.909058e-07   -3.538029e-07    8.718215e-06    8.431362e-06
  -1.218750e-01   -3.040938e+00   -3.811416e+00   -1.052448e+00   -1.297727e+00    1.768132e+00    2.214165e+00    1.980330e+00    1.823633e+00    1.673920e-01    1.405022e-01   -1.964263e-01   -1.859344e-01    1.089503e-07    1.441466e-07   -3.806240e-07   -3.445166e-07    8.717629e-06    8.430942e-06
  -1.187500e-01   -2.949704e+00   -3.702892e+00   -1.021222e+00   -1.260995e+00    1.715409e+00    2.151364e+00    1.991808e+00    1.832854e+00    1.610094e-01    1.351450e-01   -1.915517e-01   -1.814472e-01    1.052316e-07    1.397255e-07   -3.703808e-07   -3.352645e-07    8.717057e-06    8.430532e-06
  -1.156250e-01   -2.859504e+00   -3.595225e+00   -9.903253e-01   -1.224538e+00    1.663261e+00    2.089043e+00    2.002987e+00    1.841810e+00    1.547926e-01    1.299413e-01   -1.866494e-01   -1.769376e-01    1.015850e-07    1.353622e-07   -3.601754e-07   -3.260456e-07    8.716497e-06    8.430131e-06
  -1.125000e-01   -2.770311e+00   -3.488393e+00   -9.597509e-01   -1.188348e+00    1.611673e+00    2.027187e+00    2.013869e+00    1.850503e+00    1.487416e-01    1.248901e-01   -1.817200e-01   -1.724064e-01    9.800857e-08    1.310548e-07   -3.500066e-07   -3.168590e-07    8.715951e-06    8.429740e-06
  -1.093750e-01   -2.682096e+00   -3.382369e+00   -9.294895e-01   -1.152417e+00    1.560631e+00    1.965782e+00    2.024452e+00    1.858934e+00    1.428564e-01    1.199900e-01   -1.767642e-01   -1.678542e-01    9.450045e-08    1.268017e-07   -3.398735e-07   -3.077037e-07    8.715419e-06    8.429358e-06
  -1.062500e-01   -2.594832e+00   -3.277129e+00   -8.995324e-01   -1.116737e+00    1.510119e+00    1.904816e+00    2.034737e+00    1.867107e+00    1.371370e-01    1.152402e-01   -1.717828e-01   -1.632816e-01    9.105873e-08    1.226013e-07   -3.297751e-07   -2.985787e-07    8.714900e-06    8.428985e-06
  -1.031250e-01   -2.508494e+00   -3.172650e+00   -8.698710e-01   -1.081301e+00    1.460122e+00    1.844273e+00    2.044724e+00    1.875022e+00    1.315833e-01    1.106394e-01   -1.667766e-01   -1.586893e-01    8.768150e-08    1.184520e-07   -3.197105e-07   -2.894833e-07    8.714394e-06    8.428623e-06
  -1.000000e-01   -2.423052e+00   -3.068906e+00   -8.404966e-01   -1.046100e+00    1.410625e+00    1.784142e+00    2.054413e+00    1.882681e+00    1.261954e-01    1.061868e-01   -1.617462e-01   -1.540778e-01    8.436688e-08    1.143521e-07   -3.096785e-07   -2.804163e-07    8.713903e-06    8.428270e-06
  -9.687500e-02   -2.338481e+00   -2.965875e+00   -8.114005e-01   -1.011127e+00    1.361612e+00    1.724408e+00    2.063804e+00    1.890087e+00    1.209733e-01    1.018812e-01   -1.566924e-01   -1.494479e-01    8.111295e-08    1.103000e-07   -2.996783e-07   -2.713769e-07    8.713425e-06    8.427927e-06
  -9.375000e-02   -2.254753e+00   -2.863531e+00   -7.825740e-01   -9.763742e-01    1.313069e+00    1.665058e+00    2.072896e+00    1.897240e+00    1.159170e-01    9.772182e-02   -1.516159e-01   -1.448001e-01    7.791783e-08    1.062941e-07   -2.897089e-07   -2.623642e-07    8.712962e-06    8.427594e-06
  -9.062500e-02   -2.171840e+00   -2.761852e+00   -7.540083e-01   -9.418343e-01    1.264981e+00    1.606079e+00    2.081691e+00    1.904144e+00    1.110265e-01    9.370760e-02   -1.465174e-01   -1.401350e-01    7.477962e-08    1.023329e-07   -2.797691e-07   -2.533772e-07    8.712512e-06    8.427271e-06
  -8.750000e-02   -2.089716e+00   -2.660814e+00   -7.256948e-01   -9.074995e-01    1.217332e+00    1.547457e+00    2.090187e+00    1.910798e+00    1.063017e-01    8.983770e-02   -1.413978e-01   -1.354533e-01    7.169642e-08    9.841462e-08   -2.698582e-07   -2.444150e-07    8.712077e-06    8.426958e-06
  -8.437500e-02   -2.008354e+00   -2.560393e+00   -6.976248e-01   -8.733624e-01    1.170107e+00    1.489181e+00    2.098385e+00    1.917205e+00    1.017427e-01    8.611126e-02   -1.362576e-01   -1.307556e-01    6.866634e-08    9.453783e-08   -2.599750e-07   -2.354768e-07    8.711657e-06    8.426656e-06
  -8.125000e-02   -1.927725e+00   -2.460566e+00   -6.697897e-01   -8.394155e-01    1.123291e+00    1.431236e+00    2.106285e+00    1.923367e+00    9.734954e-02    8.252743e-02   -1.310977e-01   -1.260425e-01    6.568748e-08    9.070095e-08   -2.501185e-07   -2.265616e-07    8.711250e-06    8.426364e-06
  -7.812500e-02   -1.847804e+00   -2.361311e+00   -6.421806e-01   -8.056516e-01    1.076868e+00    1.373610e+00    2.113887e+00    1.929284e+00    9.312212e-02    7.908543e-02   -1.259188e-01   -1.213145e-01    6.275793e-08    8.690240e-08   -2.402879e-07   -2.176686e-07    8.710859e-06    8.426082e-06
  -7.500000e-02   -1.768562e+00   -2.262603e+00   -6.147889e-01   -7.720631e-01    1.030825e+00    1.316290e+00    2.121191e+00    1.934958e+00    8.906049e-02    7.578449e-02   -1.207215e-01   -1.165723e-01    5.987581e-08    8.314066e-08   -2.304820e-07   -2.087968e-07    8.710482e-06    8.425811e-06
  -7.187500e-02   -1.689973e+00   -2.164421e+00   -5.876059e-01   -7.386427e-01    9.851446e-01    1.259263e+00    2.128197e+00    1.940391e+00    8.516464e-02    7.262387e-02   -1.155068e-01   -1.118165e-01    5.703922e-08    7.941418e-08   -2.206999e-07   -1.999454e-07    8.710119e-06    8.425551e-06
  -6.875000e-02   -1.612009e+00   -2.066741e+00   -5.606230e-01   -7.053833e-01    9.398130e-01    1.202517e+00    2.134905e+00    1.945583e+00    8.143457e-02    6.960287e-02   -1.102751e-01   -1.070476e-01    5.424625e-08    7.572143e-08   -2.109407e-07   -1.911134e-07    8.709772e-06    8.425301e-06
  -6.562500e-02   -1.534644e+00   -1.969541e+00   -5.338314e-01   -6.722774e-01    8.948145e-01    1.146038e+00    2.141314e+00    1.950536e+00    7.787027e-02    6.672081e-02   -1.050274e-01   -1.022663e-01    5.149502e-08    7.206089e-08   -2.012032e-07   -1.823001e-07    8.709439e-06    8.425061e-06
  -6.250000e-02   -1.457849e+00   -1.872798e+00   -5.072223e-01   -6.393180e-01    8.501342e-01    1.089815e+00    2.147426e+00    1.955252e+00    7.447176e-02    6.397706e-02   -9.976435e-02   -9.747317e-02    4.878363e-08    6.843105e-08   -1.914866e-07   -1.735045e-07    8.709122e-06    8.424833e-06
  -5.937500e-02   -1.381599e+00   -1.776490e+00   -4.807872e-01   -6.064978e-01    8.057568e-01    1.033835e+00    2.153239e+00    1.959730e+00    7.123904e-02    6.137099e-02   -9.448664e-02   -9.266872e-02    4.611017e-08    6.483041e-08   -1.817898e-07   -1.647257e-07    8.708819e-06    8.424615e-06
  -5.625000e-02   -1.305865e+00   -1.680595e+00   -4.545174e-01   -5.738097e-01    7.616672e-01    9.780849e-01    2.158754e+00    1.963972e+00    6.817209e-02    5.890204e-02   -8.919503e-02   -8.785356e-02    4.347276e-08    6.125745e-08   -1.721119e-07   -1.559630e-07    8.708532e-06    8.424408e-06
  -5.312500e-02   -1.230620e+00   -1.585090e+00   -4.284040e-01   -5.412466e-01    7.178502e-01    9.225527e-01    2.163971e+00    1.967980e+00    6.527092e-02    5.656965e-02   -8.389025e-02   -8.302828e-02    4.086949e-08    5.771069e-08   -1.624518e-07   -1.472154e-07    8.708259e-06    8.424212e-06
  -5.000000e-02   -1.155838e+00   -1.489953e+00   -4.024385e-01   -5.088013e-01    6.742908e-01    8.672261e-01    2.168890e+00    1.971753e+00    6.253553e-02    5.437331e-02   -7.857303e-02   -7.819345e-02    3.829847e-08    5.418864e-08   -1.528085e-07   -1.384821e-07    8.708002e-06    8.424027e-06
  -4.687500e-02   -1.081491e+00   -1.395162e+00   -3.766122e-01   -4.764668e-01    6.309737e-01    8.120926e-01    2.173511e+00    1.975294e+00    5.996593e-02    5.231251e-02   -7.324410e-02   -7.334965e-02    3.575780e-08    5.068982e-08   -1.431812e-07   -1.297622e-07    8.707760e-06    8.423853e-06
  -4.375000e-02   -1.007551e+00   -1.300694e+00   -3.509163e-01   -4.442360e-01    5.878838e-01    7.571400e-01    2.177834e+00    1.978602e+00    5.756211e-02    5.038681e-02   -6.790420e-02   -6.849744e-02    3.324559e-08    4.721275e-08   -1.335686e-07   -1.210549e-07    8.707534e-06    8.423690e-06
  -4.062500e-02   -9.339925e-01   -1.206529e+00   -3.253421e-01   -4.121020e-01    5.450060e-01    7.023561e-01    2.181858e+00    1.981679e+00    5.532406e-02    4.859577e-02   -6.255405e-02   -6.363740e-02    3.075993e-08    4.375595e-08   -1.239700e-07   -1.123593e-07    8.707323e-06    8.423538e-06
  -3.750000e-02   -8.607874e-01   -1.112645e+00   -2.998810e-01   -3.800577e-01    5.023251e-01    6.477286e-01    2.185585e+00    1.984525e+00    5.325180e-02    4.693900e-02   -5.719439e-02   -5.877009e-02    2.829893e-08    4.031797e-08   -1.143843e-07   -1.036745e-07    8.707127e-06    8.423397e-06
  -3.437500e-02   -7.879085e-01   -1.019018e+00   -2.745242e-01   -3.480961e-01    4.598260e-01    5.932454e-01    2.189013e+00    1.987141e+00    5.134532e-02    4.541612e-02   -5.182595e-02   -5.389607e-02    2.586070e-08    3.689733e-08   -1.048105e-07   -9.499983e-08    8.706947e-06    8.423267e-06
  -3.125000e-02   -7.153288e-01   -9.256288e-01   -2.492631e-01   -3.162104e-01    4.174934e-01    5.388944e-01    2.192144e+00    1.989527e+00    4.960462e-02    4.402680e-02   -4.644946e-02   -4.901592e-02    2.344333e-08    3.349258e-08   -9.524753e-08   -8.633431e-08    8.706782e-06    8.423149e-06
  -2.812500e-02   -6.430209e-01   -8.324542e-01   -2.240889e-01   -2.843935e-01    3.753124e-01    4.846634e-01    2.194976e+00    1.991685e+00    4.802970e-02    4.277073e-02   -4.106566e-02   -4.413019e-02    2.104494e-08    3.010227e-08   -8.569451e-08   -7.767714e-08    8.706633e-06    8.423041e-06
  -2.500000e-02   -5.709578e-01   -7.394729e-01   -1.989930e-01   -2.526385e-01    3.332677e-01    4.305404e-01    2.197510e+00    1.993614e+00    4.662056e-02    4.164763e-02   -3.567527e-02   -3.923945e-02    1.866361e-08    2.672493e-08   -7.615043e-08   -6.902747e-08    8.706500e-06    8.422945e-06
  -2.187500e-02   -4.991122e-01   -6.466635e-01   -1.739667e-01   -2.209385e-01    2.913441e-01    3.765133e-01    2.199746e+00    1.995315e+00    4.537720e-02    4.065724e-02   -3.027902e-02   -3.434425e-02    1.629746e-08    2.335912e-08   -6.661427e-08   -6.038447e-08    8.706382e-06    8.422860e-06
  -1.875000e-02   -4.274570e-01   -5.540042e-01   -1.490013e-01   -1.892866e-01    2.495266e-01    3.225701e-01    2.201683e+00    1.996788e+00    4.429963e-02    3.979935e-02   -2.487766e-02   -2.944516e-02    1.394460e-08    2.000339e-08   -5.708506e-08   -5.174730e-08    8.706280e-06    8.422787e-06
  -1.562500e-02   -3.559649e-01   -4.614737e-01   -1.240880e-01   -1.576759e-01    2.078000e-01    2.686987e-01    2.203323e+00    1.998034e+00    4.338783e-02    3.907377e-02   -1.947190e-02   -2.454273e-02    1.160311e-08    1.665631e-08   -4.756179e-08   -4.311512e-08    8.706193e-06    8.422724e-06
  -1.250000e-02   -2.846088e-01   -3.690504e-01   -9.921824e-02   -1.260996e-01    1.661491e-01    2.148872e-01    2.204664e+00    1.999053e+00    4.264182e-02    3.848033e-02   -1.406249e-02   -1.963751e-02    9.271104e-09    1.331642e-08   -3.804348e-08   -3.448711e-08    8.706123e-06    8.422673e-06
  -9.375000e-03   -2.133614e-01   -2.767128e-01   -7.438325e-02   -9.455065e-02    1.245588e-01    1.611235e-01    2.205708e+00    1.999846e+00    4.206159e-02    3.801891e-02   -8.650145e-03   -1.473008e-02    6.946689e-09    9.982278e-09   -2.852914e-08   -2.586242e-08    8.706068e-06    8.422634e-06
  -6.250000e-03   -1.421956e-01   -1.844395e-01   -4.957434e-02   -6.302233e-02    8.301397e-02    1.073957e-01    2.206453e+00    2.000412e+00    4.164713e-02    3.768939e-02   -3.235609e-03   -9.820980e-03    4.627964e-09    6.652456e-09   -1.901778e-08   -1.724023e-08    8.706028e-06    8.422605e-06
  -3.125000e-03   -7.108421e-02   -9.220903e-02   -2.478282e-02   -3.150774e-02    4.149941e-02    5.369188e-02    2.206900e+00    2.000751e+00    4.139846e-02    3.749171e-02    2.180391e-03   -4.910768e-03    2.313034e-09    3.325509e-09   -9.508392e-09   -8.619698e-09    8.706005e-06    8.422588e-06
  -1.000000e-12   -2.276164e-11   -2.953993e-11   -7.934856e-12   -1.009389e-11    1.328761e-11    1.720292e-11    2.207049e+00    2.000864e+00    4.131557e-02    3.742582e-02    7.597122e-03   -1.571291e-12    7.417986e-19    1.063696e-18   -3.043801e-18   -2.764610e-18    8.705997e-06    8.422583e-06
   1.000000e-12    2.272929e-11    2.944964e-11    7.925019e-12    1.006340e-11   -1.327052e-11   -1.714700e-11    2.207049e+00    2.000864e+00    4.131557e-02    3.742582e-02    7.597122e-03    1.572008e-12   -7.382715e-19   -1.062503e-18    3.041498e-18    2.752012e-18    8.705997e-06    8.422583e-06
   3.125000e-03    7.108421e-02    9.220903e-02    2.478282e-02    3.150774e-02   -4.149941e-02   -5.369188e-02    2.206900e+00    2.000751e+00    4.139846e-02    3.749171e-02    1.301385e-02    4.910768e-03   -2.313034e-09   -3.325509e-09    9.508392e-09    8.619698e-09    8.706005e-06    8.422588e-06
   6.250000e-03    1.421956e-01    1.844395e-01    4.957434e-02    6.302233e-02   -8.301397e-02   -1.073957e-01    2.206453e+00    2.000412e+00    4.164713e-02    3.768939e-02    1.842985e-02    9.820980e-03   -4.627964e-09   -6.652456e-09    1.901778e-08    1.724023e-08    8.706028e-06    8.422605e-06
   9.375000e-03    2.133614e-01    2.767128e-01    7.438325e-02    9.455065e-02   -1.245588e-01   -1.611235e-01    2.205708e+00    1.999846e+00    4.206159e-02    3.801891e-02    2.384439e-02    1.473008e-02   -6.946689e-09   -9.982278e-09    2.852914e-08    2.586242e-08    8.706068e-06    8.422634e-06
   1.250000e-02    2.846088e-01    3.690504e-01    9.921824e-02    1.260996e-01   -1.661491e-01   -2.148872e-01    2.204664e+00    1.999053e+00    4.264182e-02    3.848033e-02    2.925673e-02    1.963751e-02   -9.271104e-09   -1.331642e-08    3.804348e-08    3.448711e-08    8.706123e-06    8.422673e-06
   1.562500e-02    3.559649e-01    4.614737e-01    1.240880e-01    1.576759e-01   -2.078000e-01   -2.686987e-01    2.203323e+00    1.998034e+00    4.338783e-02    3.907377e-02    3.466614e-02    2.454273e-02   -1.160311e-08   -1.665631e-08    4.756179e-08    4.311512e-08    8.706193e-06    8.422724e-06
   1.875000e-02    4.274570e-01    5.540042e-01    1.490013e-01    1.892866e-01   -2.495266e-01   -3.225701e-01    2.201683e+00    1.996788e+00    4.429963e-02    3.979935e-02    4.007190e-02    2.944516e-02   -1.394460e-08   -2.000339e-08    5.708506e-08    5.174730e-08    8.706280e-06    8.422787e-06
   2.187500e-02    4.991122e-01    6.466635e-01    1.739667e-01    2.209385e-01   -2.913441e-01   -3.765133e-01    2.199746e+00    1.995315e+00    4.537720e-02    4.065724e-02    4.547327e-02    3.434425e-02   -1.629746e-08   -2.335912e-08    6.661427e-08    6.038447e-08    8.706382e-06    8.422860e-06
   2.500000e-02    5.709578e-01    7.394729e-01    1.989930e-01    2.526385e-01   -3.332677e-01   -4.305404e-01    2.197510e+00    1.993614e+00    4.662056e-02    4.164763e-02    5.086951e-02    3.923945e-02   -1.866361e-08   -2.672493e-08    7.615043e-08    6.902747e-08    8.706500e-06    8.422945e-06
   2.812500e-02    6.430209e-01    8.324542e-01    2.240889e-01    2.843935e-01   -3.753124e-01   -4.846634e-01    2.194976e+00    1.991685e+00    4.802970e-02    4.277073e-02    5.625990e-02    4.413019e-02   -2.104494e-08   -3.010227e-08    8.569451e-08    7.767714e-08    8.706633e-06    8.423041e-06
   3.125000e-02    7.153288e-01    9.256288e-01    2.492631e-01    3.162104e-01   -4.174934e-01   -5.388944e-01    2.192144e+00    1.989527e+00    4.960462e-02    4.402680e-02    6.164371e-02    4.901592e-02   -2.344333e-08   -3.349258e-08    9.524753e-08    8.633431e-08    8.706782e-06    8.423149e-06
   3.437500e-02    7.879085e-01    1.019018e+00    2.745242e-01    3.480961e-01   -4.598260e-01   -5.932454e-01    2.189013e+00    1.987141e+00    5.134532e-02    4.541612e-02    6.702019e-02    5.389607e-02   -2.586070e-08   -3.689733e-08    1.048105e-07    9.499983e-08    8.706947e-06    8.423267e-06
   3.750000e-02    8.607874e-01    1.112645e+00    2.998810e-01    3.800577e-01   -5.023251e-01   -6.477286e-01    2.185585e+00    1.984525e+00    5.325180e-02    4.693900e-02    7.238863e-02    5.877009e-02   -2.829893e-08   -4.031797e-08    1.143843e-07    1.036745e-07    8.707127e-06    8.423397e-06
   4.062500e-02    9.339925e-01    1.206529e+00    3.253421e-01    4.121020e-01   -5.450060e-01   -7.023561e-01    2.181858e+00    1.981679e+00    5.532406e-02    4.859577e-02    7.774829e-02    6.363740e-02   -3.075993e-08   -4.375595e-08    1.239700e-07    1.123593e-07    8.707323e-06    8.423538e-06
   4.375000e-02    1.007551e+00    1.300694e+00    3.509163e-01    4.442360e-01   -5.878838e-01   -7.571400e-01    2.177834e+00    1.978602e+00    5.756211e-02    5.038681e-02    8.309844e-02    6.849744e-02   -3.324559e-08   -4.721275e-08    1.335686e-07    1.210549e-07    8.707534e-06    8.423690e-06
   4.687500e-02    1.081491e+00    1.395162e+00    3.766122e-01    4.764668e-01   -6.309737e-01   -8.120926e-01    2.173511e+00    1.975294e+00    5.996593e-02    5.231251e-02    8.843834e-02    7.334965e-02   -3.575780e-08   -5.068982e-08    1.431812e-07    1.297622e-07    8.707760e-06    8.423853e-06
   5.000000e-02    1.155838e+00    1.489953e+00    4.024385e-01    5.088013e-01   -6.742908e-01   -8.672261e-01    2.168890e+00    1.971753e+00    6.253553e-02    5.437331e-02    9.376727e-02    7.819345e-02   -3.829847e-08   -5.418864e-08    1.528085e-07    1.384821e-07    8.708002e-06    8.424027e-06
   5.312500e-02    1.230620e+00    1.585090e+00    4.284040e-01    5.412466e-01   -7.178502e-01   -9.225527e-01    2.163971e+00    1.967980e+00    6.527092e-02    5.656965e-02    9.908449e-02    8.302828e-02   -4.086949e-08   -5.771069e-08    1.624518e-07    1.472154e-07    8.708259e-06    8.424212e-06
   5.625000e-02    1.305865e+00    1.680595e+00    4.545174e-01    5.738097e-01   -7.616672e-01   -9.780849e-01    2.158754e+00    1.963972e+00    6.817209e-02    5.890204e-02    1.043893e-01    8.785356e-02   -4.347276e-08   -6.125745e-08    1.721119e-07    1.559630e-07    8.708532e-06    8.424408e-06
   5.937500e-02    1.381599e+00    1.776490e+00    4.807872e-01    6.064978e-01   -8.057568e-01   -1.033835e+00    2.153239e+00    1.959730e+00    7.123904e-02    6.137099e-02    1.096809e-01    9.266872e-02   -4.611017e-08   -6.483041e-08    1.817898e-07    1.647257e-07    8.708819e-06    8.424615e-06
   6.250000e-02    1.457849e+00    1.872798e+00    5.072223e-01    6.393180e-01   -8.501342e-01   -1.089815e+00    2.147426e+00    1.955252e+00    7.447176e-02    6.397706e-02    1.149586e-01    9.747317e-02   -4.878363e-08   -6.843105e-08    1.914866e-07    1.735045e-07    8.709122e-06    8.424833e-06
   6.562500e-02    1.534644e+00    1.969541e+00    5.338314e-01    6.722774e-01   -8.948145e-01   -1.146038e+00    2.141314e+00    1.950536e+00    7.787027e-02    6.672081e-02    1.202217e-01    1.022663e-01   -5.149502e-08   -7.206089e-08    2.012032e-07    1.823001e-07    8.709439e-06    8.425061e-06
   6.875000e-02    1.612009e+00    2.066741e+00    5.606230e-01    7.053833e-01   -9.398130e-01   -1.202517e+00    2.134905e+00    1.945583e+00    8.143457e-02    6.960287e-02    1.254694e-01    1.070476e-01   -5.424625e-08   -7.572143e-08    2.109407e-07    1.911134e-07    8.709772e-06    8.425301e-06
   7.187500e-02    1.689973e+00    2.164421e+00    5.876059e-01    7.386427e-01   -9.851446e-01   -1.259263e+00    2.128197e+00    1.940391e+00    8.516464e-02    7.262387e-02    1.307010e-01    1.118165e-01   -5.703922e-08   -7.941418e-08    2.206999e-07    1.999454e-07    8.710119e-06    8.425551e-06
   7.500000e-02    1.768562e+00    2.262603e+00    6.147889e-01    7.720631e-01   -1.030825e+00   -1.316290e+00    2.121191e+00    1.934958e+00    8.906049e-02    7.578449e-02    1.359158e-01    1.165723e-01   -5.987581e-08   -8.314066e-08    2.304820e-07    2.087968e-07    8.710482e-06    8.425811e-06
   7.812500e-02    1.847804e+00    2.361311e+00    6.421806e-01    8.056516e-01   -1.076868e+00   -1.373610e+00    2.113887e+00    1.929284e+00    9.312212e-02    7.908543e-02    1.411130e-01    1.213145e-01   -6.275793e-08   -8.690240e-08    2.402879e-07    2.176686e-07    8.710859e-06    8.426082e-06
   8.125000e-02    1.927725e+00    2.460566e+00    6.697897e-01    8.394155e-01   -1.123291e+00   -1.431236e+00    2.106285e+00    1.923367e+00    9.734954e-02    8.252743e-02    1.462919e-01    1.260425e-01   -6.568748e-08   -9.070095e-08    2.501185e-07    2.265616e-07    8.711250e-06    8.426364e-06
   8.437500e-02    2.008354e+00    2.560393e+00    6.976248e-01    8.733624e-01   -1.170107e+00   -1.489181e+00    2.098385e+00    1.917205e+00    1.017427e-01    8.611126e-02    1.514518e-01    1.307556e-01   -6.866634e-08   -9.453783e-08    2.599750e-07    2.354768e-07    8.711657e-06    8.426656e-06
   8.750000e-02    2.089716e+00    2.660814e+00    7.256948e-01    9.074995e-01   -1.217332e+00   -1.547457e+00    2.090187e+00    1.910798e+00    1.063017e-01    8.983770e-02    1.565920e-01    1.354533e-01   -7.169642e-08   -9.841462e-08    2.698582e-07    2.444150e-07    8.712077e-06    8.426958e-06
   9.062500e-02    2.171840e+00    2.761852e+00    7.540083e-01    9.418343e-01   -1.264981e+00   -1.606079e+00    2.081691e+00    1.904144e+00    1.110265e-01    9.370760e-02    1.617117e-01    1.401350e-01   -7.477962e-08   -1.023329e-07    2.797691e-07    2.533772e-07    8.712512e-06    8.427271e-06
   9.375000e-02    2.254753e+00    2.863531e+00    7.825740e-01    9.763742e-01   -1.313069e+00   -1.665058e+00    2.072896e+00    1.897240e+00    1.159170e-01    9.772182e-02    1.668101e-01    1.448001e-01   -7.791783e-08   -1.062941e-07    2.897089e-07    2.623642e-07    8.712962e-06    8.427594e-06
   9.687500e-02    2.338481e+00    2.965875e+00    8.114005e-01    1.011127e+00   -1.361612e+00   -1.724408e+00    2.063804e+00    1.890087e+00    1.209733e-01    1.018812e-01    1.718866e-01    1.494479e-01   -8.111295e-08   -1.103000e-07    2.996783e-07    2.713769e-07    8.713425e-06    8.427927e-06
   1.000000e-01    2.423052e+00    3.068906e+00    8.404966e-01    1.046100e+00   -1.410625e+00   -1.784142e+00    2.054413e+00    1.882681e+00    1.261954e-01    1.061868e-01    1.769404e-01    1.540778e-01   -8.436688e-08   -1.143521e-07    3.096785e-07    2.804163e-07    8.713903e-06    8.428270e-06
   1.031250e-01    2.508494e+00    3.172650e+00    8.698710e-01    1.081301e+00   -1.460122e+00   -1.844273e+00    2.044724e+00    1.875022e+00    1.315833e-01    1.106394e-01    1.819708e-01    1.586893e-01   -8.768150e-08   -1.184520e-07    3.197105e-07    2.894833e-07    8.714394e-06    8.428623e-06
   1.062500e-01    2.594832e+00    3.277129e+00    8.995324e-01    1.116737e+00   -1.510119e+00   -1.904816e+00    2.034737e+00    1.867107e+00    1.371370e-01    1.152402e-01    1.869771e-01    1.632816e-01   -9.105873e-08   -1.226013e-07    3.297751e-07    2.985787e-07    8.714900e-06    8.428985e-06
   1.093750e-01    2.682096e+00    3.382369e+00    9.294895e-01    1.152417e+00   -1.560631e+00   -1.965782e+00    2.024452e+00    1.858934e+00    1.428564e-01    1.199900e-01    1.919584e-01    1.678542e-01   -9.450045e-08   -1.268017e-07    3.398735e-07    3.077037e-07    8.715419e-06    8.429358e-06
   1.125000e-01    2.770311e+00    3.488393e+00    9.597509e-01    1.188348e+00   -1.611673e+00   -2.027187e+00    2.013869e+00    1.850503e+00    1.487416e-01    1.248901e-01    1.969142e-01    1.724064e-01   -9.800857e-08   -1.310548e-07    3.500066e-07    3.168590e-07    8.715951e-06    8.429740e-06
   1.156250e-01    2.859504e+00    3.595225e+00    9.903253e-01    1.224538e+00   -1.663261e+00   -2.089043e+00    2.002987e+00    1.841810e+00    1.547926e-01    1.299413e-01    2.018436e-01    1.769376e-01   -1.015850e-07   -1.353622e-07    3.601754e-07    3.260456e-07    8.716497e-06    8.430131e-06
   1.187500e-01    2.949704e+00    3.702892e+00    1.021222e+00    1.260995e+00   -1.715409e+00   -2.151364e+00    1.991808e+00    1.832854e+00    1.610094e-01    1.351450e-01    2.067460e-01    1.814472e-01   -1.052316e-07   -1.397255e-07    3.703808e-07    3.352645e-07    8.717057e-06    8.430532e-06
   1.218750e-01    3.040938e+00    3.811416e+00    1.052448e+00    1.297727e+00   -1.768132e+00   -2.214165e+00    1.980330e+00    1.823633e+00    1.673920e-01    1.405022e-01    2.116205e-01    1.859344e-01   -1.089503e-07   -1.441466e-07    3.806240e-07    3.445166e-07    8.717629e-06    8.430942e-06
   1.250000e-01    3.133231e+00    3.920825e+00    1.084014e+00    1.334742e+00   -1.821447e+00   -2.277459e+00    1.968555e+00    1.814144e+00    1.739403e-01    1.460142e-01    2.164665e-01    1.903987e-01   -1.127429e-07   -1.486270e-07    3.909058e-07    3.538029e-07    8.718215e-06    8.431362e-06
   1.281250e-01    3.226613e+00    4.031142e+00    1.115928e+00    1.372047e+00   -1.875367e+00   -2.341261e+00    1.956481e+00    1.804386e+00    1.806545e-01    1.516821e-01    2.212833e-01    1.948393e-01   -1.166115e-07   -1.531684e-07    4.012273e-07    3.631244e-07    8.718813e-06    8.431791e-06
   1.312500e-01    3.321109e+00    4.142393e+00    1.148198e+00    1.409652e+00   -1.929908e+00   -2.405583e+00    1.944109e+00    1.794356e+00    1.875344e-01    1.575072e-01    2.260700e-01    1.992557e-01   -1.205578e-07   -1.577726e-07    4.115894e-07    3.724821e-07    8.719425e-06    8.432228e-06
   1.343750e-01    3.416747e+00    4.254604e+00    1.180834e+00    1.447564e+00   -1.985086e+00   -2.470442e+00    1.931439e+00    1.784051e+00    1.945801e-01    1.634909e-01    2.308260e-01    2.036471e-01   -1.245838e-07   -1.624413e-07    4.219932e-07    3.818769e-07    8.720049e-06    8.432675e-06
   1.375000e-01    3.513555e+00    4.367801e+00    1.213843e+00    1.485792e+00   -2.040914e+00   -2.535851e+00    1.918471e+00    1.773470e+00    2.017915e-01    1.696344e-01    2.355506e-01    2.080129e-01   -1.286913e-07   -1.671762e-07    4.324396e-07    3.913099e-07    8.720685e-06    8.433130e-06
   1.406250e-01    3.611558e+00    4.482010e+00    1.247235e+00    1.524344e+00   -2.097409e+00   -2.601825e+00    1.905204e+00    1.762610e+00    2.091688e-01    1.759392e-01    2.402429e-01    2.123524e-01   -1.328823e-07   -1.719791e-07    4.429296e-07    4.007820e-07    8.721334e-06    8.433593e-06
   1.437500e-01    3.710786e+00    4.597258e+00    1.281018e+00    1.563228e+00   -2.154586e+00   -2.668379e+00    1.891640e+00    1.751468e+00    2.167118e-01    1.824066e-01    2.449024e-01    2.166649e-01   -1.371587e-07   -1.768518e-07    4.534643e-07    4.102942e-07    8.721995e-06    8.434066e-06
   1.468750e-01    3.811264e+00    4.713570e+00    1.315202e+00    1.602453e+00   -2.212460e+00   -2.735527e+00    1.877778e+00    1.740042e+00    2.244206e-01    1.890381e-01    2.495281e-01    2.209497e-01   -1.415224e-07   -1.817960e-07    4.640446e-07    4.198476e-07    8.722668e-06    8.434546e-06
   1.500000e-01    3.913021e+00    4.830973e+00    1.349794e+00    1.642027e+00   -2.271046e+00   -2.803284e+00    1.863617e+00    1.728330e+00    2.322952e-01    1.958351e-01    2.541195e-01    2.252061e-01   -1.459752e-07   -1.868136e-07    4.746715e-07    4.294432e-07    8.723353e-06    8.435035e-06
   1.531250e-01    4.016082e+00    4.949496e+00    1.384803e+00    1.681960e+00   -2.330358e+00   -2.871666e+00    1.849158e+00    1.716327e+00    2.403356e-01    2.027992e-01    2.586758e-01    2.294333e-01   -1.505190e-07   -1.919064e-07    4.853459e-07    4.390821e-07    8.724049e-06    8.435532e-06
   1.562500e-01    4.120476e+00    5.069164e+00    1.420239e+00    1.722260e+00   -2.390413e+00   -2.940688e+00    1.834401e+00    1.704033e+00    2.485418e-01    2.099319e-01    2.631962e-01    2.336308e-01   -1.551558e-07   -1.970762e-07    4.960690e-07    4.487653e-07    8.724758e-06    8.436037e-06
   1.593750e-01    4.226230e+00    5.190006e+00    1.456109e+00    1.762935e+00   -2.451225e+00   -3.010364e+00    1.819346e+00    1.691443e+00    2.569137e-01    2.172348e-01    2.676800e-01    2.377978e-01   -1.598875e-07   -2.023248e-07    5.068416e-07    4.584938e-07    8.725477e-06    8.436549e-06
   1.625000e-01    4.333370e+00    5.312049e+00    1.492423e+00    1.803995e+00   -2.512810e+00   -3.080711e+00    1.803993e+00    1.678556e+00    2.654514e-01    2.247095e-01    2.721265e-01    2.419334e-01   -1.647159e-07   -2.076542e-07    5.176649e-07    4.682688e-07    8.726208e-06    8.437069e-06
   1.656250e-01    4.441924e+00    5.435321e+00    1.529190e+00    1.845448e+00   -2.575182e+00   -3.151745e+00    1.788342e+00    1.665367e+00    2.741549e-01    2.323577e-01    2.765350e-01    2.460371e-01   -1.696429e-07   -2.130662e-07    5.285396e-07    4.780912e-07    8.726949e-06    8.437597e-06
   1.687500e-01    4.551920e+00    5.559852e+00    1.566417e+00    1.887304e+00   -2.638358e+00   -3.223481e+00    1.772393e+00    1.651874e+00    2.830242e-01    2.401812e-01    2.809047e-01    2.501080e-01   -1.746705e-07   -2.185628e-07    5.394670e-07    4.879622e-07    8.727701e-06    8.438132e-06
   1.718750e-01    4.663384e+00    5.685668e+00    1.604113e+00    1.929572e+00   -2.702351e+00   -3.295934e+00    1.756145e+00    1.638074e+00    2.920593e-01    2.481815e-01    2.852348e-01    2.541455e-01   -1.798005e-07   -2.241458e-07    5.504478e-07    4.978829e-07    8.728464e-06    8.438674e-06
   1.750000e-01    4.776343e+00    5.812800e+00    1.642288e+00    1.972262e+00   -2.767177e+00   -3.369122e+00    1.739600e+00    1.623963e+00    3.012601e-01    2.563606e-01    2.895247e-01    2.581487e-01   -1.850349e-07   -2.298173e-07    5.614832e-07    5.078544e-07    8.729238e-06    8.439223e-06
   1.781250e-01    4.890825e+00    5.941277e+00    1.680950e+00    2.015381e+00   -2.832851e+00   -3.443061e+00    1.722756e+00    1.609539e+00    3.106268e-01    2.647203e-01    2.937737e-01    2.621168e-01   -1.903754e-07   -2.355792e-07    5.725742e-07    5.178778e-07    8.730021e-06    8.439779e-06
   1.812500e-01    5.006857e+00    6.071128e+00    1.720108e+00    2.058941e+00   -2.899389e+00   -3.517766e+00    1.705614e+00    1.594798e+00    3.201592e-01    2.732623e-01    2.979809e-01    2.660492e-01   -1.958241e-07   -2.414334e-07    5.837216e-07    5.279543e-07    8.730815e-06    8.440341e-06
   1.843750e-01    5.124466e+00    6.202382e+00    1.759770e+00    2.102950e+00   -2.966806e+00   -3.593255e+00    1.688174e+00    1.579737e+00    3.298573e-01    2.819887e-01    3.021457e-01    2.699450e-01   -2.013829e-07   -2.473821e-07    5.949266e-07    5.380849e-07    8.731619e-06    8.440910e-06
   1.875000e-01    5.243679e+00    6.335071e+00    1.799945e+00    2.147418e+00   -3.035116e+00   -3.669545e+00    1.670436e+00    1.564351e+00    3.397213e-01    2.909014e-01    3.062674e-01    2.738035e-01   -2.070535e-07   -2.534271e-07    6.061901e-07    5.482708e-07    8.732432e-06    8.441485e-06
   1.906250e-01    5.364524e+00    6.469224e+00    1.840642e+00    2.192354e+00   -3.104335e+00   -3.746652e+00    1.652400e+00    1.548638e+00    3.497511e-01    3.000022e-01    3.103451e-01    2.776237e-01   -2.128380e-07   -2.595707e-07    6.175130e-07    5.585133e-07    8.733254e-06    8.442066e-06
   1.937500e-01    5.487028e+00    6.604872e+00    1.881869e+00    2.237770e+00   -3.174478e+00   -3.824593e+00    1.634066e+00    1.532594e+00    3.599466e-01    3.092934e-01    3.143782e-01    2.814050e-01   -2.187382e-07   -2.658148e-07    6.288965e-07    5.688134e-07    8.734086e-06    8.442654e-06
   1.968750e-01    5.611217e+00    6.742047e+00    1.923635e+00    2.283674e+00   -3.245560e+00   -3.903387e+00    1.615433e+00    1.516215e+00    3.703079e-01    3.187769e-01    3.183659e-01    2.851466e-01   -2.247560e-07   -2.721616e-07    6.403414e-07    5.791724e-07    8.734926e-06    8.443246e-06
   2.000000e-01    5.737120e+00    6.880779e+00    1.965950e+00    2.330077e+00   -3.317596e+00   -3.983050e+00    1.596503e+00    1.499498e+00    3.808350e-01    3.284548e-01    3.223076e-01    2.888475e-01   -2.308933e-07   -2.786131e-07    6.518488e-07    5.895915e-07    8.735776e-06    8.443845e-06
   2.031250e-01    5.864763e+00    7.021101e+00    2.008821e+00    2.376989e+00   -3.390602e+00   -4.063601e+00    1.577274e+00    1.482438e+00    3.915279e-01    3.383293e-01    3.262024e-01    2.925069e-01   -2.371520e-07   -2.851716e-07    6.634196e-07    6.000718e-07    8.736634e-06    8.444448e-06
   2.062500e-01    5.994173e+00    7.163045e+00    2.052257e+00    2.424420e+00   -3.464592e+00   -4.145056e+00    1.557747e+00    1.465032e+00    4.023865e-01    3.484027e-01    3.300496e-01    2.961241e-01   -2.435340e-07   -2.918391e-07    6.750549e-07    6.106146e-07    8.737500e-06    8.445057e-06
   2.093750e-01    6.125378e+00    7.306644e+00    2.096267e+00    2.472381e+00   -3.539582e+00   -4.227435e+00    1.537923e+00    1.447275e+00    4.134110e-01    3.586771e-01    3.338486e-01    2.996981e-01   -2.500412e-07   -2.986180e-07    6.867557e-07    6.212212e-07    8.738374e-06    8.445671e-06
   2.125000e-01    6.258404e+00    7.451930e+00    2.140859e+00    2.520881e+00   -3.615587e+00   -4.310756e+00    1.517800e+00    1.429164e+00    4.246012e-01    3.691548e-01    3.375985e-01    3.032281e-01   -2.566755e-07   -3.055103e-07    6.985229e-07    6.318928e-07    8.739257e-06    8.446289e-06
   2.156250e-01    6.393280e+00    7.598936e+00    2.186044e+00    2.569933e+00   -3.692622e+00   -4.395037e+00    1.497378e+00    1.410694e+00    4.359572e-01    3.798382e-01    3.412987e-01    3.067132e-01   -2.634388e-07   -3.125184e-07    7.103575e-07    6.426307e-07    8.740146e-06    8.446912e-06
   2.187500e-01    6.530032e+00    7.747696e+00    2.231828e+00    2.619546e+00   -3.770702e+00   -4.480298e+00    1.476659e+00    1.391861e+00    4.474789e-01    3.907297e-01    3.449484e-01    3.101525e-01   -2.703330e-07   -3.196445e-07    7.222605e-07    6.534361e-07    8.741044e-06    8.447539e-06
   2.218750e-01    6.668688e+00    7.898244e+00    2.278220e+00    2.669732e+00   -3.849843e+00   -4.566556e+00    1.455642e+00    1.372661e+00    4.591665e-01    4.018317e-01    3.485469e-01    3.135452e-01   -2.773599e-07   -3.268910e-07    7.342330e-07    6.643104e-07    8.741948e-06    8.448170e-06
   2.250000e-01    6.809274e+00    8.050616e+00    2.325231e+00    2.720501e+00   -3.930059e+00   -4.653832e+00    1.434326e+00    1.353090e+00    4.710198e-01    4.131466e-01    3.520934e-01    3.168903e-01   -2.845216e-07   -3.342601e-07    7.462758e-07    6.752548e-07    8.742859e-06    8.448805e-06
   2.281250e-01    6.951817e+00    8.204844e+00    2.372867e+00    2.771864e+00   -4.011365e+00   -4.742144e+00    1.412713e+00    1.333141e+00    4.830390e-01    4.246770e-01    3.555873e-01    3.201868e-01   -2.918198e-07   -3.417542e-07    7.583900e-07    6.862708e-07    8.743777e-06    8.449443e-06
   2.312500e-01    7.096346e+00    8.360966e+00    2.421138e+00    2.823834e+00   -4.093777e+00   -4.831513e+00    1.390801e+00    1.312813e+00    4.952239e-01    4.364254e-01    3.590277e-01    3.234340e-01   -2.992566e-07   -3.493757e-07    7.705766e-07    6.973595e-07    8.744701e-06    8.450085e-06
   2.343750e-01    7.242887e+00    8.519016e+00    2.470053e+00    2.876421e+00   -4.177311e+00   -4.921958e+00    1.368591e+00    1.292098e+00    5.075745e-01    4.483945e-01    3.624140e-01    3.266308e-01   -3.068336e-07   -3.571270e-07    7.828366e-07    7.085225e-07    8.745631e-06    8.450730e-06
   2.375000e-01    7.391467e+00    8.679030e+00    2.519620e+00    2.929637e+00   -4.261980e+00   -5.013500e+00    1.346083e+00    1.270993e+00    5.200910e-01    4.605869e-01    3.657454e-01    3.297762e-01   -3.145530e-07   -3.650105e-07    7.951710e-07    7.197610e-07    8.746567e-06    8.451378e-06
   2.406250e-01    7.542114e+00    8.841046e+00    2.569848e+00    2.983493e+00   -4.347800e+00   -5.106158e+00    1.323277e+00    1.249493e+00    5.327732e-01    4.730053e-01    3.690212e-01    3.328694e-01   -3.224165e-07   -3.730287e-07    8.075807e-07    7.310765e-07    8.747509e-06    8.452028e-06
   2.437500e-01    7.694855e+00    9.005100e+00    2.620745e+00    3.038002e+00   -4.434787e+00   -5.199954e+00    1.300173e+00    1.227593e+00    5.456213e-01    4.856526e-01    3.722406e-01    3.359093e-01   -3.304261e-07   -3.811841e-07    8.200668e-07    7.424703e-07    8.748456e-06    8.452680e-06
   2.468750e-01    7.849717e+00    9.171229e+00    2.672321e+00    3.093175e+00   -4.522955e+00   -5.294908e+00    1.276771e+00    1.205288e+00    5.586351e-01    4.985315e-01    3.754030e-01    3.388950e-01   -3.385837e-07   -3.894793e-07    8.326302e-07    7.539439e-07    8.749408e-06    8.453335e-06
   2.500000e-01    8.006726e+00    9.339472e+00    2.724584e+00    3.149025e+00   -4.612320e+00   -5.391042e+00    1.253070e+00    1.182572e+00    5.718147e-01    5.116449e-01    3.785076e-01    3.418255e-01   -3.468911e-07   -3.979167e-07    8.452720e-07    7.654987e-07    8.750365e-06    8.453991e-06
   2.500000e-01   -1.514969e-01    8.465275e-03   -7.012535e-02   -4.743711e-02   -5.582752e-01   -5.228507e-01    1.253070e+00    1.182572e+00    5.718147e-01    5.116449e-01    3.785076e-01    3.418255e-01   -3.468911e-07   -3.979167e-07    8.452720e-07    7.654987e-07    8.750365e-06    8.453991e-06
   2.531250e-01   -7.270065e-03    1.426708e-01   -2.378248e-02   -4.390259e-03   -4.823727e-01   -4.533076e-01    1.242563e+00    1.182387e+00    5.670198e-01    5.128428e-01    3.815702e-01    3.447278e-01   -3.599524e-07   -4.105842e-07    8.477690e-07    7.675018e-07    8.751408e-06    8.454745e-06
   2.562500e-01    1.378712e-01    2.768852e-01    2.285103e-02    3.865692e-02   -4.059682e-01   -3.837700e-01    1.231925e+00    1.181872e+00    5.621653e-01    5.138701e-01    3.846069e-01    3.476292e-01   -3.730857e-07   -4.232611e-07    8.502450e-07    7.695210e-07    8.752448e-06    8.455499e-06
   2.593750e-01    2.839381e-01    4.111382e-01    6.977875e-02    8.171400e-02   -3.290556e-01   -3.142212e-01    1.221156e+00    1.181028e+00    5.572513e-01    5.147266e-01    3.876172e-01    3.505290e-01   -3.862920e-07   -4.359494e-07    8.526995e-07    7.715555e-07    8.753486e-06    8.456253e-06
   2.625000e-01    4.309421e-01    5.454600e-01    1.170043e-01    1.247905e-01   -2.516285e-01   -2.446447e-01    1.210257e+00    1.179854e+00    5.522777e-01    5.154125e-01    3.906010e-01    3.534263e-01   -3.995722e-07   -4.486515e-07    8.551323e-07    7.736044e-07    8.754520e-06    8.457005e-06
   2.656250e-01    5.788944e-01    6.798805e-01    1.645312e-01    1.678961e-01   -1.736808e-01   -1.750238e-01    1.199228e+00    1.178350e+00    5.472445e-01    5.159275e-01    3.935579e-01    3.563203e-01   -4.129270e-07   -4.613693e-07    8.575432e-07    7.756667e-07    8.755551e-06    8.457757e-06
   2.687500e-01    7.278063e-01    8.144297e-01    2.123631e-01    2.110402e-01   -9.520631e-02   -1.053420e-01    1.188067e+00    1.176516e+00    5.421518e-01    5.162716e-01    3.964876e-01    3.592102e-01   -4.263575e-07   -4.741050e-07    8.599319e-07    7.777414e-07    8.756578e-06    8.458508e-06
   2.718750e-01    8.776890e-01    9.491376e-01    2.605035e-01    2.542325e-01   -1.619882e-02   -3.558259e-02    1.176777e+00    1.174352e+00    5.369995e-01    5.164445e-01    3.993897e-01    3.620953e-01   -4.398645e-07   -4.868608e-07    8.622981e-07    7.798277e-07    8.757602e-06    8.459258e-06
   2.750000e-01    1.028554e+00    1.084034e+00    3.089561e-01    2.974826e-01    6.334787e-02    3.427105e-02    1.165355e+00    1.171857e+00    5.317876e-01    5.164462e-01    4.022639e-01    3.649746e-01   -4.534489e-07   -4.996388e-07    8.646416e-07    7.819246e-07    8.758622e-06    8.460008e-06
   2.781250e-01    1.180412e+00    1.219150e+00    3.577245e-01    3.408000e-01    1.434399e-01    1.042356e-01    1.153804e+00    1.169031e+00    5.265162e-01    5.162762e-01    4.051099e-01    3.678473e-01   -4.671116e-07   -5.124412e-07    8.669621e-07    7.840312e-07    8.759639e-06    8.460756e-06
   2.812500e-01    1.333276e+00    1.354515e+00    4.068122e-01    3.841944e-01    2.240836e-01    1.743277e-01    1.142121e+00    1.165872e+00    5.211852e-01    5.159344e-01    4.079275e-01    3.707128e-01   -4.808535e-07   -5.252701e-07    8.692594e-07    7.861465e-07    8.760651e-06    8.461504e-06
   2.843750e-01    1.487155e+00    1.490159e+00    4.562228e-01    4.276755e-01    3.052851e-01    2.445642e-01    1.130309e+00    1.162382e+00    5.157947e-01    5.154204e-01    4.107162e-01    3.735700e-01   -4.946754e-07   -5.381277e-07    8.715332e-07    7.882697e-07    8.761660e-06    8.462251e-06
   2.875000e-01    1.642061e+00    1.626113e+00    5.059599e-01    4.712528e-01    3.870505e-01    3.149618e-01    1.118365e+00    1.158557e+00    5.103446e-01    5.147338e-01    4.134757e-01    3.764183e-01   -5.085783e-07   -5.510161e-07    8.737832e-07    7.903997e-07    8.762664e-06    8.462997e-06
   2.906250e-01    1.798006e+00    1.762407e+00    5.560271e-01    5.149361e-01    4.693862e-01    3.855372e-01    1.106291e+00    1.154399e+00    5.048349e-01    5.138742e-01    4.162058e-01    3.792568e-01   -5.225631e-07   -5.639375e-07    8.760091e-07    7.925357e-07    8.763664e-06    8.463741e-06
   2.937500e-01    1.955001e+00    1.899071e+00    6.064280e-01    5.587350e-01    5.522982e-01    4.563074e-01    1.094087e+00    1.149906e+00    4.992657e-01    5.128411e-01    4.189060e-01    3.820847e-01   -5.366306e-07   -5.768940e-07    8.782108e-07    7.946766e-07    8.764660e-06    8.464485e-06
   2.968750e-01    2.113058e+00    2.036136e+00    6.571662e-01    6.026593e-01    6.357928e-01    5.272892e-01    1.081752e+00    1.145077e+00    4.936369e-01    5.116341e-01    4.215762e-01    3.849011e-01   -5.507817e-07   -5.898879e-07    8.803879e-07    7.968216e-07    8.765650e-06    8.465228e-06
   3.000000e-01    2.272186e+00    2.173632e+00    7.082452e-01    6.467187e-01    7.198761e-01    5.984995e-01    1.069287e+00    1.139911e+00    4.879485e-01    5.102526e-01    4.242159e-01    3.877053e-01   -5.650173e-07   -6.029213e-07    8.825402e-07    7.989697e-07    8.766636e-06    8.465969e-06
   3.031250e-01    2.432399e+00    2.311591e+00    7.596687e-01    6.909231e-01    8.045545e-01    6.699554e-01    1.056691e+00    1.134407e+00    4.822006e-01    5.086960e-01    4.268249e-01    3.904964e-01   -5.793384e-07   -6.159964e-07    8.846674e-07    8.011200e-07    8.767617e-06    8.466710e-06
   3.062500e-01    2.593707e+00    2.450043e+00    8.114402e-01    7.352822e-01    8.898340e-01    7.416738e-01    1.043964e+00    1.128563e+00    4.763931e-01    5.069637e-01    4.294028e-01    3.932735e-01   -5.937457e-07   -6.291153e-07    8.867693e-07    8.032714e-07    8.768593e-06    8.467448e-06
   3.093750e-01    2.756121e+00    2.589018e+00    8.635633e-01    7.798059e-01    9.757209e-01    8.136719e-01    1.031107e+00    1.122380e+00    4.705260e-01    5.050551e-01    4.319493e-01    3.960359e-01   -6.082403e-07   -6.422804e-07    8.888456e-07    8.054231e-07    8.769564e-06    8.468186e-06
   3.125000e-01    2.919652e+00    2.728548e+00    9.160417e-01    8.245041e-01    1.062221e+00    8.859669e-01    1.018120e+00    1.115854e+00    4.645994e-01    5.029694e-01    4.344640e-01    3.987827e-01   -6.228229e-07   -6.554938e-07    8.908960e-07    8.075740e-07    8.770530e-06    8.468922e-06
   3.156250e-01    3.084313e+00    2.868665e+00    9.688788e-01    8.693867e-01    1.149342e+00    9.585759e-01    1.005002e+00    1.108985e+00    4.586132e-01    5.007059e-01    4.369468e-01    4.015131e-01   -6.374945e-07   -6.687578e-07    8.929203e-07    8.097233e-07    8.771489e-06    8.469656e-06
   3.187500e-01    3.250113e+00    3.009398e+00    1.022078e+00    9.144637e-01    1.237088e+00    1.031516e+00    9.917530e-01    1.101772e+00    4.525675e-01    4.982637e-01    4.393972e-01    4.042261e-01   -6.522559e-07   -6.820744e-07    8.949182e-07    8.118699e-07    8.772444e-06    8.470389e-06
   3.218750e-01    3.417066e+00    3.150781e+00    1.075644e+00    9.597451e-01    1.325466e+00    1.104805e+00    9.783739e-01    1.094212e+00    4.464622e-01    4.956421e-01    4.418149e-01    4.069211e-01   -6.671081e-07   -6.954461e-07    8.968895e-07    8.140128e-07    8.773392e-06    8.471120e-06
   3.250000e-01    3.585181e+00    3.292843e+00    1.129579e+00    1.005241e+00    1.414483e+00    1.178461e+00    9.648642e-01    1.086305e+00    4.402973e-01    4.928402e-01    4.441996e-01    4.095971e-01   -6.820519e-07   -7.088750e-07    8.988339e-07    8.161511e-07    8.774334e-06    8.471849e-06
   3.281250e-01    3.754470e+00    3.435618e+00    1.183887e+00    1.050961e+00    1.504144e+00    1.252500e+00    9.512240e-01    1.078048e+00    4.340729e-01    4.898571e-01    4.465510e-01    4.122532e-01   -6.970883e-07   -7.223635e-07    9.007511e-07    8.182838e-07    8.775270e-06    8.472577e-06
   3.312500e-01    3.924944e+00    3.579136e+00    1.238572e+00    1.096917e+00    1.594456e+00    1.326941e+00    9.374533e-01    1.069440e+00    4.277888e-01    4.866917e-01    4.488687e-01    4.148886e-01   -7.122180e-07   -7.359137e-07    9.026409e-07    8.204100e-07    8.776200e-06    8.473302e-06
   3.343750e-01    4.096616e+00    3.723430e+00    1.293637e+00    1.143117e+00    1.685425e+00    1.401800e+00    9.235520e-01    1.060478e+00    4.214453e-01    4.833431e-01    4.511525e-01    4.175025e-01   -7.274421e-07   -7.495279e-07    9.045030e-07    8.225285e-07    8.777123e-06    8.474025e-06
   3.375000e-01    4.269495e+00    3.868531e+00    1.349087e+00    1.189572e+00    1.777057e+00    1.477097e+00    9.095203e-01    1.051162e+00    4.150421e-01    4.798103e-01    4.534021e-01    4.200939e-01   -7.427614e-07   -7.632085e-07    9.063371e-07    8.246384e-07    8.778040e-06    8.474746e-06
   3.406250e-01    4.443593e+00    4.014474e+00    1.404923e+00    1.236293e+00    1.869359e+00    1.552849e+00    8.953580e-01    1.041488e+00    4.085794e-01    4.760921e-01    4.556170e-01    4.226621e-01   -7.581767e-07   -7.769577e-07    9.081431e-07    8.267387e-07    8.778950e-06    8.475464e-06
   3.437500e-01    4.618922e+00    4.161289e+00    1.461151e+00    1.283289e+00    1.962336e+00    1.629073e+00    8.810651e-01    1.031455e+00    4.020572e-01    4.721874e-01    4.577970e-01    4.252060e-01   -7.736891e-07   -7.907779e-07    9.099205e-07    8.288284e-07    8.779853e-06    8.476180e-06
   3.468750e-01    4.795493e+00    4.309009e+00    1.517774e+00    1.330573e+00    2.055995e+00    1.705789e+00    8.666418e-01    1.021061e+00    3.954754e-01    4.680950e-01    4.599417e-01    4.277249e-01   -7.892992e-07   -8.046714e-07    9.116693e-07    8.309065e-07    8.780749e-06    8.476893e-06
   3.500000e-01    4.973317e+00    4.457669e+00    1.574794e+00    1.378152e+00    2.150341e+00    1.783013e+00    8.520879e-01    1.010303e+00    3.888340e-01    4.638137e-01    4.620509e-01    4.302179e-01   -8.050082e-07   -8.186405e-07    9.133890e-07    8.329719e-07    8.781637e-06    8.477604e-06
   3.531250e-01    5.152405e+00    4.607300e+00    1.632217e+00    1.426040e+00    2.245382e+00    1.860766e+00    8.374035e-01    9.991784e-01    3.821330e-01    4.593422e-01    4.641242e-01    4.326839e-01   -8.208168e-07   -8.326876e-07    9.150795e-07    8.350236e-07    8.782518e-06    8.478312e-06
   3.562500e-01    5.332769e+00    4.757936e+00    1.690045e+00    1.474245e+00    2.341123e+00    1.939064e+00    8.225885e-01    9.876858e-01    3.753725e-01    4.546792e-01    4.661614e-01    4.351223e-01   -8.367259e-07   -8.468151e-07    9.167405e-07    8.370605e-07    8.783392e-06    8.479016e-06
   3.593750e-01    5.514420e+00    4.909611e+00    1.748282e+00    1.522780e+00    2.437571e+00    2.017928e+00    8.076430e-01    9.758221e-01    3.685524e-01    4.498234e-01    4.681620e-01    4.375319e-01   -8.527364e-07   -8.610254e-07    9.183717e-07    8.390816e-07    8.784257e-06    8.479718e-06
   3.625000e-01    5.697370e+00    5.062358e+00    1.806932e+00    1.571653e+00    2.534731e+00    2.097374e+00    7.925670e-01    9.635849e-01    3.616728e-01    4.447732e-01    4.701257e-01    4.399120e-01   -8.688493e-07   -8.753208e-07    9.199728e-07    8.410859e-07    8.785115e-06    8.480416e-06
   3.656250e-01    5.881629e+00    5.216212e+00    1.865998e+00    1.620878e+00    2.632611e+00    2.177423e+00    7.773605e-01    9.509714e-01    3.547336e-01    4.395274e-01    4.720523e-01    4.422616e-01   -8.850653e-07   -8.897038e-07    9.215437e-07    8.430722e-07    8.785964e-06    8.481111e-06
   3.687500e-01    6.067208e+00    5.371207e+00    1.925483e+00    1.670463e+00    2.731215e+00    2.258093e+00    7.620234e-01    9.379789e-01    3.477348e-01    4.340843e-01    4.739414e-01    4.445798e-01   -9.013855e-07   -9.041769e-07    9.230840e-07    8.450395e-07    8.786805e-06    8.481802e-06
   3.718750e-01    6.254120e+00    5.527377e+00    1.985392e+00    1.720421e+00    2.830551e+00    2.339404e+00    7.465558e-01    9.246046e-01    3.406765e-01    4.284425e-01    4.757927e-01    4.468656e-01   -9.178106e-07   -9.187424e-07    9.245934e-07    8.469868e-07    8.787637e-06    8.482489e-06
   3.750000e-01    6.442375e+00    5.684758e+00    2.045728e+00    1.770763e+00    2.930625e+00    2.421375e+00    7.309577e-01    9.108455e-01    3.335586e-01    4.226003e-01    4.776059e-01    4.491181e-01   -9.343416e-07   -9.334029e-07    9.260718e-07    8.489128e-07    8.788461e-06    8.483172e-06
   3.781250e-01    6.631985e+00    5.843384e+00    2.106495e+00    1.821499e+00    3.031442e+00    2.504024e+00    7.152291e-01    8.966986e-01    3.263811e-01    4.165560e-01    4.793806e-01    4.513364e-01   -9.509794e-07   -9.481609e-07    9.275189e-07    8.508166e-07    8.789276e-06    8.483851e-06
   3.812500e-01    6.822961e+00    6.003290e+00    2.167696e+00    1.872641e+00    3.133009e+00    2.587373e+00    6.993699e-01    8.821608e-01    3.191441e-01    4.103081e-01    4.811166e-01    4.535194e-01   -9.677248e-07   -9.630188e-07    9.289343e-07    8.526969e-07    8.790081e-06    8.484526e-06
   3.843750e-01    7.015315e+00    6.164513e+00    2.229334e+00    1.924201e+00    3.235332e+00    2.671439e+00    6.833802e-01    8.672289e-01    3.118475e-01    4.038547e-01    4.828135e-01    4.556664e-01   -9.845787e-07   -9.779792e-07    9.303179e-07    8.545528e-07    8.790878e-06    8.485197e-06
   3.875000e-01    7.209057e+00    6.327089e+00    2.291414e+00    1.976189e+00    3.338417e+00    2.756245e+00    6.672600e-01    8.518997e-01    3.044913e-01    3.971941e-01    4.844710e-01    4.577761e-01   -1.001542e-06   -9.930446e-07    9.316693e-07    8.563829e-07    8.791665e-06    8.485863e-06
   3.906250e-01    7.404198e+00    6.491053e+00    2.353939e+00    2.028618e+00    3.442271e+00    2.841808e+00    6.510092e-01    8.361698e-01    2.970756e-01    3.903244e-01    4.860887e-01    4.598478e-01   -1.018616e-06   -1.008218e-06    9.329883e-07    8.581863e-07    8.792442e-06    8.486523e-06
   3.937500e-01    7.600751e+00    6.656442e+00    2.416912e+00    2.081499e+00    3.546900e+00    2.928151e+00    6.346279e-01    8.200357e-01    2.896003e-01    3.832438e-01    4.876665e-01    4.618803e-01   -1.035801e-06   -1.023501e-06    9.342747e-07    8.599617e-07    8.793209e-06    8.487179e-06
   3.968750e-01    7.798727e+00    6.823293e+00    2.480337e+00    2.134844e+00    3.652309e+00    3.015292e+00    6.181161e-01    8.034938e-01    2.820655e-01    3.759502e-01    4.892038e-01    4.638728e-01   -1.053098e-06   -1.038897e-06    9.355282e-07    8.617080e-07    8.793967e-06    8.487830e-06
   4.000000e-01    7.998136e+00    6.991643e+00    2.544218e+00    2.188664e+00    3.758506e+00    3.103254e+00    6.014738e-01    7.865407e-01    2.744710e-01    3.684418e-01    4.907005e-01    4.658241e-01   -1.070508e-06   -1.054409e-06    9.367485e-07    8.634239e-07    8.794714e-06    8.488475e-06
   4.031250e-01    8.198990e+00    7.161530e+00    2.608558e+00    2.242972e+00    3.865496e+00    3.192055e+00    5.847009e-01    7.691724e-01    2.668171e-01    3.607165e-01    4.921561e-01    4.677334e-01   -1.088032e-06   -1.070038e-06    9.379354e-07    8.651084e-07    8.795450e-06    8.489115e-06
   4.062500e-01    8.401301e+00    7.332991e+00    2.673361e+00    2.297780e+00    3.973285e+00    3.281719e+00    5.677975e-01    7.513853e-01    2.591035e-01    3.527721e-01    4.935705e-01    4.695995e-01   -1.105670e-06   -1.085789e-06    9.390886e-07    8.667601e-07    8.796177e-06    8.489748e-06
   4.093750e-01    8.605079e+00    7.506065e+00    2.738631e+00    2.353099e+00    4.081880e+00    3.372265e+00    5.507636e-01    7.331754e-01    2.513304e-01    3.446067e-01    4.949431e-01    4.714214e-01   -1.123425e-06   -1.101663e-06    9.402078e-07    8.683780e-07    8.796892e-06    8.490376e-06
   4.125000e-01    8.810336e+00    7.680791e+00    2.804371e+00    2.408943e+00    4.191287e+00    3.463715e+00    5.335991e-01    7.145387e-01    2.434977e-01    3.362178e-01    4.962738e-01    4.731981e-01   -1.141295e-06   -1.117663e-06    9.412928e-07    8.699607e-07    8.797596e-06    8.490997e-06
   4.156250e-01    9.017083e+00    7.857206e+00    2.870584e+00    2.465323e+00    4.301513e+00    3.556091e+00    5.163042e-01    6.954710e-01    2.356055e-01    3.276034e-01    4.975623e-01    4.749285e-01   -1.159284e-06   -1.133793e-06    9.423434e-07    8.715070e-07    8.798289e-06    8.491612e-06
   4.187500e-01    9.225332e+00    8.035352e+00    2.937274e+00    2.522253e+00    4.412562e+00    3.649414e+00    4.988787e-01    6.759683e-01    2.276537e-01    3.187611e-01    4.988081e-01    4.766116e-01   -1.177390e-06   -1.150054e-06    9.433591e-07    8.730157e-07    8.798971e-06    8.492220e-06
   4.218750e-01    9.435094e+00    8.215267e+00    3.004445e+00    2.579744e+00    4.524442e+00    3.743706e+00    4.813226e-01    6.560261e-01    2.196424e-01    3.096886e-01    5.000110e-01    4.782463e-01   -1.195616e-06   -1.166449e-06    9.443399e-07    8.744855e-07    8.799640e-06    8.492821e-06
   4.250000e-01    9.646379e+00    8.396991e+00    3.072101e+00    2.637810e+00    4.637158e+00    3.838990e+00    4.636360e-01    6.356402e-01    2.115714e-01    3.003835e-01    5.011706e-01    4.798315e-01   -1.213962e-06   -1.182983e-06    9.452855e-07    8.759151e-07    8.800299e-06    8.493414e-06
   4.281250e-01    9.859200e+00    8.580564e+00    3.140244e+00    2.696464e+00    4.750718e+00    3.935289e+00    4.458190e-01    6.148060e-01    2.034409e-01    2.908432e-01    5.022867e-01    4.813661e-01   -1.232429e-06   -1.199656e-06    9.461955e-07    8.773033e-07    8.800945e-06    8.494000e-06
   4.312500e-01    1.007357e+01    8.766029e+00    3.208879e+00    2.755718e+00    4.865126e+00    4.032623e+00    4.278713e-01    5.935189e-01    1.952509e-01    2.810653e-01    5.033589e-01    4.828491e-01   -1.251018e-06   -1.216473e-06    9.470697e-07    8.786486e-07    8.801578e-06    8.494579e-06
   4.343750e-01    1.028949e+01    8.953426e+00    3.278010e+00    2.815586e+00    4.980390e+00    4.131018e+00    4.097932e-01    5.717743e-01    1.870013e-01    2.710472e-01    5.043868e-01    4.842792e-01   -1.269729e-06   -1.233436e-06    9.479078e-07    8.799498e-07    8.802200e-06    8.495149e-06
   4.375000e-01    1.050699e+01    9.142797e+00    3.347639e+00    2.876081e+00    5.096516e+00    4.230495e+00    3.915845e-01    5.495673e-01    1.786921e-01    2.607863e-01    5.053703e-01    4.856554e-01   -1.288565e-06   -1.250548e-06    9.487097e-07    8.812056e-07    8.802808e-06    8.495711e-06
   4.406250e-01    1.072606e+01    9.334183e+00    3.417770e+00    2.937217e+00    5.213509e+00    4.331079e+00    3.732453e-01    5.268930e-01    1.703233e-01    2.502799e-01    5.063089e-01    4.869765e-01   -1.307524e-06   -1.267811e-06    9.494750e-07    8.824146e-07    8.803404e-06    8.496265e-06
   4.437500e-01    1.094673e+01    9.527629e+00    3.488407e+00    2.999007e+00    5.331375e+00    4.432792e+00    3.547756e-01    5.037465e-01    1.618950e-01    2.395253e-01    5.072023e-01    4.882414e-01   -1.326610e-06   -1.285231e-06    9.502035e-07    8.835754e-07    8.803987e-06    8.496809e-06
   4.468750e-01    1.116900e+01    9.723176e+00    3.559554e+00    3.061464e+00    5.450122e+00    4.535659e+00    3.361753e-01    4.801226e-01    1.534072e-01    2.285196e-01    5.080502e-01    4.894488e-01   -1.345821e-06   -1.302808e-06    9.508948e-07    8.846866e-07    8.804556e-06    8.497345e-06
   4.500000e-01    1.139288e+01    9.920869e+00    3.631213e+00    3.124604e+00    5.569756e+00    4.639704e+00    3.174445e-01    4.560162e-01    1.448597e-01    2.172600e-01    5.088523e-01    4.905978e-01   -1.365160e-06   -1.320546e-06    9.515488e-07    8.857469e-07    8.805111e-06    8.497871e-06
   4.531250e-01    1.161839e+01    1.012075e+01    3.703390e+00    3.188439e+00    5.690281e+00    4.744951e+00    2.985832e-01    4.314219e-01    1.362527e-01    2.057435e-01    5.096083e-01    4.916869e-01   -1.384627e-06   -1.338449e-06    9.521652e-07    8.867547e-07    8.805653e-06    8.498387e-06
   4.562500e-01    1.184554e+01    1.032287e+01    3.776086e+00    3.252985e+00    5.811706e+00    4.851425e+00    2.795913e-01    4.063343e-01    1.275861e-01    1.939672e-01    5.103178e-01    4.927151e-01   -1.404223e-06   -1.356519e-06    9.527438e-07    8.877087e-07    8.806181e-06    8.498894e-06
   4.593750e-01    1.207434e+01    1.052726e+01    3.849307e+00    3.318254e+00    5.934035e+00    4.959151e+00    2.604690e-01    3.807478e-01    1.188600e-01    1.819281e-01    5.109806e-01    4.936811e-01   -1.423949e-06   -1.374760e-06    9.532842e-07    8.886075e-07    8.806695e-06    8.499390e-06
   4.625000e-01    1.230479e+01    1.073398e+01    3.923055e+00    3.384263e+00    6.057275e+00    5.068154e+00    2.412161e-01    3.546568e-01    1.100743e-01    1.696230e-01    5.115962e-01    4.945837e-01   -1.443805e-06   -1.393174e-06    9.537862e-07    8.894494e-07    8.807194e-06    8.499875e-06
   4.656250e-01    1.253692e+01    1.094307e+01    3.997334e+00    3.451026e+00    6.181432e+00    5.178460e+00    2.218326e-01    3.280555e-01    1.012291e-01    1.570488e-01    5.121645e-01    4.954216e-01   -1.463794e-06   -1.411766e-06    9.542495e-07    8.902331e-07    8.807679e-06    8.500349e-06
   4.687500e-01    1.277073e+01    1.115458e+01    4.072147e+00    3.518557e+00    6.306513e+00    5.290094e+00    2.023187e-01    3.009382e-01    9.232424e-02    1.442022e-01    5.126850e-01    4.961936e-01   -1.483915e-06   -1.430538e-06    9.546739e-07    8.909570e-07    8.808149e-06    8.500813e-06
   4.718750e-01    1.300623e+01    1.136855e+01    4.147499e+00    3.586872e+00    6.432524e+00    5.403083e+00    1.826742e-01    2.732986e-01    8.335986e-02    1.310800e-01    5.131574e-01    4.968984e-01   -1.504169e-06   -1.449494e-06    9.550591e-07    8.916197e-07    8.808603e-06    8.501264e-06
   4.750000e-01    1.324343e+01    1.158503e+01    4.223393e+00    3.655985e+00    6.559470e+00    5.517452e+00    1.628992e-01    2.451309e-01    7.433591e-02    1.176788e-01    5.135815e-01    4.975347e-01   -1.524557e-06   -1.468636e-06    9.554049e-07    8.922194e-07    8.809043e-06    8.501704e-06
   4.781250e-01    1.348236e+01    1.180407e+01    4.299832e+00    3.725912e+00    6.687359e+00    5.633230e+00    1.429936e-01    2.164286e-01    6.525239e-02    1.039951e-01    5.139569e-01    4.981012e-01   -1.545081e-06   -1.487970e-06    9.557110e-07    8.927548e-07    8.809466e-06    8.502131e-06
   4.812500e-01    1.372300e+01    1.202573e+01    4.376820e+00    3.796670e+00    6.816196e+00    5.750442e+00    1.229575e-01    1.871856e-01    5.610931e-02    9.002554e-02    5.142833e-01    4.985967e-01   -1.565741e-06   -1.507497e-06    9.559772e-07    8.932241e-07    8.809874e-06    8.502546e-06
   4.843750e-01    1.396539e+01    1.225004e+01    4.454360e+00    3.868272e+00    6.945987e+00    5.869117e+00    1.027909e-01    1.573953e-01    4.690667e-02    7.576649e-02    5.145603e-01    4.990196e-01   -1.586538e-06   -1.527221e-06    9.562031e-07    8.936258e-07    8.810266e-06    8.502947e-06
   4.875000e-01    1.420953e+01    1.247705e+01    4.532457e+00    3.940737e+00    7.076738e+00    5.989282e+00    8.249380e-02    1.270512e-01    3.764447e-02    6.121436e-02    5.147877e-01    4.993688e-01   -1.607473e-06   -1.547147e-06    9.563885e-07    8.939582e-07    8.810641e-06    8.503336e-06
   4.906250e-01    1.445543e+01    1.270683e+01    4.611113e+00    4.014078e+00    7.208457e+00    6.110964e+00    6.206614e-02    9.614647e-02    2.832270e-02    4.636543e-02    5.149651e-01    4.996428e-01   -1.628547e-06   -1.567276e-06    9.565331e-07    8.942197e-07    8.811000e-06    8.503710e-06
   4.937500e-01    1.470310e+01    1.293942e+01    4.690333e+00    4.088314e+00    7.341149e+00    6.234193e+00    4.150796e-02    6.467436e-02    1.894136e-02    3.121597e-02    5.150922e-01    4.998403e-01   -1.649760e-06   -1.587614e-06    9.566368e-07    8.944086e-07    8.811342e-06    8.504071e-06
   4.968750e-01    1.495255e+01    1.317487e+01    4.770119e+00    4.163460e+00    7.474820e+00    6.358997e+00    2.081924e-02    3.262790e-02    9.500462e-03    1.576212e-02    5.151687e-01    4.999598e-01   -1.671114e-06   -1.608164e-06    9.566992e-07    8.945232e-07    8.811668e-06    8.504417e-06
   5.000000e-01    1.520380e+01    1.341323e+01    4.850476e+00    4.239533e+00    7.609476e+00    6.485405e+00    6.683950e-12    1.049651e-11    3.049066e-12    5.047785e-12    5.151942e-01    5.000000e-01   -1.692609e-06   -1.628929e-06    9.567200e-07    8.945618e-07    8.811976e-06    8.504748e-06
