# case2 -- Yu-2003 sec.-6.2 analog: Abaqus as the 2-D solver (DYMORE role)
# chain: Abaqus RM-shell SF/SM -> FF -> dE1 = p S6 FF6 -> OpenSG-RM
# Eq.-63 recovery; benchmark = Abaqus 3-D solid strip (cross-check
# numbers); the full FF carries the coupling N22/M22/M12 the angle
# plies need for sigma_23 (the Q1-only statics input loses them)
# FF amplitudes from Abaqus [N11,N22,N12,M11,M22,M12] = [-8.86009e-30, 2.23788e-17, 3.33911e-23, 1.6212, 0.501262, 0.339442]
#   with Abaqus Q = [1.27316, 0.266633]
# exact-section anchors: Q1 = int s13 dz = 1.27321 (q0/p = 1.27324);
#   M11 = int s11 z dz = 1.62124 (q0/p^2 = 1.62114)
# rel L2 errors of the recovery vs the SOLID benchmark:  s13  13.667%  s23 228.579%  s33  19.802%
# benchmark credentials, solid vs exact Pagano:  s13   1.082%  s23   2.303%  s33   0.148%
# TSHR13/23 present: no
# 
# columns: z[in]  s13_rec  s23_rec  s33_rec  [/p0]  (solid/TSHR profiles carry their own grids -- see the .png)
  -5.000000e-01    7.206701e-09   -6.510125e-10   -5.000000e-01
  -4.968750e-01    2.245053e-02   -2.028039e-03   -4.999724e-01
  -4.937500e-01    4.476030e-02   -4.043363e-03   -4.998900e-01
  -4.906250e-01    6.692932e-02   -6.045972e-03   -4.997529e-01
  -4.875000e-01    8.895758e-02   -8.035866e-03   -4.995616e-01
  -4.843750e-01    1.108451e-01   -1.001304e-02   -4.993164e-01
  -4.812500e-01    1.325918e-01   -1.197751e-02   -4.990177e-01
  -4.781250e-01    1.541978e-01   -1.392926e-02   -4.986657e-01
  -4.750000e-01    1.756631e-01   -1.586829e-02   -4.982609e-01
  -4.718750e-01    1.969875e-01   -1.779461e-02   -4.978036e-01
  -4.687500e-01    2.181713e-01   -1.970821e-02   -4.972941e-01
  -4.656250e-01    2.392142e-01   -2.160910e-02   -4.967328e-01
  -4.625000e-01    2.601164e-01   -2.349728e-02   -4.961201e-01
  -4.593750e-01    2.808779e-01   -2.537274e-02   -4.954562e-01
  -4.562500e-01    3.014986e-01   -2.723548e-02   -4.947415e-01
  -4.531250e-01    3.219785e-01   -2.908551e-02   -4.939764e-01
  -4.500000e-01    3.423177e-01   -3.092282e-02   -4.931611e-01
  -4.468750e-01    3.625162e-01   -3.274742e-02   -4.922962e-01
  -4.437500e-01    3.825739e-01   -3.455931e-02   -4.913818e-01
  -4.406250e-01    4.024908e-01   -3.635848e-02   -4.904184e-01
  -4.375000e-01    4.222669e-01   -3.814493e-02   -4.894063e-01
  -4.343750e-01    4.419024e-01   -3.991867e-02   -4.883458e-01
  -4.312500e-01    4.613970e-01   -4.167969e-02   -4.872373e-01
  -4.281250e-01    4.807509e-01   -4.342800e-02   -4.860811e-01
  -4.250000e-01    4.999641e-01   -4.516360e-02   -4.848776e-01
  -4.218750e-01    5.190365e-01   -4.688648e-02   -4.836271e-01
  -4.187500e-01    5.379681e-01   -4.859664e-02   -4.823299e-01
  -4.156250e-01    5.567590e-01   -5.029409e-02   -4.809865e-01
  -4.125000e-01    5.754091e-01   -5.197882e-02   -4.795971e-01
  -4.093750e-01    5.939185e-01   -5.365084e-02   -4.781621e-01
  -4.062500e-01    6.122871e-01   -5.531015e-02   -4.766819e-01
  -4.031250e-01    6.305149e-01   -5.695674e-02   -4.751567e-01
  -4.000000e-01    6.486020e-01   -5.859061e-02   -4.735870e-01
  -3.968750e-01    6.665484e-01   -6.021177e-02   -4.719731e-01
  -3.937500e-01    6.843540e-01   -6.182022e-02   -4.703153e-01
  -3.906250e-01    7.020188e-01   -6.341595e-02   -4.686140e-01
  -3.875000e-01    7.195429e-01   -6.499896e-02   -4.668694e-01
  -3.843750e-01    7.369262e-01   -6.656926e-02   -4.650821e-01
  -3.812500e-01    7.541688e-01   -6.812684e-02   -4.632522e-01
  -3.781250e-01    7.712706e-01   -6.967171e-02   -4.613802e-01
  -3.750000e-01    7.882316e-01   -7.120387e-02   -4.594664e-01
  -3.718750e-01    8.050519e-01   -7.272331e-02   -4.575112e-01
  -3.687500e-01    8.217315e-01   -7.423003e-02   -4.555148e-01
  -3.656250e-01    8.382703e-01   -7.572404e-02   -4.534777e-01
  -3.625000e-01    8.546683e-01   -7.720534e-02   -4.514001e-01
  -3.593750e-01    8.709256e-01   -7.867392e-02   -4.492825e-01
  -3.562500e-01    8.870421e-01   -8.012978e-02   -4.471252e-01
  -3.531250e-01    9.030179e-01   -8.157293e-02   -4.449284e-01
  -3.500000e-01    9.188529e-01   -8.300337e-02   -4.426927e-01
  -3.468750e-01    9.345471e-01   -8.442109e-02   -4.404182e-01
  -3.437500e-01    9.501006e-01   -8.582609e-02   -4.381054e-01
  -3.406250e-01    9.655134e-01   -8.721838e-02   -4.357546e-01
  -3.375000e-01    9.807854e-01   -8.859796e-02   -4.333661e-01
  -3.343750e-01    9.959166e-01   -8.996482e-02   -4.309403e-01
  -3.312500e-01    1.010907e+00   -9.131896e-02   -4.284776e-01
  -3.281250e-01    1.025757e+00   -9.266039e-02   -4.259782e-01
  -3.250000e-01    1.040466e+00   -9.398911e-02   -4.234426e-01
  -3.218750e-01    1.055034e+00   -9.530511e-02   -4.208710e-01
  -3.187500e-01    1.069461e+00   -9.660839e-02   -4.182639e-01
  -3.156250e-01    1.083748e+00   -9.789896e-02   -4.156215e-01
  -3.125000e-01    1.097894e+00   -9.917682e-02   -4.129442e-01
  -3.093750e-01    1.111899e+00   -1.004420e-01   -4.102324e-01
  -3.062500e-01    1.125764e+00   -1.016944e-01   -4.074864e-01
  -3.031250e-01    1.139487e+00   -1.029341e-01   -4.047065e-01
  -3.000000e-01    1.153070e+00   -1.041611e-01   -4.018931e-01
  -2.968750e-01    1.166512e+00   -1.053754e-01   -3.990465e-01
  -2.937500e-01    1.179814e+00   -1.065769e-01   -3.961672e-01
  -2.906250e-01    1.192974e+00   -1.077658e-01   -3.932553e-01
  -2.875000e-01    1.205994e+00   -1.089419e-01   -3.903113e-01
  -2.843750e-01    1.218874e+00   -1.101053e-01   -3.873356e-01
  -2.812500e-01    1.231612e+00   -1.112560e-01   -3.843284e-01
  -2.781250e-01    1.244210e+00   -1.123940e-01   -3.812901e-01
  -2.750000e-01    1.256666e+00   -1.135193e-01   -3.782210e-01
  -2.718750e-01    1.268983e+00   -1.146319e-01   -3.751216e-01
  -2.687500e-01    1.281158e+00   -1.157317e-01   -3.719921e-01
  -2.656250e-01    1.293193e+00   -1.168188e-01   -3.688329e-01
  -2.625000e-01    1.305086e+00   -1.178933e-01   -3.656443e-01
  -2.593750e-01    1.316839e+00   -1.189550e-01   -3.624268e-01
  -2.562500e-01    1.328452e+00   -1.200039e-01   -3.591805e-01
  -2.531250e-01    1.339923e+00   -1.210402e-01   -3.559059e-01
  -2.500000e-01    1.351254e+00   -1.220638e-01   -3.526033e-01
  -2.500000e-01    7.813375e-01    1.109189e+00   -3.526033e-01
  -2.468750e-01    8.082950e-01    1.109548e+00   -3.506526e-01
  -2.437500e-01    8.349134e-01    1.109903e+00   -3.486360e-01
  -2.406250e-01    8.611927e-01    1.110253e+00   -3.465546e-01
  -2.375000e-01    8.871329e-01    1.110599e+00   -3.444091e-01
  -2.343750e-01    9.127341e-01    1.110940e+00   -3.422003e-01
  -2.312500e-01    9.379961e-01    1.111277e+00   -3.399291e-01
  -2.281250e-01    9.629191e-01    1.111609e+00   -3.375964e-01
  -2.250000e-01    9.875030e-01    1.111937e+00   -3.352028e-01
  -2.218750e-01    1.011748e+00    1.112260e+00   -3.327494e-01
  -2.187500e-01    1.035653e+00    1.112579e+00   -3.302368e-01
  -2.156250e-01    1.059220e+00    1.112893e+00   -3.276660e-01
  -2.125000e-01    1.082448e+00    1.113202e+00   -3.250378e-01
  -2.093750e-01    1.105336e+00    1.113507e+00   -3.223530e-01
  -2.062500e-01    1.127885e+00    1.113808e+00   -3.196124e-01
  -2.031250e-01    1.150096e+00    1.114104e+00   -3.168169e-01
  -2.000000e-01    1.171967e+00    1.114396e+00   -3.139673e-01
  -1.968750e-01    1.193499e+00    1.114683e+00   -3.110645e-01
  -1.937500e-01    1.214692e+00    1.114965e+00   -3.081092e-01
  -1.906250e-01    1.235546e+00    1.115243e+00   -3.051023e-01
  -1.875000e-01    1.256061e+00    1.115517e+00   -3.020446e-01
  -1.843750e-01    1.276236e+00    1.115786e+00   -2.989370e-01
  -1.812500e-01    1.296073e+00    1.116050e+00   -2.957803e-01
  -1.781250e-01    1.315571e+00    1.116310e+00   -2.925754e-01
  -1.750000e-01    1.334729e+00    1.116565e+00   -2.893229e-01
  -1.718750e-01    1.353549e+00    1.116816e+00   -2.860239e-01
  -1.687500e-01    1.372029e+00    1.117062e+00   -2.826791e-01
  -1.656250e-01    1.390170e+00    1.117304e+00   -2.792894e-01
  -1.625000e-01    1.407972e+00    1.117542e+00   -2.758556e-01
  -1.593750e-01    1.425435e+00    1.117774e+00   -2.723785e-01
  -1.562500e-01    1.442559e+00    1.118003e+00   -2.688589e-01
  -1.531250e-01    1.459344e+00    1.118226e+00   -2.652977e-01
  -1.500000e-01    1.475790e+00    1.118446e+00   -2.616958e-01
  -1.468750e-01    1.491896e+00    1.118660e+00   -2.580539e-01
  -1.437500e-01    1.507664e+00    1.118870e+00   -2.543729e-01
  -1.406250e-01    1.523093e+00    1.119076e+00   -2.506536e-01
  -1.375000e-01    1.538182e+00    1.119277e+00   -2.468968e-01
  -1.343750e-01    1.552932e+00    1.119474e+00   -2.431035e-01
  -1.312500e-01    1.567344e+00    1.119666e+00   -2.392743e-01
  -1.281250e-01    1.581416e+00    1.119853e+00   -2.354102e-01
  -1.250000e-01    1.595149e+00    1.120037e+00   -2.315120e-01
  -1.218750e-01    1.608543e+00    1.120215e+00   -2.275804e-01
  -1.187500e-01    1.621598e+00    1.120389e+00   -2.236165e-01
  -1.156250e-01    1.634313e+00    1.120559e+00   -2.196209e-01
  -1.125000e-01    1.646690e+00    1.120724e+00   -2.155945e-01
  -1.093750e-01    1.658728e+00    1.120884e+00   -2.115381e-01
  -1.062500e-01    1.670426e+00    1.121040e+00   -2.074526e-01
  -1.031250e-01    1.681786e+00    1.121191e+00   -2.033388e-01
  -1.000000e-01    1.692806e+00    1.121338e+00   -1.991976e-01
  -9.687500e-02    1.703487e+00    1.121481e+00   -1.950297e-01
  -9.375000e-02    1.713830e+00    1.121619e+00   -1.908360e-01
  -9.062500e-02    1.723833e+00    1.121752e+00   -1.866174e-01
  -8.750000e-02    1.733497e+00    1.121881e+00   -1.823746e-01
  -8.437500e-02    1.742822e+00    1.122005e+00   -1.781085e-01
  -8.125000e-02    1.751807e+00    1.122125e+00   -1.738200e-01
  -7.812500e-02    1.760454e+00    1.122240e+00   -1.695098e-01
  -7.500000e-02    1.768762e+00    1.122351e+00   -1.651788e-01
  -7.187500e-02    1.776730e+00    1.122457e+00   -1.608278e-01
  -6.875000e-02    1.784360e+00    1.122559e+00   -1.564577e-01
  -6.562500e-02    1.791650e+00    1.122656e+00   -1.520693e-01
  -6.250000e-02    1.798602e+00    1.122749e+00   -1.476634e-01
  -5.937500e-02    1.805214e+00    1.122837e+00   -1.432408e-01
  -5.625000e-02    1.811487e+00    1.122920e+00   -1.388024e-01
  -5.312500e-02    1.817421e+00    1.122999e+00   -1.343491e-01
  -5.000000e-02    1.823016e+00    1.123074e+00   -1.298816e-01
  -4.687500e-02    1.828272e+00    1.123144e+00   -1.254008e-01
  -4.375000e-02    1.833189e+00    1.123210e+00   -1.209075e-01
  -4.062500e-02    1.837766e+00    1.123271e+00   -1.164026e-01
  -3.750000e-02    1.842005e+00    1.123327e+00   -1.118868e-01
  -3.437500e-02    1.845904e+00    1.123379e+00   -1.073611e-01
  -3.125000e-02    1.849465e+00    1.123427e+00   -1.028262e-01
  -2.812500e-02    1.852686e+00    1.123469e+00   -9.828296e-02
  -2.500000e-02    1.855568e+00    1.123508e+00   -9.373225e-02
  -2.187500e-02    1.858112e+00    1.123542e+00   -8.917488e-02
  -1.875000e-02    1.860316e+00    1.123571e+00   -8.461168e-02
  -1.562500e-02    1.862181e+00    1.123596e+00   -8.004349e-02
  -1.250000e-02    1.863706e+00    1.123616e+00   -7.547114e-02
  -9.375001e-03    1.864893e+00    1.123632e+00   -7.089546e-02
  -6.250001e-03    1.865741e+00    1.123643e+00   -6.631728e-02
  -3.125001e-03    1.866250e+00    1.123650e+00   -6.173744e-02
  -1.000000e-09    1.866419e+00    1.123653e+00   -5.715677e-02
   1.000000e-09    1.866419e+00    1.123653e+00   -5.715676e-02
   3.125001e-03    1.866250e+00    1.123650e+00   -5.257609e-02
   6.250001e-03    1.865741e+00    1.123643e+00   -4.799625e-02
   9.375001e-03    1.864893e+00    1.123632e+00   -4.341807e-02
   1.250000e-02    1.863706e+00    1.123616e+00   -3.884239e-02
   1.562500e-02    1.862181e+00    1.123596e+00   -3.427004e-02
   1.875000e-02    1.860316e+00    1.123571e+00   -2.970185e-02
   2.187500e-02    1.858112e+00    1.123542e+00   -2.513865e-02
   2.500000e-02    1.855568e+00    1.123508e+00   -2.058128e-02
   2.812500e-02    1.852686e+00    1.123469e+00   -1.603057e-02
   3.125000e-02    1.849465e+00    1.123427e+00   -1.148735e-02
   3.437500e-02    1.845904e+00    1.123379e+00   -6.952447e-03
   3.750000e-02    1.842005e+00    1.123327e+00   -2.426702e-03
   4.062500e-02    1.837766e+00    1.123271e+00    2.089057e-03
   4.375000e-02    1.833189e+00    1.123210e+00    6.593996e-03
   4.687500e-02    1.828272e+00    1.123144e+00    1.108728e-02
   5.000000e-02    1.823016e+00    1.123074e+00    1.556809e-02
   5.312500e-02    1.817421e+00    1.122999e+00    2.003558e-02
   5.625000e-02    1.811487e+00    1.122920e+00    2.448892e-02
   5.937500e-02    1.805214e+00    1.122837e+00    2.892728e-02
   6.250000e-02    1.798602e+00    1.122749e+00    3.334982e-02
   6.562500e-02    1.791650e+00    1.122656e+00    3.775572e-02
   6.875000e-02    1.784360e+00    1.122559e+00    4.214415e-02
   7.187500e-02    1.776730e+00    1.122457e+00    4.651426e-02
   7.500000e-02    1.768762e+00    1.122351e+00    5.086524e-02
   7.812500e-02    1.760454e+00    1.122240e+00    5.519624e-02
   8.125000e-02    1.751807e+00    1.122125e+00    5.950643e-02
   8.437500e-02    1.742822e+00    1.122005e+00    6.379499e-02
   8.750000e-02    1.733497e+00    1.121881e+00    6.806107e-02
   9.062500e-02    1.723833e+00    1.121752e+00    7.230385e-02
   9.375000e-02    1.713830e+00    1.121619e+00    7.652250e-02
   9.687500e-02    1.703487e+00    1.121481e+00    8.071618e-02
   1.000000e-01    1.692806e+00    1.121338e+00    8.488406e-02
   1.031250e-01    1.681786e+00    1.121191e+00    8.902530e-02
   1.062500e-01    1.670426e+00    1.121040e+00    9.313909e-02
   1.093750e-01    1.658728e+00    1.120884e+00    9.722457e-02
   1.125000e-01    1.646690e+00    1.120724e+00    1.012809e-01
   1.156250e-01    1.634313e+00    1.120559e+00    1.053073e-01
   1.187500e-01    1.621598e+00    1.120389e+00    1.093029e-01
   1.218750e-01    1.608543e+00    1.120215e+00    1.132669e-01
   1.250000e-01    1.595149e+00    1.120037e+00    1.171984e-01
   1.281250e-01    1.581416e+00    1.119853e+00    1.210967e-01
   1.312500e-01    1.567344e+00    1.119666e+00    1.249608e-01
   1.343750e-01    1.552932e+00    1.119474e+00    1.287899e-01
   1.375000e-01    1.538182e+00    1.119277e+00    1.325833e-01
   1.406250e-01    1.523093e+00    1.119076e+00    1.363400e-01
   1.437500e-01    1.507664e+00    1.118870e+00    1.400593e-01
   1.468750e-01    1.491896e+00    1.118660e+00    1.437404e-01
   1.500000e-01    1.475790e+00    1.118446e+00    1.473823e-01
   1.531250e-01    1.459344e+00    1.118226e+00    1.509842e-01
   1.562500e-01    1.442559e+00    1.118003e+00    1.545454e-01
   1.593750e-01    1.425435e+00    1.117774e+00    1.580649e-01
   1.625000e-01    1.407972e+00    1.117542e+00    1.615420e-01
   1.656250e-01    1.390170e+00    1.117304e+00    1.649759e-01
   1.687500e-01    1.372029e+00    1.117062e+00    1.683656e-01
   1.718750e-01    1.353549e+00    1.116816e+00    1.717104e-01
   1.750000e-01    1.334729e+00    1.116565e+00    1.750094e-01
   1.781250e-01    1.315571e+00    1.116310e+00    1.782618e-01
   1.812500e-01    1.296073e+00    1.116050e+00    1.814668e-01
   1.843750e-01    1.276236e+00    1.115786e+00    1.846235e-01
   1.875000e-01    1.256061e+00    1.115517e+00    1.877311e-01
   1.906250e-01    1.235546e+00    1.115243e+00    1.907887e-01
   1.937500e-01    1.214692e+00    1.114965e+00    1.937956e-01
   1.968750e-01    1.193499e+00    1.114683e+00    1.967509e-01
   2.000000e-01    1.171967e+00    1.114396e+00    1.996538e-01
   2.031250e-01    1.150096e+00    1.114104e+00    2.025034e-01
   2.062500e-01    1.127885e+00    1.113808e+00    2.052989e-01
   2.093750e-01    1.105336e+00    1.113507e+00    2.080395e-01
   2.125000e-01    1.082448e+00    1.113202e+00    2.107243e-01
   2.156250e-01    1.059220e+00    1.112893e+00    2.133525e-01
   2.187500e-01    1.035653e+00    1.112579e+00    2.159233e-01
   2.218750e-01    1.011748e+00    1.112260e+00    2.184358e-01
   2.250000e-01    9.875030e-01    1.111937e+00    2.208893e-01
   2.281250e-01    9.629191e-01    1.111609e+00    2.232828e-01
   2.312500e-01    9.379961e-01    1.111277e+00    2.256156e-01
   2.343750e-01    9.127341e-01    1.110940e+00    2.278868e-01
   2.375000e-01    8.871329e-01    1.110599e+00    2.300956e-01
   2.406250e-01    8.611927e-01    1.110253e+00    2.322411e-01
   2.437500e-01    8.349134e-01    1.109903e+00    2.343225e-01
   2.468750e-01    8.082950e-01    1.109548e+00    2.363390e-01
   2.500000e-01    7.813375e-01    1.109189e+00    2.382898e-01
   2.500000e-01    1.351254e+00   -1.220638e-01    2.382898e-01
   2.531250e-01    1.339923e+00   -1.210402e-01    2.415924e-01
   2.562500e-01    1.328452e+00   -1.200039e-01    2.448670e-01
   2.593750e-01    1.316839e+00   -1.189550e-01    2.481132e-01
   2.625000e-01    1.305086e+00   -1.178933e-01    2.513308e-01
   2.656250e-01    1.293193e+00   -1.168188e-01    2.545194e-01
   2.687500e-01    1.281158e+00   -1.157317e-01    2.576786e-01
   2.718750e-01    1.268983e+00   -1.146319e-01    2.608081e-01
   2.750000e-01    1.256666e+00   -1.135193e-01    2.639075e-01
   2.781250e-01    1.244210e+00   -1.123940e-01    2.669765e-01
   2.812500e-01    1.231612e+00   -1.112560e-01    2.700148e-01
   2.843750e-01    1.218874e+00   -1.101053e-01    2.730220e-01
   2.875000e-01    1.205994e+00   -1.089419e-01    2.759978e-01
   2.906250e-01    1.192974e+00   -1.077658e-01    2.789418e-01
   2.937500e-01    1.179814e+00   -1.065769e-01    2.818536e-01
   2.968750e-01    1.166512e+00   -1.053754e-01    2.847330e-01
   3.000000e-01    1.153070e+00   -1.041611e-01    2.875796e-01
   3.031250e-01    1.139487e+00   -1.029341e-01    2.903929e-01
   3.062500e-01    1.125764e+00   -1.016944e-01    2.931728e-01
   3.093750e-01    1.111899e+00   -1.004420e-01    2.959189e-01
   3.125000e-01    1.097894e+00   -9.917682e-02    2.986307e-01
   3.156250e-01    1.083748e+00   -9.789896e-02    3.013080e-01
   3.187500e-01    1.069461e+00   -9.660839e-02    3.039503e-01
   3.218750e-01    1.055034e+00   -9.530511e-02    3.065575e-01
   3.250000e-01    1.040466e+00   -9.398911e-02    3.091291e-01
   3.281250e-01    1.025757e+00   -9.266039e-02    3.116647e-01
   3.312500e-01    1.010907e+00   -9.131896e-02    3.141641e-01
   3.343750e-01    9.959166e-01   -8.996482e-02    3.166268e-01
   3.375000e-01    9.807854e-01   -8.859796e-02    3.190526e-01
   3.406250e-01    9.655134e-01   -8.721838e-02    3.214410e-01
   3.437500e-01    9.501006e-01   -8.582609e-02    3.237919e-01
   3.468750e-01    9.345471e-01   -8.442109e-02    3.261047e-01
   3.500000e-01    9.188529e-01   -8.300337e-02    3.283791e-01
   3.531250e-01    9.030179e-01   -8.157293e-02    3.306149e-01
   3.562500e-01    8.870421e-01   -8.012978e-02    3.328116e-01
   3.593750e-01    8.709256e-01   -7.867392e-02    3.349690e-01
   3.625000e-01    8.546683e-01   -7.720534e-02    3.370866e-01
   3.656250e-01    8.382703e-01   -7.572404e-02    3.391642e-01
   3.687500e-01    8.217315e-01   -7.423003e-02    3.412013e-01
   3.718750e-01    8.050519e-01   -7.272331e-02    3.431977e-01
   3.750000e-01    7.882316e-01   -7.120387e-02    3.451529e-01
   3.781250e-01    7.712706e-01   -6.967171e-02    3.470667e-01
   3.812500e-01    7.541688e-01   -6.812684e-02    3.489387e-01
   3.843750e-01    7.369262e-01   -6.656926e-02    3.507685e-01
   3.875000e-01    7.195429e-01   -6.499896e-02    3.525559e-01
   3.906250e-01    7.020188e-01   -6.341595e-02    3.543004e-01
   3.937500e-01    6.843540e-01   -6.182022e-02    3.560018e-01
   3.968750e-01    6.665484e-01   -6.021177e-02    3.576596e-01
   4.000000e-01    6.486020e-01   -5.859061e-02    3.592735e-01
   4.031250e-01    6.305149e-01   -5.695674e-02    3.608432e-01
   4.062500e-01    6.122871e-01   -5.531015e-02    3.623684e-01
   4.093750e-01    5.939185e-01   -5.365084e-02    3.638486e-01
   4.125000e-01    5.754091e-01   -5.197882e-02    3.652836e-01
   4.156250e-01    5.567590e-01   -5.029409e-02    3.666730e-01
   4.187500e-01    5.379681e-01   -4.859664e-02    3.680164e-01
   4.218750e-01    5.190365e-01   -4.688648e-02    3.693135e-01
   4.250000e-01    4.999641e-01   -4.516360e-02    3.705640e-01
   4.281250e-01    4.807509e-01   -4.342800e-02    3.717675e-01
   4.312500e-01    4.613970e-01   -4.167969e-02    3.729237e-01
   4.343750e-01    4.419024e-01   -3.991867e-02    3.740322e-01
   4.375000e-01    4.222669e-01   -3.814493e-02    3.750927e-01
   4.406250e-01    4.024908e-01   -3.635848e-02    3.761049e-01
   4.437500e-01    3.825739e-01   -3.455931e-02    3.770683e-01
   4.468750e-01    3.625162e-01   -3.274742e-02    3.779827e-01
   4.500000e-01    3.423177e-01   -3.092282e-02    3.788476e-01
   4.531250e-01    3.219785e-01   -2.908551e-02    3.796628e-01
   4.562500e-01    3.014986e-01   -2.723548e-02    3.804280e-01
   4.593750e-01    2.808779e-01   -2.537274e-02    3.811426e-01
   4.625000e-01    2.601164e-01   -2.349728e-02    3.818065e-01
   4.656250e-01    2.392142e-01   -2.160910e-02    3.824193e-01
   4.687500e-01    2.181713e-01   -1.970821e-02    3.829806e-01
   4.718750e-01    1.969875e-01   -1.779461e-02    3.834901e-01
   4.750000e-01    1.756631e-01   -1.586829e-02    3.839474e-01
   4.781250e-01    1.541978e-01   -1.392926e-02    3.843522e-01
   4.812500e-01    1.325918e-01   -1.197751e-02    3.847041e-01
   4.843750e-01    1.108451e-01   -1.001304e-02    3.850029e-01
   4.875000e-01    8.895758e-02   -8.035866e-03    3.852481e-01
   4.906250e-01    6.692932e-02   -6.045972e-03    3.854394e-01
   4.937500e-01    4.476030e-02   -4.043363e-03    3.855764e-01
   4.968750e-01    2.245053e-02   -2.028039e-03    3.856589e-01
   5.000000e-01    7.206701e-09   -6.510050e-10    3.856865e-01
