 ------- BEAMDYN V1.00.* INDIVIDUAL BLADE INPUT FILE --------------------------
 Test Format 1
 ---------------------- BLADE PARAMETERS --------------------------------------
30   station_total    - Number of blade input stations (-)
 1   damp_type        - Damping type: 0: no damping; 1: damped
  ---------------------- DAMPING COEFFICIENT------------------------------------
   mu1        mu2        mu3        mu4        mu5        mu6
   (-)        (-)        (-)        (-)        (-)        (-)
	 2.57593e-03 	 1.74690e-03 	 1.74690e-03 	 1.74690e-03 	 2.57593e-03 	 1.74690e-03
 ---------------------- DISTRIBUTED PROPERTIES---------------------------------
	 0.000000 
	 4.6687977950000000e+09 	 7.2172300000000000e+06 	 3.2111000000000000e+04 	 3.2519900000000000e+05 	 9.3162400000000000e+05 	 6.1754658000000000e+07
	 7.2172300000000000e+06 	 4.6860015190000000e+09 	 1.8751400000000000e+05 	 2.4281000000000000e+05 	 -5.2697300000000000e+05 	 -2.1262979000000000e+07
	 3.2111000000000000e+04 	 1.8751400000000000e+05 	 3.1999905825000000e+10 	 -1.8930885000000000e+07 	 3.5295010000000000e+06 	 2.0682000000000000e+05
	 3.2519900000000000e+05 	 2.4281000000000000e+05 	 -1.8930885000000000e+07 	 7.8134540991000000e+10 	 -3.5425707000000000e+07 	 -5.9964000000000000e+04
	 9.3162400000000000e+05 	 -5.2697300000000000e+05 	 3.5295010000000000e+06 	 -3.5425707000000000e+07 	 7.8052502001000000e+10 	 -6.3893800000000000e+05
	 6.1754658000000000e+07 	 -2.1262979000000000e+07 	 2.0682000000000000e+05 	 -5.9964000000000000e+04 	 -6.3893800000000000e+05 	 4.5619413450000000e+10

	 2.2066528811985681e+03 	 0.0000000000000000e+00 	 0.0000000000000000e+00 	 0.0000000000000000e+00 	 4.6480713817685043e-01 	 -1.0396751347901541e+00
	 0.0000000000000000e+00 	 2.2066528811985681e+03 	 0.0000000000000000e+00 	 -4.6480713817685043e-01 	 0.0000000000000000e+00 	 0.0000000000000000e+00
	 0.0000000000000000e+00 	 0.0000000000000000e+00 	 2.2066528811985681e+03 	 1.0396751347901541e+00 	 0.0000000000000000e+00 	 0.0000000000000000e+00
	 0.0000000000000000e+00 	 -4.6480713817685043e-01 	 1.0396751347901541e+00 	 1.0769882159794135e+04 	 0.0000000000000000e+00 	 0.0000000000000000e+00
	 4.6480713817685043e-01 	 0.0000000000000000e+00 	 0.0000000000000000e+00 	 0.0000000000000000e+00 	 5.3878500230304871e+03 	 2.1075439095897321e+00
	 -1.0396751347901541e+00 	 0.0000000000000000e+00 	 0.0000000000000000e+00 	 0.0000000000000000e+00 	 2.1075439095897321e+00 	 5.3820321367636489e+03

	 0.034483 
	 3.5711538797832432e+09 	 1.9657811951605597e+08 	 -2.6665858470641043e+07 	 -9.2906610773962587e+07 	 -4.2542330643480206e+08 	 7.0814511752397835e+08
	 1.9657811951605597e+08 	 3.9575973143662462e+09 	 9.6772287236519247e+07 	 6.6633599336494827e+08 	 9.5318122009351417e+07 	 -3.6952517844661407e+07
	 -2.6665858470641043e+07 	 9.6772287236519247e+07 	 2.6237001442047024e+10 	 -2.5893648617086072e+09 	 1.5217800940934387e+08 	 1.4996946901374288e+07
	 -9.2906610773962587e+07 	 6.6633599336494827e+08 	 -2.5893648617086072e+09 	 5.8805934345621498e+10 	 -3.3908349406063800e+09 	 -2.9392396370695781e+07
	 -4.2542330643480206e+08 	 9.5318122009351417e+07 	 1.5217800940934387e+08 	 -3.3908349406063800e+09 	 5.4825408762161629e+10 	 1.0235231703106313e+09
	 7.0814511752397835e+08 	 -3.6952517844661407e+07 	 1.4996946901374288e+07 	 -2.9392396370695781e+07 	 1.0235231703106313e+09 	 2.7914713821334229e+10

	 1.8078528552255677e+03 	 0.0000000000000000e+00 	 0.0000000000000000e+00 	 0.0000000000000000e+00 	 1.0593967904807709e+01 	 -5.6668403569438851e+01
	 0.0000000000000000e+00 	 1.8078528552255677e+03 	 0.0000000000000000e+00 	 -1.0593967904807709e+01 	 0.0000000000000000e+00 	 0.0000000000000000e+00
	 0.0000000000000000e+00 	 0.0000000000000000e+00 	 1.8078528552255677e+03 	 5.6668403569438851e+01 	 0.0000000000000000e+00 	 0.0000000000000000e+00
	 0.0000000000000000e+00 	 -1.0593967904807709e+01 	 5.6668403569438851e+01 	 7.9037504832397626e+03 	 0.0000000000000000e+00 	 0.0000000000000000e+00
	 1.0593967904807709e+01 	 0.0000000000000000e+00 	 0.0000000000000000e+00 	 0.0000000000000000e+00 	 3.7370047308896237e+03 	 -1.9298416023657597e+02
	 -5.6668403569438851e+01 	 0.0000000000000000e+00 	 0.0000000000000000e+00 	 0.0000000000000000e+00 	 -1.9298416023657597e+02 	 4.1667457523501380e+03

	 0.103448 
	 8.4632907063495326e+08 	 3.7476639499412888e+08 	 -1.4244686157522002e+07 	 4.0598487333401769e+07 	 -2.5443147214229023e+08 	 5.0993273661184406e+08
	 3.7476639499412888e+08 	 2.1175841680091550e+09 	 -4.0517023482405640e+07 	 3.9707545477354652e+08 	 -1.1522344161579460e+08 	 -3.3822305461721659e+07
	 -1.4244686157522002e+07 	 -4.0517023482405640e+07 	 1.7053687063171024e+10 	 -5.3424395668717365e+09 	 1.4098809961655862e+09 	 3.4808326153911662e+08
	 4.0598487333401769e+07 	 3.9707545477354652e+08 	 -5.3424395668717365e+09 	 2.7301252761786499e+10 	 -5.2685204972879333e+09 	 2.9068915119062459e+08
	 -2.5443147214229023e+08 	 -1.1522344161579460e+08 	 1.4098809961655862e+09 	 -5.2685204972879333e+09 	 1.5359515087951412e+10 	 1.0821908338523164e+09
	 5.0993273661184406e+08 	 -3.3822305461721659e+07 	 3.4808326153911662e+08 	 2.9068915119062459e+08 	 1.0821908338523164e+09 	 5.3724770652327328e+09

	 9.8569478182617183e+02 	 0.0000000000000000e+00 	 0.0000000000000000e+00 	 0.0000000000000000e+00 	 -2.1898165545416017e+01 	 -1.6484929587101192e+02
	 0.0000000000000000e+00 	 9.8569478182617183e+02 	 0.0000000000000000e+00 	 2.1898165545416017e+01 	 0.0000000000000000e+00 	 0.0000000000000000e+00
	 0.0000000000000000e+00 	 0.0000000000000000e+00 	 9.8569478182617183e+02 	 1.6484929587101192e+02 	 0.0000000000000000e+00 	 0.0000000000000000e+00
	 0.0000000000000000e+00 	 2.1898165545416017e+01 	 1.6484929587101192e+02 	 2.6146017543351581e+03 	 0.0000000000000000e+00 	 0.0000000000000000e+00
	 -2.1898165545416017e+01 	 0.0000000000000000e+00 	 0.0000000000000000e+00 	 0.0000000000000000e+00 	 7.9097762404752746e+02 	 -3.0647818959647520e+02
	 -1.6484929587101192e+02 	 0.0000000000000000e+00 	 0.0000000000000000e+00 	 0.0000000000000000e+00 	 -3.0647818959647520e+02 	 1.8236241302876306e+03

	 0.172414 
	 5.0026983373137045e+08 	 2.1685299178957629e+08 	 3.5297483847257800e+07 	 1.1092186193565134e+07 	 -6.9584227182186514e+07 	 4.2561174765677470e+08
	 2.1685299178957620e+08 	 1.4456505598274143e+09 	 2.8757580791681834e+07 	 2.1657711581702965e+08 	 -4.9449383055833049e+07 	 -9.1093863522080204e+05
	 3.5297483847257800e+07 	 2.8757580791681834e+07 	 1.4537352346045311e+10 	 -4.5322430369171543e+09 	 7.9044631885325480e+08 	 1.5581642143998677e+08
	 1.1092186193565134e+07 	 2.1657711581702965e+08 	 -4.5322430369171543e+09 	 1.7971887883633423e+10 	 -3.0082770377273946e+09 	 -8.6056475804223623e+06
	 -6.9584227182186514e+07 	 -4.9449383055833049e+07 	 7.9044631885325480e+08 	 -3.0082770377273946e+09 	 7.0594672422687359e+09 	 4.4417189465439640e+07
	 4.2561174765677470e+08 	 -9.1093863522080204e+05 	 1.5581642143998677e+08 	 -8.6056475804223660e+06 	 4.4417189465439640e+07 	 1.8992547707801068e+09

	 6.3552961924469537e+02 	 0.0000000000000000e+00 	 0.0000000000000000e+00 	 0.0000000000000000e+00 	 -4.7378069870026644e+00 	 -9.7713320404796562e+01
	 0.0000000000000000e+00 	 6.3552961924469537e+02 	 0.0000000000000000e+00 	 4.7378069870026644e+00 	 0.0000000000000000e+00 	 0.0000000000000000e+00
	 0.0000000000000000e+00 	 0.0000000000000000e+00 	 6.3552961924469537e+02 	 9.7713320404796562e+01 	 0.0000000000000000e+00 	 0.0000000000000000e+00
	 0.0000000000000000e+00 	 4.7378069870026644e+00 	 9.7713320404796562e+01 	 1.2988430662226174e+03 	 0.0000000000000000e+00 	 0.0000000000000000e+00
	 -4.7378069870026644e+00 	 0.0000000000000000e+00 	 0.0000000000000000e+00 	 0.0000000000000000e+00 	 2.4125820964521833e+02 	 -1.7610979684036678e+02
	 -9.7713320404796562e+01 	 0.0000000000000000e+00 	 0.0000000000000000e+00 	 0.0000000000000000e+00 	 -1.7610979684036678e+02 	 1.0575848565773988e+03

	 0.241379 
	 2.9120382083222210e+08 	 1.0945906091690075e+08 	 -1.1540672348707126e+07 	 1.9360165665097881e+07 	 -3.4616798737559742e+06 	 2.2601520077992806e+08
	 1.0945906091690075e+08 	 9.0051662117134726e+08 	 3.4755714459378585e+07 	 7.6835341530656785e+07 	 -3.7654640735530987e+07 	 3.5927663939140037e+07
	 -1.1540672348707126e+07 	 3.4755714459378585e+07 	 1.3541687226187525e+10 	 -4.5030659225831776e+09 	 5.0418015182884508e+08 	 9.7105381439252004e+07
	 1.9360165665097881e+07 	 7.6835341530656785e+07 	 -4.5030659225831776e+09 	 1.3387988185681036e+10 	 -1.7649102659974616e+09 	 -1.3249497918162581e+07
	 -3.4616798737559742e+06 	 -3.7654640735530987e+07 	 5.0418015182884508e+08 	 -1.7649102659974616e+09 	 4.4457945156086941e+09 	 -8.5834591966205500e+06
	 2.2601520077992806e+08 	 3.5927663939140037e+07 	 9.7105381439252004e+07 	 -1.3249497918162582e+07 	 -8.5834591966205500e+06 	 8.1219093379953468e+08

	 4.5232350735183684e+02 	 0.0000000000000000e+00 	 0.0000000000000000e+00 	 0.0000000000000000e+00 	 6.8021941551630656e+00 	 -4.1289616282396302e+01
	 0.0000000000000000e+00 	 4.5232350735183684e+02 	 0.0000000000000000e+00 	 -6.8021941551630656e+00 	 0.0000000000000000e+00 	 0.0000000000000000e+00
	 0.0000000000000000e+00 	 0.0000000000000000e+00 	 4.5232350735183684e+02 	 4.1289616282396302e+01 	 0.0000000000000000e+00 	 0.0000000000000000e+00
	 0.0000000000000000e+00 	 -6.8021941551630656e+00 	 4.1289616282396302e+01 	 8.1630164720595803e+02 	 0.0000000000000000e+00 	 0.0000000000000000e+00
	 6.8021941551630656e+00 	 0.0000000000000000e+00 	 0.0000000000000000e+00 	 0.0000000000000000e+00 	 1.0852517947747918e+02 	 -9.6820732987986176e+01
	 -4.1289616282396302e+01 	 0.0000000000000000e+00 	 0.0000000000000000e+00 	 0.0000000000000000e+00 	 -9.6820732987986176e+01 	 7.0777646772847879e+02

	 0.310345 
	 2.1085006317778710e+08 	 6.9913384605718628e+07 	 9.1840738755258755e+05 	 2.5550797690415839e+06 	 -1.0291664038263328e+05 	 1.4180990299132070e+08
	 6.9913384605718628e+07 	 7.3541836947972274e+08 	 4.1024977200589837e+06 	 3.3469911570659041e+07 	 -1.0828715298708944e+07 	 4.6239257322710082e+07
	 9.1840738755258755e+05 	 4.1024977200589837e+06 	 1.4292768750971897e+10 	 -4.8917177378696699e+09 	 3.3145938550086625e+07 	 4.6368455685224548e+07
	 2.5550797690415839e+06 	 3.3469911570659041e+07 	 -4.8917177378696699e+09 	 1.1662682894770403e+10 	 -1.0272643747485683e+09 	 -7.8185020531824026e+06
	 -1.0291664038263328e+05 	 -1.0828715298708944e+07 	 3.3145938550086625e+07 	 -1.0272643747485683e+09 	 3.5965697025836535e+09 	 -1.7906408206415381e+07
	 1.4180990299132070e+08 	 4.6239257322710082e+07 	 4.6368455685224548e+07 	 -7.8185020531824026e+06 	 -1.7906408206415381e+07 	 5.1172367622700632e+08

	 4.0667720280760494e+02 	 0.0000000000000000e+00 	 0.0000000000000000e+00 	 0.0000000000000000e+00 	 1.4299796106657974e+01 	 -2.8310631193895709e+01
	 0.0000000000000000e+00 	 4.0667720280760494e+02 	 0.0000000000000000e+00 	 -1.4299796106657974e+01 	 0.0000000000000000e+00 	 0.0000000000000000e+00
	 0.0000000000000000e+00 	 0.0000000000000000e+00 	 4.0667720280760494e+02 	 2.8310631193895709e+01 	 0.0000000000000000e+00 	 0.0000000000000000e+00
	 0.0000000000000000e+00 	 -1.4299796106657974e+01 	 2.8310631193895709e+01 	 6.7458618693189635e+02 	 0.0000000000000000e+00 	 0.0000000000000000e+00
	 1.4299796106657974e+01 	 0.0000000000000000e+00 	 0.0000000000000000e+00 	 0.0000000000000000e+00 	 7.3953696845842032e+01 	 -6.3868789061500486e+01
	 -2.8310631193895709e+01 	 0.0000000000000000e+00 	 0.0000000000000000e+00 	 0.0000000000000000e+00 	 -6.3868789061500486e+01 	 6.0063249008605442e+02

	 0.379310 
	 1.7095928898534244e+08 	 5.4890060762055680e+07 	 -4.8976748498833244e+05 	 4.6443626026387895e+06 	 -9.6135285623662677e+06 	 1.0604580816606124e+08
	 5.4890060762055688e+07 	 6.6178342986911523e+08 	 -6.8168389247559197e+06 	 6.0511400806330048e+07 	 -9.1970611060705781e+06 	 4.4220023382030085e+07
	 -4.8976748498833244e+05 	 -6.8168389247559197e+06 	 1.4999407519018476e+10 	 -4.9397901569918938e+09 	 -1.3540070585607818e+08 	 2.5149852246319130e+07
	 4.6443626026387895e+06 	 6.0511400806330048e+07 	 -4.9397901569918938e+09 	 9.8812003761678295e+09 	 -6.7961368393785954e+08 	 6.1143728397313496e+06
	 -9.6135285623662677e+06 	 -9.1970611060705781e+06 	 -1.3540070585607818e+08 	 -6.7961368393785954e+08 	 3.2610266787569137e+09 	 -3.3541231371633597e+06
	 1.0604580816606124e+08 	 4.4220023382030085e+07 	 2.5149852246319130e+07 	 6.1143728397313496e+06 	 -3.3541231371633587e+06 	 3.8017297375595498e+08

	 3.7719630643546799e+02 	 0.0000000000000000e+00 	 0.0000000000000000e+00 	 0.0000000000000000e+00 	 1.4750231961381713e+01 	 -2.3719609143428915e+01
	 0.0000000000000000e+00 	 3.7719630643546799e+02 	 0.0000000000000000e+00 	 -1.4750231961381713e+01 	 0.0000000000000000e+00 	 0.0000000000000000e+00
	 0.0000000000000000e+00 	 0.0000000000000000e+00 	 3.7719630643546799e+02 	 2.3719609143428915e+01 	 0.0000000000000000e+00 	 0.0000000000000000e+00
	 0.0000000000000000e+00 	 -1.4750231961381713e+01 	 2.3719609143428915e+01 	 5.4735405169309377e+02 	 0.0000000000000000e+00 	 0.0000000000000000e+00
	 1.4750231961381713e+01 	 0.0000000000000000e+00 	 0.0000000000000000e+00 	 0.0000000000000000e+00 	 5.9841379866258940e+01 	 -4.5280201066716351e+01
	 -2.3719609143428915e+01 	 0.0000000000000000e+00 	 0.0000000000000000e+00 	 0.0000000000000000e+00 	 -4.5280201066716351e+01 	 4.8751267182683472e+02

	 0.448276 
	 1.2831978879551223e+08 	 3.8179739010636427e+07 	 -1.2967605052142392e+06 	 5.3261200167628005e+06 	 -1.0275100875290360e+07 	 7.2995587192626745e+07
	 3.8179739010636427e+07 	 5.4920140915232480e+08 	 -1.5715947738645212e+06 	 7.0985023087178588e+07 	 -1.0194605889531277e+07 	 3.3826699548309818e+07
	 -1.2967605052142392e+06 	 -1.5715947738645212e+06 	 1.4401459251144661e+10 	 -4.3956982651200886e+09 	 -2.3896788155495426e+08 	 2.0964221478029046e+07
	 5.3261200167628005e+06 	 7.0985023087178588e+07 	 -4.3956982651200886e+09 	 7.2753601619843998e+09 	 -3.6488067098304451e+08 	 1.1485027456514724e+07
	 -1.0275100875290360e+07 	 -1.0194605889531277e+07 	 -2.3896788155495426e+08 	 -3.6488067098304451e+08 	 2.4691116015560217e+09 	 -1.4575404711677494e+07
	 7.2995587192626745e+07 	 3.3826699548309818e+07 	 2.0964221478029046e+07 	 1.1485027456514724e+07 	 -1.4575404711677494e+07 	 2.4609487178700772e+08

	 3.2822463931971021e+02 	 0.0000000000000000e+00 	 0.0000000000000000e+00 	 0.0000000000000000e+00 	 1.3000304365168120e+01 	 -1.5489933150710323e+01
	 0.0000000000000000e+00 	 3.2822463931971021e+02 	 0.0000000000000000e+00 	 -1.3000304365168120e+01 	 0.0000000000000000e+00 	 0.0000000000000000e+00
	 0.0000000000000000e+00 	 0.0000000000000000e+00 	 3.2822463931971021e+02 	 1.5489933150710323e+01 	 0.0000000000000000e+00 	 0.0000000000000000e+00
	 0.0000000000000000e+00 	 -1.3000304365168120e+01 	 1.5489933150710323e+01 	 3.7557515925349719e+02 	 0.0000000000000000e+00 	 0.0000000000000000e+00
	 1.3000304365168120e+01 	 0.0000000000000000e+00 	 0.0000000000000000e+00 	 0.0000000000000000e+00 	 4.1216942317110309e+01 	 -2.6490769683809106e+01
	 -1.5489933150710323e+01 	 0.0000000000000000e+00 	 0.0000000000000000e+00 	 0.0000000000000000e+00 	 -2.6490769683809106e+01 	 3.3435821693638690e+02

	 0.517241 
	 1.0266310697450289e+08 	 2.5794861394511435e+07 	 -1.1605025282565099e+06 	 3.8736546297338931e+06 	 -1.4632247325605411e+07 	 4.8937813181850038e+07
	 2.5794861394511435e+07 	 4.4415282727571768e+08 	 -9.3243195102575123e+06 	 6.2707048114506207e+07 	 -7.7612341521536009e+06 	 2.4573031954136848e+07
	 -1.1605025282565099e+06 	 -9.3243195102575123e+06 	 1.3028129908519588e+10 	 -3.5361560058047919e+09 	 -1.3544043724617660e+08 	 1.1705379129115866e+07
	 3.8736546297338931e+06 	 6.2707048114506207e+07 	 -3.5361560058047919e+09 	 5.0694536302588577e+09 	 -2.1073814243011007e+08 	 1.0087113200680617e+07
	 -1.4632247325605411e+07 	 -7.7612341521536009e+06 	 -1.3544043724617660e+08 	 -2.1073814243011007e+08 	 1.6665185167779958e+09 	 -1.2023580016037449e+07
	 4.8937813181850038e+07 	 2.4573031954136848e+07 	 1.1705379129115866e+07 	 1.0087113200680617e+07 	 -1.2023580016037449e+07 	 1.5103528305535123e+08

	 2.7106909695732628e+02 	 0.0000000000000000e+00 	 0.0000000000000000e+00 	 0.0000000000000000e+00 	 9.1003280820727035e+00 	 -3.1084752683563313e+00
	 0.0000000000000000e+00 	 2.7106909695732628e+02 	 0.0000000000000000e+00 	 -9.1003280820727035e+00 	 0.0000000000000000e+00 	 0.0000000000000000e+00
	 0.0000000000000000e+00 	 0.0000000000000000e+00 	 2.7106909695732628e+02 	 3.1084752683563313e+00 	 0.0000000000000000e+00 	 0.0000000000000000e+00
	 0.0000000000000000e+00 	 -9.1003280820727035e+00 	 3.1084752683563313e+00 	 2.3897962673508522e+02 	 0.0000000000000000e+00 	 0.0000000000000000e+00
	 9.1003280820727035e+00 	 0.0000000000000000e+00 	 0.0000000000000000e+00 	 0.0000000000000000e+00 	 2.5639806129426582e+01 	 -1.3811413528425279e+01
	 -3.1084752683563313e+00 	 0.0000000000000000e+00 	 0.0000000000000000e+00 	 0.0000000000000000e+00 	 -1.3811413528425279e+01 	 2.1333982060565862e+02

	 0.586207 
	 7.6862142109332025e+07 	 1.3991885612703141e+07 	 1.2466148059220763e+07 	 -8.1863770314104960e+05 	 -1.6084235825433381e+07 	 2.8440970972600706e+07
	 1.3991885612703143e+07 	 3.2923153432005775e+08 	 -4.7675569962514723e+06 	 7.3063748964532942e+07 	 -3.9571943551356518e+06 	 1.5274743701519359e+07
	 1.2466148059220763e+07 	 -4.7675569962514723e+06 	 1.0558774053524866e+10 	 -2.4710048503935533e+09 	 -8.1793419818722323e+07 	 3.2622108260971182e+06
	 -8.1863770314104960e+05 	 7.3063748964532942e+07 	 -2.4710048503935533e+09 	 3.1856574374569025e+09 	 -9.6048287099696949e+07 	 8.0900429419369744e+06
	 -1.6084235825433381e+07 	 -3.9571943551356518e+06 	 -8.1793419818722323e+07 	 -9.6048287099696949e+07 	 9.7635656787642634e+08 	 -9.1387423586555645e+06
	 2.8440970972600706e+07 	 1.5274743701519359e+07 	 3.2622108260971191e+06 	 8.0900429419369744e+06 	 -9.1387423586555645e+06 	 8.5277663162972748e+07

	 2.0650278560704700e+02 	 0.0000000000000000e+00 	 0.0000000000000000e+00 	 0.0000000000000000e+00 	 5.8778765371636981e+00 	 3.7912687671327268e+00
	 0.0000000000000000e+00 	 2.0650278560704700e+02 	 0.0000000000000000e+00 	 -5.8778765371636981e+00 	 0.0000000000000000e+00 	 0.0000000000000000e+00
	 0.0000000000000000e+00 	 0.0000000000000000e+00 	 2.0650278560704700e+02 	 -3.7912687671327268e+00 	 0.0000000000000000e+00 	 0.0000000000000000e+00
	 0.0000000000000000e+00 	 -5.8778765371636981e+00 	 -3.7912687671327268e+00 	 1.4170321513414291e+02 	 0.0000000000000000e+00 	 0.0000000000000000e+00
	 5.8778765371636981e+00 	 0.0000000000000000e+00 	 0.0000000000000000e+00 	 0.0000000000000000e+00 	 1.4247480364793457e+01 	 -6.1857685898378207e+00
	 3.7912687671327268e+00 	 0.0000000000000000e+00 	 0.0000000000000000e+00 	 0.0000000000000000e+00 	 -6.1857685898378207e+00 	 1.2745573476934945e+02

	 0.655172 
	 4.5399622203186519e+07 	 1.3935543228962321e+06 	 1.5846799805836407e+06 	 3.4379252025793394e+05 	 -9.5845974676530715e+06 	 1.3777758178286966e+07
	 1.3935543228962326e+06 	 2.2932322357996172e+08 	 -1.6045474946727766e+07 	 3.8070641226968102e+07 	 -1.3528832077260655e+06 	 7.9680309930824712e+06
	 1.5846799805836407e+06 	 -1.6045474946727766e+07 	 7.2954247590396805e+09 	 -1.3982366214206359e+09 	 -1.3234177682221034e+08 	 1.7283533521648468e+06
	 3.4379252025793394e+05 	 3.8070641226968102e+07 	 -1.3982366214206359e+09 	 1.5859355407629561e+09 	 -2.6429427526690834e+06 	 2.8621338532182612e+06
	 -9.5845974676530715e+06 	 -1.3528832077260655e+06 	 -1.3234177682221034e+08 	 -2.6429427526690834e+06 	 4.8041803802714145e+08 	 -7.2278589196387166e+05
	 1.3777758178286966e+07 	 7.9680309930824712e+06 	 1.7283533521648468e+06 	 2.8621338532182612e+06 	 -7.2278589196387120e+05 	 3.8774592398120239e+07

	 1.3942954917494251e+02 	 0.0000000000000000e+00 	 0.0000000000000000e+00 	 0.0000000000000000e+00 	 3.9116580938441441e+00 	 3.9825235654268414e+00
	 0.0000000000000000e+00 	 1.3942954917494251e+02 	 0.0000000000000000e+00 	 -3.9116580938441441e+00 	 0.0000000000000000e+00 	 0.0000000000000000e+00
	 0.0000000000000000e+00 	 0.0000000000000000e+00 	 1.3942954917494251e+02 	 -3.9825235654268414e+00 	 0.0000000000000000e+00 	 0.0000000000000000e+00
	 0.0000000000000000e+00 	 -3.9116580938441441e+00 	 -3.9825235654268414e+00 	 7.0979749103278778e+01 	 0.0000000000000000e+00 	 0.0000000000000000e+00
	 3.9116580938441441e+00 	 0.0000000000000000e+00 	 0.0000000000000000e+00 	 0.0000000000000000e+00 	 6.8664107148667046e+00 	 -1.9690597837129757e+00
	 3.9825235654268414e+00 	 0.0000000000000000e+00 	 0.0000000000000000e+00 	 0.0000000000000000e+00 	 -1.9690597837129757e+00 	 6.4113338388412089e+01

	 0.724138 
	 2.6394403276648082e+07 	 -1.7812896501571187e+06 	 1.2779685949751877e+06 	 -6.4722425798552367e+05 	 -6.1022166578856371e+06 	 6.4149283634573678e+06
	 -1.7812896501571189e+06 	 1.2404226999752091e+08 	 -1.1282313394020908e+07 	 2.5062205028207377e+07 	 -1.5783052696448093e+05 	 4.0685278032160718e+06
	 1.2779685949751877e+06 	 -1.1282313394020908e+07 	 4.8554785252512226e+09 	 -6.5545259584495413e+08 	 -9.1945228057217032e+07 	 9.3471776322492037e+05
	 -6.4722425798552367e+05 	 2.5062205028207377e+07 	 -6.5545259584495413e+08 	 7.2506872759055209e+08 	 1.2771634470358282e+07 	 1.8543456042761086e+06
	 -6.1022166578856371e+06 	 -1.5783052696448093e+05 	 -9.1945228057217032e+07 	 1.2771634470358282e+07 	 2.1816558013642064e+08 	 -2.2165698919584947e+06
	 6.4149283634573678e+06 	 4.0685278032160718e+06 	 9.3471776322492037e+05 	 1.8543456042761086e+06 	 -2.2165698919584947e+06 	 1.5655805213549268e+07

	 8.8567998928690557e+01 	 0.0000000000000000e+00 	 0.0000000000000000e+00 	 0.0000000000000000e+00 	 2.0652660511686709e+00 	 4.0202099341393298e+00
	 0.0000000000000000e+00 	 8.8567998928690557e+01 	 0.0000000000000000e+00 	 -2.0652660511686709e+00 	 0.0000000000000000e+00 	 0.0000000000000000e+00
	 0.0000000000000000e+00 	 0.0000000000000000e+00 	 8.8567998928690557e+01 	 -4.0202099341393298e+00 	 0.0000000000000000e+00 	 0.0000000000000000e+00
	 0.0000000000000000e+00 	 -2.0652660511686709e+00 	 -4.0202099341393298e+00 	 3.2654137150228685e+01 	 0.0000000000000000e+00 	 0.0000000000000000e+00
	 2.0652660511686709e+00 	 0.0000000000000000e+00 	 0.0000000000000000e+00 	 0.0000000000000000e+00 	 2.9792998995721653e+00 	 -3.5640965205470015e-01
	 4.0202099341393298e+00 	 0.0000000000000000e+00 	 0.0000000000000000e+00 	 0.0000000000000000e+00 	 -3.5640965205470015e-01 	 2.9674837250656523e+01

	 0.793103 
	 1.8203328613129582e+07 	 -4.6890241757581448e+06 	 -5.5302657365458123e+06 	 1.1392210608282190e+04 	 -2.7696963972590207e+06 	 2.6643463217875534e+06
	 -4.6890241757581448e+06 	 7.9196240071497113e+07 	 -5.7514929339448782e+06 	 1.2369390082957992e+07 	 -1.4891856898508029e+05 	 2.5900286524477801e+06
	 -5.5302657365458123e+06 	 -5.7514929339448782e+06 	 3.1793392952665181e+09 	 -2.2299326347014612e+08 	 -7.5400219617761776e+07 	 5.8857568690160662e+05
	 1.1392210608282190e+04 	 1.2369390082957992e+07 	 -2.2299326347014612e+08 	 3.1722532384187478e+08 	 1.3678262772414450e+07 	 7.8416061337073054e+05
	 -2.7696963972590207e+06 	 -1.4891856898508029e+05 	 -7.5400219617761776e+07 	 1.3678262772414450e+07 	 8.6762465502676532e+07 	 -5.9261649094740022e+05
	 2.6643463217875534e+06 	 2.5900286524477801e+06 	 5.8857568690160662e+05 	 7.8416061337073054e+05 	 -5.9261649094740022e+05 	 6.8462361545036649e+06

	 6.1375670446154494e+01 	 0.0000000000000000e+00 	 0.0000000000000000e+00 	 0.0000000000000000e+00 	 1.2525050117795040e+00 	 5.3778370744344102e+00
	 0.0000000000000000e+00 	 6.1375670446154494e+01 	 0.0000000000000000e+00 	 -1.2525050117795040e+00 	 0.0000000000000000e+00 	 0.0000000000000000e+00
	 0.0000000000000000e+00 	 0.0000000000000000e+00 	 6.1375670446154494e+01 	 -5.3778370744344102e+00 	 0.0000000000000000e+00 	 0.0000000000000000e+00
	 0.0000000000000000e+00 	 -1.2525050117795040e+00 	 -5.3778370744344102e+00 	 1.5716000634052792e+01 	 0.0000000000000000e+00 	 0.0000000000000000e+00
	 1.2525050117795040e+00 	 0.0000000000000000e+00 	 0.0000000000000000e+00 	 0.0000000000000000e+00 	 1.2144761854225123e+00 	 1.9794514795454873e-01
	 5.3778370744344102e+00 	 0.0000000000000000e+00 	 0.0000000000000000e+00 	 0.0000000000000000e+00 	 1.9794514795454873e-01 	 1.4501524448630281e+01

	 0.862069 
	 8.6823415105666667e+06 	 -2.3473426275129658e+06 	 8.1681479189707170e+03 	 -3.7498858873254410e+05 	 -2.0641520824920321e+06 	 7.4389950714011828e+05
	 -2.3473426275129663e+06 	 4.4826222239136629e+07 	 -4.7879409382977700e+06 	 8.0222832004105197e+06 	 4.2466414552783174e+05 	 1.6887946510671456e+06
	 8.1681479189707170e+03 	 -4.7879409382977700e+06 	 1.7315216826187172e+09 	 -3.6086680606937982e+07 	 -4.4608465164175406e+07 	 -2.0482293671653394e+05
	 -3.7498858873254410e+05 	 8.0222832004105197e+06 	 -3.6086680606937982e+07 	 1.1935033425378786e+08 	 7.0499120709551470e+06 	 3.0723033414899302e+05
	 -2.0641520824920321e+06 	 4.2466414552783174e+05 	 -4.4608465164175406e+07 	 7.0499120709551470e+06 	 2.7061318820276245e+07 	 -1.2361337046272724e+05
	 7.4389950714011828e+05 	 1.6887946510671456e+06 	 -2.0482293671653396e+05 	 3.0723033414899302e+05 	 -1.2361337046272724e+05 	 2.3914975023623030e+06

	 3.9225813664654765e+01 	 0.0000000000000000e+00 	 0.0000000000000000e+00 	 0.0000000000000000e+00 	 7.2537735044676432e-01 	 4.1728708645136239e+00
	 0.0000000000000000e+00 	 3.9225813664654765e+01 	 0.0000000000000000e+00 	 -7.2537735044676432e-01 	 0.0000000000000000e+00 	 0.0000000000000000e+00
	 0.0000000000000000e+00 	 0.0000000000000000e+00 	 3.9225813664654765e+01 	 -4.1728708645136239e+00 	 0.0000000000000000e+00 	 0.0000000000000000e+00
	 0.0000000000000000e+00 	 -7.2537735044676432e-01 	 -4.1728708645136239e+00 	 6.4677199740492117e+00 	 0.0000000000000000e+00 	 0.0000000000000000e+00
	 7.2537735044676432e-01 	 0.0000000000000000e+00 	 0.0000000000000000e+00 	 0.0000000000000000e+00 	 4.1541025296059048e-01 	 1.9790862042225479e-01
	 4.1728708645136239e+00 	 0.0000000000000000e+00 	 0.0000000000000000e+00 	 0.0000000000000000e+00 	 1.9790862042225479e-01 	 6.0523097210886219e+00

	 0.931034 
	 3.6913679350237399e+06 	 -1.1074387720599712e+06 	 -1.0097812563768236e+05 	 -1.6251110369757048e+05 	 -4.9167583038049983e+05 	 1.1716348125754892e+05
	 -1.1074387720599715e+06 	 2.0054519724014740e+07 	 -2.5909572126708977e+05 	 2.9517525877491501e+06 	 1.6162298669510474e+05 	 6.4619821655813861e+05
	 -1.0097812563768236e+05 	 -2.5909572126708977e+05 	 9.7077121421669447e+08 	 -3.3820106655859726e+05 	 -2.0325471615269970e+07 	 -5.3898775032447687e+04
	 -1.6251110369757048e+05 	 2.9517525877491501e+06 	 -3.3820106655859726e+05 	 3.5129290215623617e+07 	 2.0832619375142539e+06 	 8.5453468227529200e+04
	 -4.9167583038049983e+05 	 1.6162298669510474e+05 	 -2.0325471615269970e+07 	 2.0832619375142539e+06 	 6.7605846441104980e+06 	 -2.0787819059346381e+04
	 1.1716348125754892e+05 	 6.4619821655813861e+05 	 -5.3898775032447687e+04 	 8.5453468227529200e+04 	 -2.0787819059346388e+04 	 6.2430473882816418e+05

	 2.3460089287687836e+01 	 0.0000000000000000e+00 	 0.0000000000000000e+00 	 0.0000000000000000e+00 	 3.5463277794963222e-01 	 1.9713580495585288e+00
	 0.0000000000000000e+00 	 2.3460089287687836e+01 	 0.0000000000000000e+00 	 -3.5463277794963222e-01 	 0.0000000000000000e+00 	 0.0000000000000000e+00
	 0.0000000000000000e+00 	 0.0000000000000000e+00 	 2.3460089287687836e+01 	 -1.9713580495585288e+00 	 0.0000000000000000e+00 	 0.0000000000000000e+00
	 0.0000000000000000e+00 	 -3.5463277794963222e-01 	 -1.9713580495585288e+00 	 1.9191646542826886e+00 	 0.0000000000000000e+00 	 0.0000000000000000e+00
	 3.5463277794963222e-01 	 0.0000000000000000e+00 	 0.0000000000000000e+00 	 0.0000000000000000e+00 	 1.0978087271944485e-01 	 6.5961373708887050e-02
	 1.9713580495585288e+00 	 0.0000000000000000e+00 	 0.0000000000000000e+00 	 0.0000000000000000e+00 	 6.5961373708887050e-02 	 1.8093837815632436e+00

	 0.982759 
	 6.7419169559529098e+05 	 -6.4174555342723627e+05 	 5.4812365118945301e+04 	 -5.6436450371209641e+04 	 -1.0231412888996160e+05 	 1.5608068446921676e+04
	 -6.4174555342723627e+05 	 1.3715721876381217e+07 	 -7.8477051718570513e+05 	 1.1103625040883315e+06 	 7.5684440059844273e+04 	 2.6891623490447650e+05
	 5.4812365118945301e+04 	 -7.8477051718570513e+05 	 3.6014075327292484e+08 	 1.4518827617827056e+07 	 -4.8636572650029240e+06 	 7.2988405816180340e+05
	 -5.6436450371209641e+04 	 1.1103625040883315e+06 	 1.4518827617827056e+07 	 7.7947548825222645e+06 	 2.6492789020263054e+05 	 6.3876424229716300e+04
	 -1.0231412888996160e+05 	 7.5684440059844273e+04 	 -4.8636572650029240e+06 	 2.6492789020263054e+05 	 8.9403743979216297e+05 	 -2.3180078621611337e+04
	 1.5608068446921676e+04 	 2.6891623490447650e+05 	 7.2988405816180340e+05 	 6.3876424229716300e+04 	 -2.3180078621611337e+04 	 1.2484160761284790e+05

	 9.9459103820528600e+00 	 0.0000000000000000e+00 	 0.0000000000000000e+00 	 0.0000000000000000e+00 	 8.9914319038848223e-02 	 9.1002838456795154e-01
	 0.0000000000000000e+00 	 9.9459103820528600e+00 	 0.0000000000000000e+00 	 -8.9914319038848223e-02 	 0.0000000000000000e+00 	 0.0000000000000000e+00
	 0.0000000000000000e+00 	 0.0000000000000000e+00 	 9.9459103820528600e+00 	 -9.1002838456795154e-01 	 0.0000000000000000e+00 	 0.0000000000000000e+00
	 0.0000000000000000e+00 	 -8.9914319038848223e-02 	 -9.1002838456795154e-01 	 4.2145568881060180e-01 	 0.0000000000000000e+00 	 0.0000000000000000e+00
	 8.9914319038848223e-02 	 0.0000000000000000e+00 	 0.0000000000000000e+00 	 0.0000000000000000e+00 	 1.7903107226175118e-02 	 1.2872059964289763e-02
	 9.1002838456795154e-01 	 0.0000000000000000e+00 	 0.0000000000000000e+00 	 0.0000000000000000e+00 	 1.2872059964289763e-02 	 4.0355258158442670e-01

	 0.568966 
	 8.8332988947040945e+07 	 1.4770095207528403e+07 	 5.6517106356605804e+06 	 -1.3817419490585381e+06 	 -3.7149888464086466e+06 	 3.5917599973595083e+07
	 1.4770095207528399e+07 	 3.7469810712600553e+08 	 -5.4566283130114833e+06 	 1.6601115336044729e+07 	 -9.1194669991130289e+05 	 1.7607474161198989e+07
	 5.6517106356605804e+06 	 -5.4566283130114833e+06 	 1.1534922029603855e+10 	 -2.7770305092483206e+09 	 -1.8761371791066933e+08 	 7.3416790443740673e+06
	 -1.3817419490585381e+06 	 1.6601115336044729e+07 	 -2.7770305092483206e+09 	 3.7396345963797045e+09 	 -9.2557614227818578e+07 	 9.0701298688043654e+06
	 -3.7149888464086466e+06 	 -9.1194669991130289e+05 	 -1.8761371791066933e+08 	 -9.2557614227818578e+07 	 1.1513979747534375e+09 	 -3.7697353012895025e+06
	 3.5917599973595083e+07 	 1.7607474161198989e+07 	 7.3416790443740683e+06 	 9.0701298688043654e+06 	 -3.7697353012895025e+06 	 1.0305906104120435e+08

	 2.2527852798859553e+02 	 0.0000000000000000e+00 	 0.0000000000000000e+00 	 0.0000000000000000e+00 	 7.5682618091025029e+00 	 4.7088494502582474e+00
	 0.0000000000000000e+00 	 2.2527852798859553e+02 	 0.0000000000000000e+00 	 -7.5682618091025029e+00 	 0.0000000000000000e+00 	 0.0000000000000000e+00
	 0.0000000000000000e+00 	 0.0000000000000000e+00 	 2.2527852798859553e+02 	 -4.7088494502582474e+00 	 0.0000000000000000e+00 	 0.0000000000000000e+00
	 0.0000000000000000e+00 	 -7.5682618091025029e+00 	 -4.7088494502582474e+00 	 1.6520401117091760e+02 	 0.0000000000000000e+00 	 0.0000000000000000e+00
	 7.5682618091025029e+00 	 0.0000000000000000e+00 	 0.0000000000000000e+00 	 0.0000000000000000e+00 	 1.6688519277511237e+01 	 -7.4456023872976100e+00
	 4.7088494502582474e+00 	 0.0000000000000000e+00 	 0.0000000000000000e+00 	 0.0000000000000000e+00 	 -7.4456023872976100e+00 	 1.4851549189340636e+02

	 0.603448 
	 7.4606129416628674e+07 	 1.0648114551168570e+07 	 1.0171631724619629e+06 	 7.1537419194725633e+05 	 -5.7476833932255609e+06 	 2.5629287060948420e+07
	 1.0648114551168572e+07 	 3.2011022092963517e+08 	 -1.6325521681066789e+06 	 3.2809725446844317e+07 	 -1.9577063113466196e+06 	 1.2541369205648400e+07
	 1.0171631724619629e+06 	 -1.6325521681066789e+06 	 9.7527400321931553e+09 	 -2.2148565334730220e+09 	 -3.8338569527571839e+06 	 -2.8142880852650832e+06
	 7.1537419194725633e+05 	 3.2809725446844317e+07 	 -2.2148565334730220e+09 	 2.6935475269652243e+09 	 -9.2333783938036174e+07 	 6.6316169213181259e+06
	 -5.7476833932255609e+06 	 -1.9577063113466196e+06 	 -3.8338569527571844e+06 	 -9.2333783938036174e+07 	 8.1851075674294627e+08 	 -9.5469866737259310e+06
	 2.5629287060948420e+07 	 1.2541369205648400e+07 	 -2.8142880852650832e+06 	 6.6316169213181259e+06 	 -9.5469866737259310e+06 	 7.3319572928720623e+07

	 1.8772704302872506e+02 	 0.0000000000000000e+00 	 0.0000000000000000e+00 	 0.0000000000000000e+00 	 4.1874912588660234e+00 	 2.8736880800167426e+00
	 0.0000000000000000e+00 	 1.8772704302872506e+02 	 0.0000000000000000e+00 	 -4.1874912588660234e+00 	 0.0000000000000000e+00 	 0.0000000000000000e+00
	 0.0000000000000000e+00 	 0.0000000000000000e+00 	 1.8772704302872506e+02 	 -2.8736880800167426e+00 	 0.0000000000000000e+00 	 0.0000000000000000e+00
	 0.0000000000000000e+00 	 -4.1874912588660234e+00 	 -2.8736880800167426e+00 	 1.1820241895537917e+02 	 0.0000000000000000e+00 	 0.0000000000000000e+00
	 4.1874912588660234e+00 	 0.0000000000000000e+00 	 0.0000000000000000e+00 	 0.0000000000000000e+00 	 1.1806441437747468e+01 	 -4.9259347860256861e+00
	 2.8736880800167426e+00 	 0.0000000000000000e+00 	 0.0000000000000000e+00 	 0.0000000000000000e+00 	 -4.9259347860256861e+00 	 1.0639597751763172e+02

	 0.637931 
	 5.2715142844312802e+07 	 4.4644310176918786e+06 	 -5.3274530995470285e+06 	 1.8242620115196332e+06 	 -2.7805234420222524e+06 	 1.6878147226463757e+07
	 4.4644310176918814e+06 	 2.6939530774410719e+08 	 -8.5145490298380516e+06 	 1.4323564648694484e+07 	 -1.5278596152268793e+06 	 1.0426982819183212e+07
	 -5.3274530995470285e+06 	 -8.5145490298380516e+06 	 7.9535537516451197e+09 	 -1.6440341619254751e+09 	 -1.5050700198993072e+08 	 1.3391657598153891e+06
	 1.8242620115196332e+06 	 1.4323564648694484e+07 	 -1.6440341619254751e+09 	 1.8516639393719175e+09 	 -8.7504226319760438e+06 	 1.7762552696427905e+06
	 -2.7805234420222524e+06 	 -1.5278596152268793e+06 	 -1.5050700198993072e+08 	 -8.7504226319760438e+06 	 5.6943172494511580e+08 	 4.6686795738496576e+06
	 1.6878147226463757e+07 	 1.0426982819183212e+07 	 1.3391657598153891e+06 	 1.7762552696427908e+06 	 4.6686795738496576e+06 	 4.7861802628312603e+07

	 1.5182877835608514e+02 	 0.0000000000000000e+00 	 0.0000000000000000e+00 	 0.0000000000000000e+00 	 4.3966847975940615e+00 	 3.2610367455847662e+00
	 0.0000000000000000e+00 	 1.5182877835608514e+02 	 0.0000000000000000e+00 	 -4.3966847975940615e+00 	 0.0000000000000000e+00 	 0.0000000000000000e+00
	 0.0000000000000000e+00 	 0.0000000000000000e+00 	 1.5182877835608514e+02 	 -3.2610367455847662e+00 	 0.0000000000000000e+00 	 0.0000000000000000e+00
	 0.0000000000000000e+00 	 -4.3966847975940615e+00 	 -3.2610367455847662e+00 	 8.1913284404021795e+01 	 0.0000000000000000e+00 	 0.0000000000000000e+00
	 4.3966847975940615e+00 	 0.0000000000000000e+00 	 0.0000000000000000e+00 	 0.0000000000000000e+00 	 8.0939699162296819e+00 	 -2.5050112917161216e+00
	 3.2610367455847662e+00 	 0.0000000000000000e+00 	 0.0000000000000000e+00 	 0.0000000000000000e+00 	 -2.5050112917161216e+00 	 7.3819314487792127e+01

	 0.672414 
	 3.7687883196882784e+07 	 3.7033166094906740e+06 	 4.4562110364456913e+06 	 -7.0686679815343965e+05 	 -2.7718702773730061e+06 	 1.2186320484840725e+07
	 3.7033166094906726e+06 	 2.2306041924270466e+08 	 -5.9557081886578640e+06 	 1.6786891438161004e+07 	 -3.1070400149770407e+05 	 8.9855384841310512e+06
	 4.4562110364456913e+06 	 -5.9557081886578640e+06 	 6.7456247994034472e+09 	 -1.1956796618795307e+09 	 -1.1734414385997865e+08 	 2.0320823599206281e+06
	 -7.0686679815343965e+05 	 1.6786891438161004e+07 	 -1.1956796618795307e+09 	 1.3445745534647913e+09 	 3.6555526616477701e+06 	 3.6125530883355173e+06
	 -2.7718702773730061e+06 	 -3.1070400149770407e+05 	 -1.1734414385997865e+08 	 3.6555526616477701e+06 	 3.9838763665158015e+08 	 -3.1677796992572425e+06
	 1.2186320484840725e+07 	 8.9855384841310512e+06 	 2.0320823599206281e+06 	 3.6125530883355173e+06 	 -3.1677796992572425e+06 	 3.2709732735054024e+07

	 1.2703031985541659e+02 	 0.0000000000000000e+00 	 0.0000000000000000e+00 	 0.0000000000000000e+00 	 3.4266313862560169e+00 	 4.7040103809707716e+00
	 0.0000000000000000e+00 	 1.2703031985541659e+02 	 0.0000000000000000e+00 	 -3.4266313862560169e+00 	 0.0000000000000000e+00 	 0.0000000000000000e+00
	 0.0000000000000000e+00 	 0.0000000000000000e+00 	 1.2703031985541659e+02 	 -4.7040103809707716e+00 	 0.0000000000000000e+00 	 0.0000000000000000e+00
	 0.0000000000000000e+00 	 -3.4266313862560169e+00 	 -4.7040103809707716e+00 	 6.0046213733569999e+01 	 0.0000000000000000e+00 	 0.0000000000000000e+00
	 3.4266313862560169e+00 	 0.0000000000000000e+00 	 0.0000000000000000e+00 	 0.0000000000000000e+00 	 5.6388515068863940e+00 	 -1.4331082738710701e+00
	 4.7040103809707716e+00 	 0.0000000000000000e+00 	 0.0000000000000000e+00 	 0.0000000000000000e+00 	 -1.4331082738710701e+00 	 5.4407362226683610e+01

	 0.706897 
	 3.1230195645856272e+07 	 -1.3803113296451420e+05 	 -4.3800549218958989e+06 	 8.7009520649543905e+05 	 -2.1540545779190334e+06 	 8.2363588107157480e+06
	 -1.3803113296451498e+05 	 1.5289131986720893e+08 	 -4.5015156018259795e+06 	 1.3096283673712309e+07 	 -7.2825931300615007e+05 	 5.7345664518015124e+06
	 -4.3800549218958989e+06 	 -4.5015156018259795e+06 	 5.4477026302376432e+09 	 -8.2531840898550010e+08 	 -1.0681701477624546e+08 	 8.7882928953981586e+05
	 8.7009520649543905e+05 	 1.3096283673712309e+07 	 -8.2531840898550010e+08 	 8.8465294240078664e+08 	 1.3669561104500700e+07 	 1.3961105434526466e+06
	 -2.1540545779190334e+06 	 -7.2825931300615007e+05 	 -1.0681701477624546e+08 	 1.3669561104500700e+07 	 2.6708607454016069e+08 	 -2.2652565685468153e+06
	 8.2363588107157480e+06 	 5.7345664518015124e+06 	 8.7882928953981586e+05 	 1.3961105434526466e+06 	 -2.2652565685468153e+06 	 2.0218000023444273e+07

	 9.7963150877987658e+01 	 0.0000000000000000e+00 	 0.0000000000000000e+00 	 0.0000000000000000e+00 	 2.3719308229125944e+00 	 3.5977523808645038e+00
	 0.0000000000000000e+00 	 9.7963150877987658e+01 	 0.0000000000000000e+00 	 -2.3719308229125944e+00 	 0.0000000000000000e+00 	 0.0000000000000000e+00
	 0.0000000000000000e+00 	 0.0000000000000000e+00 	 9.7963150877987658e+01 	 -3.5977523808645038e+00 	 0.0000000000000000e+00 	 0.0000000000000000e+00
	 0.0000000000000000e+00 	 -2.3719308229125944e+00 	 -3.5977523808645038e+00 	 3.8886868151862210e+01 	 0.0000000000000000e+00 	 0.0000000000000000e+00
	 2.3719308229125944e+00 	 0.0000000000000000e+00 	 0.0000000000000000e+00 	 0.0000000000000000e+00 	 3.6298126159885360e+00 	 -5.8975253909969172e-01
	 3.5977523808645038e+00 	 0.0000000000000000e+00 	 0.0000000000000000e+00 	 0.0000000000000000e+00 	 -5.8975253909969172e-01 	 3.5257055535873668e+01

	 0.741379 
	 2.6143306569466393e+07 	 6.0188934511708598e+04 	 5.0758094476094227e+06 	 -9.2020090807243355e+05 	 -2.2463152738826829e+06 	 5.6290356463639438e+06
	 6.0188934511707303e+04 	 1.1201999507997853e+08 	 -6.0899151483221585e+06 	 7.6210216960284496e+06 	 9.2520036948227294e+04 	 4.3206256593934726e+06
	 5.0758094476094227e+06 	 -6.0899151483221585e+06 	 4.3871622952432442e+09 	 -5.2222839817655230e+08 	 -8.0582389902617261e+07 	 1.0348754581581886e+06
	 -9.2020090807243355e+05 	 7.6210216960284496e+06 	 -5.2222839817655230e+08 	 5.8216339196126056e+08 	 1.2644875457891518e+07 	 2.1719922760224566e+06
	 -2.2463152738826829e+06 	 9.2520036948227294e+04 	 -8.0582389902617261e+07 	 1.2644875457891518e+07 	 1.7303288112206173e+08 	 -1.1562627292481882e+06
