 ------- BEAMDYN V1.00.* INDIVIDUAL BLADE INPUT FILE --------------------------
 Test Format 1
 ---------------------- BLADE PARAMETERS --------------------------------------
29   station_total    - Number of blade input stations (-)
 1   damp_type        - Damping type: 0: no damping; 1: damped
  ---------------------- DAMPING COEFFICIENT------------------------------------
   mu1        mu2        mu3        mu4        mu5        mu6
   (-)        (-)        (-)        (-)        (-)        (-)
	 2.57593e-03 	 1.74690e-03 	 1.74690e-03 	 1.74690e-03 	 2.57593e-03 	 1.74690e-03
 ---------------------- DISTRIBUTED PROPERTIES---------------------------------
	 0.000000 
	 4.6687977950000000e+09 	 7.2172300000000000e+06 	 3.2111000000000000e+04 	 3.2519900000000000e+05 	 9.3162400000000000e+05 	 6.1754658000000000e+07
	 7.2172300000000000e+06 	 4.6860015190000000e+09 	 1.8751400000000000e+05 	 2.4281000000000000e+05 	 -5.2697300000000000e+05 	 -2.1262979000000000e+07
	 3.2111000000000000e+04 	 1.8751400000000000e+05 	 3.1999905825000000e+10 	 -1.8930885000000000e+07 	 3.5295010000000000e+06 	 2.0682000000000000e+05
	 3.2519900000000000e+05 	 2.4281000000000000e+05 	 -1.8930885000000000e+07 	 7.8134540991000000e+10 	 -3.5425707000000000e+07 	 -5.9964000000000000e+04
	 9.3162400000000000e+05 	 -5.2697300000000000e+05 	 3.5295010000000000e+06 	 -3.5425707000000000e+07 	 7.8052502001000000e+10 	 -6.3893800000000000e+05
	 6.1754658000000000e+07 	 -2.1262979000000000e+07 	 2.0682000000000000e+05 	 -5.9964000000000000e+04 	 -6.3893800000000000e+05 	 4.5619413450000000e+10

	 2.2066528811985681e+03 	 0.0000000000000000e+00 	 0.0000000000000000e+00 	 0.0000000000000000e+00 	 4.6480713817685043e-01 	 -1.0396751347901541e+00
	 0.0000000000000000e+00 	 2.2066528811985681e+03 	 0.0000000000000000e+00 	 -4.6480713817685043e-01 	 0.0000000000000000e+00 	 0.0000000000000000e+00
	 0.0000000000000000e+00 	 0.0000000000000000e+00 	 2.2066528811985681e+03 	 1.0396751347901541e+00 	 0.0000000000000000e+00 	 0.0000000000000000e+00
	 0.0000000000000000e+00 	 -4.6480713817685043e-01 	 1.0396751347901541e+00 	 1.0769882159794135e+04 	 0.0000000000000000e+00 	 0.0000000000000000e+00
	 4.6480713817685043e-01 	 0.0000000000000000e+00 	 0.0000000000000000e+00 	 0.0000000000000000e+00 	 5.3878500230304871e+03 	 2.1075439095897321e+00
	 -1.0396751347901541e+00 	 0.0000000000000000e+00 	 0.0000000000000000e+00 	 0.0000000000000000e+00 	 2.1075439095897321e+00 	 5.3820321367636489e+03

	 0.068966 
	 1.8584870950000000e+09 	 3.6620846600000000e+08 	 -1.8637700000000000e+05 	 1.6059250000000000e+06 	 2.9981550000000000e+06 	 5.6470942700000000e+08
	 3.6620846600000000e+08 	 3.0665659190000000e+09 	 -1.5883120000000000e+06 	 4.2773660000000000e+06 	 -2.9431460000000000e+06 	 -7.3234418000000000e+07
	 -1.8637700000000000e+05 	 -1.5883120000000000e+06 	 1.9081409556000000e+10 	 -3.9723069960000000e+09 	 1.0532872460000000e+09 	 8.4724400000000000e+05
	 1.6059250000000000e+06 	 4.2773660000000000e+06 	 -3.9723069960000000e+09 	 3.8015403514000000e+10 	 -5.5866420640000000e+09 	 1.8556000000000000e+04
	 2.9981550000000000e+06 	 -2.9431460000000000e+06 	 1.0532872460000000e+09 	 -5.5866420640000000e+09 	 2.6978595132000000e+10 	 6.6247020000000000e+06
	 5.6470942700000000e+08 	 -7.3234418000000000e+07 	 8.4724400000000000e+05 	 1.8556000000000000e+04 	 6.6247020000000000e+06 	 1.5412026264000000e+10

	 1.2666162101115467e+03 	 0.0000000000000000e+00 	 0.0000000000000000e+00 	 0.0000000000000000e+00 	 -1.4113803793296224e+01 	 -1.4038385990130780e+02
	 0.0000000000000000e+00 	 1.2666162101115467e+03 	 0.0000000000000000e+00 	 1.4113803793296224e+01 	 0.0000000000000000e+00 	 0.0000000000000000e+00
	 0.0000000000000000e+00 	 0.0000000000000000e+00 	 1.2666162101115467e+03 	 1.4038385990130780e+02 	 0.0000000000000000e+00 	 0.0000000000000000e+00
	 0.0000000000000000e+00 	 1.4113803793296224e+01 	 1.4038385990130780e+02 	 4.2968816332990491e+03 	 0.0000000000000000e+00 	 0.0000000000000000e+00
	 -1.4113803793296224e+01 	 0.0000000000000000e+00 	 0.0000000000000000e+00 	 0.0000000000000000e+00 	 1.6752425865138050e+03 	 -3.3581486731563683e+02
	 -1.4038385990130780e+02 	 0.0000000000000000e+00 	 0.0000000000000000e+00 	 0.0000000000000000e+00 	 -3.3581486731563683e+02 	 2.6216390467852443e+03

	 0.137931 
	 7.7594550600000000e+08 	 3.2495541200000000e+08 	 2.7373100000000000e+05 	 -9.7461700000000000e+05 	 4.8750310000000000e+06 	 6.5339520500000000e+08
	 3.2495541200000000e+08 	 1.9282427910000000e+09 	 -2.1859200000000000e+05 	 2.7441400000000000e+05 	 -1.4170900000000000e+05 	 -3.9038792000000000e+07
	 2.7373100000000000e+05 	 -2.1859200000000000e+05 	 1.5274173621000000e+10 	 -4.5435112750000000e+09 	 6.7797634400000000e+08 	 8.7112600000000000e+05
	 -9.7461700000000000e+05 	 2.7441400000000000e+05 	 -4.5435112750000000e+09 	 2.1602946082000000e+10 	 -3.7554380980000000e+09 	 4.1385000000000000e+05
	 4.8750310000000000e+06 	 -1.4170900000000000e+05 	 6.7797634400000000e+08 	 -3.7554380980000000e+09 	 9.5533556240000000e+09 	 3.4646520000000000e+06
	 6.5339520500000000e+08 	 -3.9038792000000000e+07 	 8.7112600000000000e+05 	 4.1385000000000000e+05 	 3.4646520000000000e+06 	 3.6191026910000000e+09

	 7.8105600528281730e+02 	 0.0000000000000000e+00 	 0.0000000000000000e+00 	 0.0000000000000000e+00 	 -1.3987784560279136e+01 	 -1.5306794627113200e+02
	 0.0000000000000000e+00 	 7.8105600528281730e+02 	 0.0000000000000000e+00 	 1.3987784560279136e+01 	 0.0000000000000000e+00 	 0.0000000000000000e+00
	 0.0000000000000000e+00 	 0.0000000000000000e+00 	 7.8105600528281730e+02 	 1.5306794627113200e+02 	 0.0000000000000000e+00 	 0.0000000000000000e+00
	 0.0000000000000000e+00 	 1.3987784560279136e+01 	 1.5306794627113200e+02 	 1.7234981710252127e+03 	 0.0000000000000000e+00 	 0.0000000000000000e+00
	 -1.3987784560279136e+01 	 0.0000000000000000e+00 	 0.0000000000000000e+00 	 0.0000000000000000e+00 	 3.9083477879317149e+02 	 -2.3382200892569588e+02
	 -1.5306794627113200e+02 	 0.0000000000000000e+00 	 0.0000000000000000e+00 	 0.0000000000000000e+00 	 -2.3382200892569588e+02 	 1.3326633922320411e+03

	 0.206897 
	 3.6249824500000000e+08 	 1.5762691500000000e+08 	 1.1596630000000000e+06 	 -9.9492300000000000e+05 	 2.2710080000000000e+06 	 2.9529974100000000e+08
	 1.5762691500000000e+08 	 1.1228530860000000e+09 	 1.6724000000000000e+04 	 -1.1141000000000000e+04 	 -5.8852000000000000e+04 	 1.6492677000000000e+07
	 1.1596630000000000e+06 	 1.6724000000000000e+04 	 1.3586566644000000e+10 	 -4.2808157470000000e+09 	 9.8163154500000000e+08 	 1.0202960000000000e+06
	 -9.9492300000000000e+05 	 -1.1141000000000000e+04 	 -4.2808157470000000e+09 	 1.4987889614000000e+10 	 -2.5232426420000000e+09 	 -6.0266700000000000e+05
	 2.2710080000000000e+06 	 -5.8852000000000000e+04 	 9.8163154500000000e+08 	 -2.5232426420000000e+09 	 5.1556355000000000e+09 	 1.6727050000000000e+06
	 2.9529974100000000e+08 	 1.6492677000000000e+07 	 1.0202960000000000e+06 	 -6.0266700000000000e+05 	 1.6727050000000000e+06 	 1.1830699050000000e+09

	 5.1321718693240041e+02 	 0.0000000000000000e+00 	 0.0000000000000000e+00 	 0.0000000000000000e+00 	 -6.6640667818865662e-01 	 -5.4983979552706366e+01
	 0.0000000000000000e+00 	 5.1321718693240041e+02 	 0.0000000000000000e+00 	 6.6640667818865662e-01 	 0.0000000000000000e+00 	 0.0000000000000000e+00
	 0.0000000000000000e+00 	 0.0000000000000000e+00 	 5.1321718693240041e+02 	 5.4983979552706366e+01 	 0.0000000000000000e+00 	 0.0000000000000000e+00
	 0.0000000000000000e+00 	 6.6640667818865662e-01 	 5.4983979552706366e+01 	 9.6851272629679033e+02 	 0.0000000000000000e+00 	 0.0000000000000000e+00
	 -6.6640667818865662e-01 	 0.0000000000000000e+00 	 0.0000000000000000e+00 	 0.0000000000000000e+00 	 1.4343382705401996e+02 	 -1.3045229027648813e+02
	 -5.4983979552706366e+01 	 0.0000000000000000e+00 	 0.0000000000000000e+00 	 0.0000000000000000e+00 	 -1.3045229027648813e+02 	 8.2507889924277038e+02

	 0.275862 
	 2.5073387300000000e+08 	 8.0968471000000000e+07 	 1.1938240000000000e+06 	 -8.7136800000000000e+05 	 1.5686790000000000e+06 	 1.8018563600000000e+08
	 8.0968471000000000e+07 	 7.7353682600000000e+08 	 -1.0224000000000000e+04 	 -7.4111000000000000e+04 	 8.3410000000000000e+03 	 4.4345750000000000e+07
	 1.1938240000000000e+06 	 -1.0224000000000000e+04 	 1.4157340611000000e+10 	 -4.9185988680000000e+09 	 1.5370123200000000e+08 	 9.2123500000000000e+05
	 -8.7136800000000000e+05 	 -7.4111000000000000e+04 	 -4.9185988680000000e+09 	 1.2485635343000000e+10 	 -1.2471097580000000e+09 	 -7.1516900000000000e+05
	 1.5686790000000000e+06 	 8.3410000000000000e+03 	 1.5370123200000000e+08 	 -1.2471097580000000e+09 	 4.0239080040000000e+09 	 1.0469670000000000e+06
	 1.8018563600000000e+08 	 4.4345750000000000e+07 	 9.2123500000000000e+05 	 -7.1516900000000000e+05 	 1.0469670000000000e+06 	 6.2441451400000000e+08

	 4.2184493556579469e+02 	 0.0000000000000000e+00 	 0.0000000000000000e+00 	 0.0000000000000000e+00 	 1.2464866852512868e+01 	 -3.0672482926628309e+01
	 0.0000000000000000e+00 	 4.2184493556579469e+02 	 0.0000000000000000e+00 	 -1.2464866852512868e+01 	 0.0000000000000000e+00 	 0.0000000000000000e+00
	 0.0000000000000000e+00 	 0.0000000000000000e+00 	 4.2184493556579469e+02 	 3.0672482926628309e+01 	 0.0000000000000000e+00 	 0.0000000000000000e+00
	 0.0000000000000000e+00 	 -1.2464866852512868e+01 	 3.0672482926628309e+01 	 7.3069347792683936e+02 	 0.0000000000000000e+00 	 0.0000000000000000e+00
	 1.2464866852512868e+01 	 0.0000000000000000e+00 	 0.0000000000000000e+00 	 0.0000000000000000e+00 	 8.6280899739277316e+01 	 -7.4923041161361681e+01
	 -3.0672482926628309e+01 	 0.0000000000000000e+00 	 0.0000000000000000e+00 	 0.0000000000000000e+00 	 -7.4923041161361681e+01 	 6.4441257818756208e+02

	 0.344828 
	 2.0360321200000000e+08 	 6.4094302000000000e+07 	 3.3051500000000000e+05 	 -2.9073900000000000e+05 	 4.4017000000000000e+05 	 1.2676781500000000e+08
	 6.4094302000000000e+07 	 7.2193169300000000e+08 	 -2.6037000000000000e+04 	 -4.9282000000000000e+04 	 6.1050000000000000e+03 	 4.8515379000000000e+07
	 3.3051500000000000e+05 	 -2.6037000000000000e+04 	 1.5318898575000000e+10 	 -5.2452269290000000e+09 	 -6.6904488000000000e+07 	 2.9215200000000000e+05
	 -2.9073900000000000e+05 	 -4.9282000000000000e+04 	 -5.2452269290000000e+09 	 1.1196929365000000e+10 	 -8.5635847000000000e+08 	 -1.8048500000000000e+05
	 4.4017000000000000e+05 	 6.1050000000000000e+03 	 -6.6904488000000000e+07 	 -8.5635847000000000e+08 	 3.5881466470000000e+09 	 2.5795000000000000e+05
	 1.2676781500000000e+08 	 4.8515379000000000e+07 	 2.9215200000000000e+05 	 -1.8048500000000000e+05 	 2.5795000000000000e+05 	 4.6014638900000000e+08

	 4.0605176240644698e+02 	 0.0000000000000000e+00 	 0.0000000000000000e+00 	 0.0000000000000000e+00 	 1.5130629743342345e+01 	 -3.0650324153666471e+01
	 0.0000000000000000e+00 	 4.0605176240644698e+02 	 0.0000000000000000e+00 	 -1.5130629743342345e+01 	 0.0000000000000000e+00 	 0.0000000000000000e+00
	 0.0000000000000000e+00 	 0.0000000000000000e+00 	 4.0605176240644698e+02 	 3.0650324153666471e+01 	 0.0000000000000000e+00 	 0.0000000000000000e+00
	 0.0000000000000000e+00 	 -1.5130629743342345e+01 	 3.0650324153666471e+01 	 6.3195735472511456e+02 	 0.0000000000000000e+00 	 0.0000000000000000e+00
	 1.5130629743342345e+01 	 0.0000000000000000e+00 	 0.0000000000000000e+00 	 0.0000000000000000e+00 	 6.8969800391118213e+01 	 -5.5224789101650543e+01
	 -3.0650324153666471e+01 	 0.0000000000000000e+00 	 0.0000000000000000e+00 	 0.0000000000000000e+00 	 -5.5224789101650543e+01 	 5.6298755433399629e+02

	 0.413793 
	 1.4398262500000000e+08 	 4.8591053000000000e+07 	 1.0295400000000000e+05 	 -1.6459500000000000e+05 	 5.9327000000000000e+05 	 8.8276811000000000e+07
	 4.8591053000000000e+07 	 6.2561004500000000e+08 	 -1.5291400000000000e+05 	 -8.4672000000000000e+04 	 2.1452000000000000e+04 	 4.1424489000000000e+07
	 1.0295400000000000e+05 	 -1.5291400000000000e+05 	 1.4742892705000000e+10 	 -4.6031146010000000e+09 	 -2.0216150300000000e+08 	 1.3809700000000000e+05
	 -1.6459500000000000e+05 	 -8.4672000000000000e+04 	 -4.6031146010000000e+09 	 8.7509497790000000e+09 	 -5.3297564100000000e+08 	 -2.9209000000000000e+04
	 5.9327000000000000e+05 	 2.1452000000000000e+04 	 -2.0216150300000000e+08 	 -5.3297564100000000e+08 	 2.9104526020000000e+09 	 3.2807200000000000e+05
	 8.8276811000000000e+07 	 4.1424489000000000e+07 	 1.3809700000000000e+05 	 -2.9209000000000000e+04 	 3.2807200000000000e+05 	 3.2329931700000000e+08

	 3.5847376062288168e+02 	 0.0000000000000000e+00 	 0.0000000000000000e+00 	 0.0000000000000000e+00 	 1.4593408181692498e+01 	 -1.6811092069404520e+01
	 0.0000000000000000e+00 	 3.5847376062288168e+02 	 0.0000000000000000e+00 	 -1.4593408181692498e+01 	 0.0000000000000000e+00 	 0.0000000000000000e+00
	 0.0000000000000000e+00 	 0.0000000000000000e+00 	 3.5847376062288168e+02 	 1.6811092069404520e+01 	 0.0000000000000000e+00 	 0.0000000000000000e+00
	 0.0000000000000000e+00 	 -1.4593408181692498e+01 	 1.6811092069404520e+01 	 4.7433233348304350e+02 	 0.0000000000000000e+00 	 0.0000000000000000e+00
	 1.4593408181692498e+01 	 0.0000000000000000e+00 	 0.0000000000000000e+00 	 0.0000000000000000e+00 	 5.1556955144970594e+01 	 -3.6767170509978698e+01
	 -1.6811092069404520e+01 	 0.0000000000000000e+00 	 0.0000000000000000e+00 	 0.0000000000000000e+00 	 -3.6767170509978698e+01 	 4.2277537833807293e+02

	 0.482759 
	 1.1873103500000000e+08 	 3.2879290000000000e+07 	 9.2167000000000000e+04 	 -1.3836500000000000e+05 	 5.2940400000000000e+05 	 6.2084006000000000e+07
	 3.2879290000000000e+07 	 5.3246839500000000e+08 	 -3.0770000000000000e+04 	 -5.6262000000000000e+04 	 1.3739000000000000e+04 	 3.0575976000000000e+07
	 9.2167000000000000e+04 	 -3.0770000000000000e+04 	 1.4134747928000000e+10 	 -4.1141476130000000e+09 	 -2.6873231200000000e+08 	 1.4711700000000000e+05
	 -1.3836500000000000e+05 	 -5.6262000000000000e+04 	 -4.1141476130000000e+09 	 6.1883520430000000e+09 	 -2.4637446900000000e+08 	 -7.0704000000000000e+04
	 5.2940400000000000e+05 	 1.3739000000000000e+04 	 -2.6873231200000000e+08 	 -2.4637446900000000e+08 	 2.0903941540000000e+09 	 3.3628000000000000e+05
	 6.2084006000000000e+07 	 3.0575976000000000e+07 	 1.4711700000000000e+05 	 -7.0704000000000000e+04 	 3.3628000000000000e+05 	 2.0151443600000000e+08

	 3.0686195430592579e+02 	 0.0000000000000000e+00 	 0.0000000000000000e+00 	 0.0000000000000000e+00 	 1.1928757687117027e+01 	 -1.1335764375936119e+01
	 0.0000000000000000e+00 	 3.0686195430592579e+02 	 0.0000000000000000e+00 	 -1.1928757687117027e+01 	 0.0000000000000000e+00 	 0.0000000000000000e+00
	 0.0000000000000000e+00 	 0.0000000000000000e+00 	 3.0686195430592579e+02 	 1.1335764375936119e+01 	 0.0000000000000000e+00 	 0.0000000000000000e+00
	 0.0000000000000000e+00 	 -1.1928757687117027e+01 	 1.1335764375936119e+01 	 3.0240941521145663e+02 	 0.0000000000000000e+00 	 0.0000000000000000e+00
	 1.1928757687117027e+01 	 0.0000000000000000e+00 	 0.0000000000000000e+00 	 0.0000000000000000e+00 	 3.3184067375294298e+01 	 -1.8838048924689875e+01
	 -1.1335764375936119e+01 	 0.0000000000000000e+00 	 0.0000000000000000e+00 	 0.0000000000000000e+00 	 -1.8838048924689875e+01 	 2.6922534783616231e+02

	 0.551724 
	 9.3177780000000000e+07 	 1.6488268000000000e+07 	 3.2720000000000000e+04 	 -7.8425000000000000e+04 	 3.9339300000000000e+05 	 3.9493528000000000e+07
	 1.6488268000000000e+07 	 3.8329916600000000e+08 	 -5.8357000000000000e+04 	 -2.0000000000000000e+04 	 9.5460000000000000e+03 	 1.9959377000000000e+07
	 3.2720000000000000e+04 	 -5.8357000000000000e+04 	 1.1969588467000000e+10 	 -2.9996521120000000e+09 	 -2.8330745200000000e+08 	 8.1255000000000000e+04
	 -7.8425000000000000e+04 	 -2.0000000000000000e+04 	 -2.9996521120000000e+09 	 4.1207361280000000e+09 	 -8.4170882000000000e+07 	 -3.6536000000000000e+04
	 3.9339300000000000e+05 	 9.5460000000000000e+03 	 -2.8330745200000000e+08 	 -8.4170882000000000e+07 	 1.3081320430000000e+09 	 2.1901100000000000e+05
	 3.9493528000000000e+07 	 1.9959377000000000e+07 	 8.1255000000000000e+04 	 -3.6536000000000000e+04 	 2.1901100000000000e+05 	 1.1462739500000000e+08

	 2.3643235861847793e+02 	 0.0000000000000000e+00 	 0.0000000000000000e+00 	 0.0000000000000000e+00 	 9.0278730890944203e+00 	 3.4960770721098036e+00
	 0.0000000000000000e+00 	 2.3643235861847793e+02 	 0.0000000000000000e+00 	 -9.0278730890944203e+00 	 0.0000000000000000e+00 	 0.0000000000000000e+00
	 0.0000000000000000e+00 	 0.0000000000000000e+00 	 2.3643235861847793e+02 	 -3.4960770721098036e+00 	 0.0000000000000000e+00 	 0.0000000000000000e+00
	 0.0000000000000000e+00 	 -9.0278730890944203e+00 	 -3.4960770721098036e+00 	 1.8389110296914805e+02 	 0.0000000000000000e+00 	 0.0000000000000000e+00
	 9.0278730890944203e+00 	 0.0000000000000000e+00 	 0.0000000000000000e+00 	 0.0000000000000000e+00 	 1.9032561420114924e+01 	 -8.6622629956574038e+00
	 3.4960770721098036e+00 	 0.0000000000000000e+00 	 0.0000000000000000e+00 	 0.0000000000000000e+00 	 -8.6622629956574038e+00 	 1.6485854154903313e+02

	 0.620690 
	 6.7054160000000000e+07 	 7.4272120000000000e+06 	 7.3547000000000000e+04 	 -5.5111000000000000e+04 	 2.1308900000000000e+05 	 1.9936293000000000e+07
	 7.4272120000000000e+06 	 2.9304336500000000e+08 	 1.0819000000000000e+04 	 -2.6635000000000000e+04 	 1.6290000000000000e+03 	 1.0596660000000000e+07
	 7.3547000000000000e+04 	 1.0819000000000000e+04 	 8.6531383010000000e+09 	 -1.9208924320000000e+09 	 -3.0654089000000000e+07 	 5.6652000000000000e+04
	 -5.5111000000000000e+04 	 -2.6635000000000000e+04 	 -1.9208924320000000e+09 	 2.1638918720000000e+09 	 -5.7672366000000000e+07 	 -2.9733000000000000e+04
	 2.1308900000000000e+05 	 1.6290000000000000e+03 	 -3.0654089000000000e+07 	 -5.7672366000000000e+07 	 6.7154888100000000e+08 	 6.8847000000000000e+04
	 1.9936293000000000e+07 	 1.0596660000000000e+07 	 5.6652000000000000e+04 	 -2.9733000000000000e+04 	 6.8847000000000000e+04 	 5.8492151000000000e+07

	 1.6429405978813406e+02 	 0.0000000000000000e+00 	 0.0000000000000000e+00 	 0.0000000000000000e+00 	 3.6355000697849698e+00 	 1.2549361727755666e+00
	 0.0000000000000000e+00 	 1.6429405978813406e+02 	 0.0000000000000000e+00 	 -3.6355000697849698e+00 	 0.0000000000000000e+00 	 0.0000000000000000e+00
	 0.0000000000000000e+00 	 0.0000000000000000e+00 	 1.6429405978813406e+02 	 -1.2549361727755666e+00 	 0.0000000000000000e+00 	 0.0000000000000000e+00
	 0.0000000000000000e+00 	 -3.6355000697849698e+00 	 -1.2549361727755666e+00 	 9.3797799248337768e+01 	 0.0000000000000000e+00 	 0.0000000000000000e+00
	 3.6355000697849698e+00 	 0.0000000000000000e+00 	 0.0000000000000000e+00 	 0.0000000000000000e+00 	 9.5317761721008161e+00 	 -3.4695574640065159e+00
	 1.2549361727755666e+00 	 0.0000000000000000e+00 	 0.0000000000000000e+00 	 0.0000000000000000e+00 	 -3.4695574640065159e+00 	 8.4266023076236948e+01

	 0.689655 
	 3.5125869000000000e+07 	 1.1977450000000000e+06 	 3.3777000000000000e+04 	 -1.9884000000000000e+04 	 7.5307000000000000e+04 	 1.0267450000000000e+07
	 1.1977450000000000e+06 	 1.9108021100000000e+08 	 -6.8455000000000000e+04 	 -5.5840000000000000e+03 	 -9.3000000000000000e+02 	 6.5147260000000000e+06
	 3.3777000000000000e+04 	 -6.8455000000000000e+04 	 6.0990675280000000e+09 	 -1.0070026550000000e+09 	 -4.8752946000000000e+07 	 2.1836000000000000e+04
	 -1.9884000000000000e+04 	 -5.5840000000000000e+03 	 -1.0070026550000000e+09 	 1.1025438420000000e+09 	 -3.7734010000000000e+06 	 -5.9710000000000000e+03
	 7.5307000000000000e+04 	 -9.3000000000000000e+02 	 -4.8752946000000000e+07 	 -3.7734010000000000e+06 	 3.2394996400000000e+08 	 2.2224000000000000e+04
	 1.0267450000000000e+07 	 6.5147260000000000e+06 	 2.1836000000000000e+04 	 -5.9710000000000000e+03 	 2.2224000000000000e+04 	 2.6484307000000000e+07

	 1.1153286029318005e+02 	 0.0000000000000000e+00 	 0.0000000000000000e+00 	 0.0000000000000000e+00 	 2.2148196865437866e+00 	 3.8485031068027782e+00
	 0.0000000000000000e+00 	 1.1153286029318005e+02 	 0.0000000000000000e+00 	 -2.2148196865437866e+00 	 0.0000000000000000e+00 	 0.0000000000000000e+00
	 0.0000000000000000e+00 	 0.0000000000000000e+00 	 1.1153286029318005e+02 	 -3.8485031068027782e+00 	 0.0000000000000000e+00 	 0.0000000000000000e+00
	 0.0000000000000000e+00 	 -2.2148196865437866e+00 	 -3.8485031068027782e+00 	 4.8153107547640190e+01 	 0.0000000000000000e+00 	 0.0000000000000000e+00
	 2.2148196865437866e+00 	 0.0000000000000000e+00 	 0.0000000000000000e+00 	 0.0000000000000000e+00 	 4.4898868636875884e+00 	 -1.0758923571098669e+00
	 3.8485031068027782e+00 	 0.0000000000000000e+00 	 0.0000000000000000e+00 	 0.0000000000000000e+00 	 -1.0758923571098669e+00 	 4.3663220683952602e+01

	 0.758621 
	 2.5391769000000000e+07 	 -2.0727440000000000e+06 	 5.0829000000000000e+04 	 -2.0195000000000000e+04 	 5.1542000000000000e+04 	 4.8115090000000000e+06
	 -2.0727440000000000e+06 	 1.0819055200000000e+08 	 -1.8440000000000000e+03 	 -7.0380000000000000e+03 	 -7.8300000000000000e+02 	 3.2807220000000000e+06
	 5.0829000000000000e+04 	 -1.8440000000000000e+03 	 3.9278010650000000e+09 	 -3.9682553800000000e+08 	 -2.6330852000000000e+07 	 2.4602000000000000e+04
	 -2.0195000000000000e+04 	 -7.0380000000000000e+03 	 -3.9682553800000000e+08 	 4.7732765900000000e+08 	 5.6684790000000000e+06 	 -8.1490000000000000e+03
	 5.1542000000000000e+04 	 -7.8300000000000000e+02 	 -2.6330852000000000e+07 	 5.6684790000000000e+06 	 1.3338606400000000e+08 	 1.0705000000000000e+04
	 4.8115090000000000e+06 	 3.2807220000000000e+06 	 2.4602000000000000e+04 	 -8.1490000000000000e+03 	 1.0705000000000000e+04 	 1.0720879000000000e+07

	 7.2598837749722577e+01 	 0.0000000000000000e+00 	 0.0000000000000000e+00 	 0.0000000000000000e+00 	 1.0306164750187174e+00 	 5.1474012740733599e+00
	 0.0000000000000000e+00 	 7.2598837749722577e+01 	 0.0000000000000000e+00 	 -1.0306164750187174e+00 	 0.0000000000000000e+00 	 0.0000000000000000e+00
	 0.0000000000000000e+00 	 0.0000000000000000e+00 	 7.2598837749722577e+01 	 -5.1474012740733599e+00 	 0.0000000000000000e+00 	 0.0000000000000000e+00
	 0.0000000000000000e+00 	 -1.0306164750187174e+00 	 -5.1474012740733599e+00 	 2.2238700437146676e+01 	 0.0000000000000000e+00 	 0.0000000000000000e+00
	 1.0306164750187174e+00 	 0.0000000000000000e+00 	 0.0000000000000000e+00 	 0.0000000000000000e+00 	 1.8232774658187922e+00 	 -5.3141639021364928e-02
	 5.1474012740733599e+00 	 0.0000000000000000e+00 	 0.0000000000000000e+00 	 0.0000000000000000e+00 	 -5.3141639021364928e-02 	 2.0415422971327885e+01

	 0.827586 
	 1.8757422000000000e+07 	 -3.4006350000000000e+06 	 -7.6530000000000000e+03 	 -1.3450000000000000e+03 	 3.1589000000000000e+04 	 2.0402300000000000e+06
	 -3.4006350000000000e+06 	 8.3233026000000000e+07 	 -5.0500000000000000e+02 	 -5.5650000000000000e+03 	 1.5700000000000000e+02 	 3.1787880000000000e+06
	 -7.6530000000000000e+03 	 -5.0500000000000000e+02 	 2.7652943740000000e+09 	 -1.2719391700000000e+08 	 -7.8125097000000000e+07 	 1.6850000000000000e+03
	 -1.3450000000000000e+03 	 -5.5650000000000000e+03 	 -1.2719391700000000e+08 	 2.0677948700000000e+08 	 1.2731224000000000e+07 	 1.4380000000000000e+03
	 3.1589000000000000e+04 	 1.5700000000000000e+02 	 -7.8125097000000000e+07 	 1.2731224000000000e+07 	 5.5387790000000000e+07 	 3.8150000000000000e+03
	 2.0402300000000000e+06 	 3.1787880000000000e+06 	 1.6850000000000000e+03 	 1.4380000000000000e+03 	 3.8150000000000000e+03 	 4.6713740000000000e+06

	 5.2846702611295171e+01 	 0.0000000000000000e+00 	 0.0000000000000000e+00 	 0.0000000000000000e+00 	 1.1281590948068736e+00 	 4.9299233800481534e+00
	 0.0000000000000000e+00 	 5.2846702611295171e+01 	 0.0000000000000000e+00 	 -1.1281590948068736e+00 	 0.0000000000000000e+00 	 0.0000000000000000e+00
	 0.0000000000000000e+00 	 0.0000000000000000e+00 	 5.2846702611295171e+01 	 -4.9299233800481534e+00 	 0.0000000000000000e+00 	 0.0000000000000000e+00
	 0.0000000000000000e+00 	 -1.1281590948068736e+00 	 -4.9299233800481534e+00 	 1.0350165825443050e+01 	 0.0000000000000000e+00 	 0.0000000000000000e+00
	 1.1281590948068736e+00 	 0.0000000000000000e+00 	 0.0000000000000000e+00 	 0.0000000000000000e+00 	 7.6896390178452112e-01 	 2.8393976768273954e-01
	 4.9299233800481534e+00 	 0.0000000000000000e+00 	 0.0000000000000000e+00 	 0.0000000000000000e+00 	 2.8393976768273954e-01 	 9.5812019236585293e+00

	 0.896552 
	 1.2537490000000000e+07 	 -2.4604200000000000e+06 	 -1.4355000000000000e+04 	 8.1600000000000000e+02 	 1.3827000000000000e+04 	 7.8212100000000000e+05
	 -2.4604200000000000e+06 	 4.9813931000000000e+07 	 -1.2080000000000000e+03 	 -3.0340000000000000e+03 	 4.6000000000000000e+01 	 1.7195080000000000e+06
	 -1.4355000000000000e+04 	 -1.2080000000000000e+03 	 1.3639163460000000e+09 	 -1.3913579000000000e+07 	 -3.2562435000000000e+07 	 -5.6500000000000000e+02
	 8.1600000000000000e+02 	 -3.0340000000000000e+03 	 -1.3913579000000000e+07 	 6.5560648000000000e+07 	 4.0688240000000000e+06 	 5.3200000000000000e+02
	 1.3827000000000000e+04 	 4.6000000000000000e+01 	 -3.2562435000000000e+07 	 4.0688240000000000e+06 	 1.3149683000000000e+07 	 9.0300000000000000e+02
	 7.8212100000000000e+05 	 1.7195080000000000e+06 	 -5.6500000000000000e+02 	 5.3200000000000000e+02 	 9.0300000000000000e+02 	 1.4449480000000000e+06

	 3.0442644975000768e+01 	 0.0000000000000000e+00 	 0.0000000000000000e+00 	 0.0000000000000000e+00 	 5.0884324965231298e-01 	 2.9768946815307058e+00
	 0.0000000000000000e+00 	 3.0442644975000768e+01 	 0.0000000000000000e+00 	 -5.0884324965231298e-01 	 0.0000000000000000e+00 	 0.0000000000000000e+00
	 0.0000000000000000e+00 	 0.0000000000000000e+00 	 3.0442644975000768e+01 	 -2.9768946815307058e+00 	 0.0000000000000000e+00 	 0.0000000000000000e+00
	 0.0000000000000000e+00 	 -5.0884324965231298e-01 	 -2.9768946815307058e+00 	 3.5472976129483840e+00 	 0.0000000000000000e+00 	 0.0000000000000000e+00
	 5.0884324965231298e-01 	 0.0000000000000000e+00 	 0.0000000000000000e+00 	 0.0000000000000000e+00 	 2.0778413351230154e-01 	 1.1939588991924392e-01
	 2.9768946815307058e+00 	 0.0000000000000000e+00 	 0.0000000000000000e+00 	 0.0000000000000000e+00 	 1.1939588991924392e-01 	 3.3395134794360826e+00

	 0.965517 
	 1.3765320000000000e+06 	 -1.2359860000000000e+06 	 6.5570000000000000e+03 	 -1.3660000000000000e+03 	 -5.7700000000000000e+02 	 6.1356000000000000e+04
	 -1.2359860000000000e+06 	 2.5460658000000000e+07 	 -9.7060000000000000e+04 	 1.6580000000000000e+04 	 5.7860000000000000e+03 	 9.4240800000000000e+05
	 6.5570000000000000e+03 	 -9.7060000000000000e+04 	 5.5727680400000000e+08 	 1.4571413000000000e+07 	 -9.4216710000000000e+06 	 -4.3480000000000000e+03
	 -1.3660000000000000e+03 	 1.6580000000000000e+04 	 1.4571413000000000e+07 	 1.3769486000000000e+07 	 6.4074000000000000e+05 	 1.0090000000000000e+03
	 -5.7700000000000000e+02 	 5.7860000000000000e+03 	 -9.4216710000000000e+06 	 6.4074000000000000e+05 	 1.8612440000000000e+06 	 3.2000000000000000e+01
	 6.1356000000000000e+04 	 9.4240800000000000e+05 	 -4.3480000000000000e+03 	 1.0090000000000000e+03 	 3.2000000000000000e+01 	 2.3954700000000000e+05

	 1.3040658655640701e+01 	 0.0000000000000000e+00 	 0.0000000000000000e+00 	 0.0000000000000000e+00 	 1.6248951686759341e-01 	 1.1731018688732155e+00
	 0.0000000000000000e+00 	 1.3040658655640701e+01 	 0.0000000000000000e+00 	 -1.6248951686759341e-01 	 0.0000000000000000e+00 	 0.0000000000000000e+00
	 0.0000000000000000e+00 	 0.0000000000000000e+00 	 1.3040658655640701e+01 	 -1.1731018688732155e+00 	 0.0000000000000000e+00 	 0.0000000000000000e+00
	 0.0000000000000000e+00 	 -1.6248951686759341e-01 	 -1.1731018688732155e+00 	 7.3536332175787078e-01 	 0.0000000000000000e+00 	 0.0000000000000000e+00
	 1.6248951686759341e-01 	 0.0000000000000000e+00 	 0.0000000000000000e+00 	 0.0000000000000000e+00 	 3.2318732568454585e-02 	 2.8308716211344682e-02
	 1.1731018688732155e+00 	 0.0000000000000000e+00 	 0.0000000000000000e+00 	 0.0000000000000000e+00 	 2.8308716211344682e-02 	 7.0304458918941615e-01

	 0.551724 
	 9.3177780000000000e+07 	 1.6488268000000000e+07 	 3.2720000000000000e+04 	 -7.8425000000000000e+04 	 3.9339300000000000e+05 	 3.9493528000000000e+07
	 1.6488268000000000e+07 	 3.8329916600000000e+08 	 -5.8357000000000000e+04 	 -2.0000000000000000e+04 	 9.5460000000000000e+03 	 1.9959377000000000e+07
	 3.2720000000000000e+04 	 -5.8357000000000000e+04 	 1.1969588467000000e+10 	 -2.9996521120000000e+09 	 -2.8330745200000000e+08 	 8.1255000000000000e+04
	 -7.8425000000000000e+04 	 -2.0000000000000000e+04 	 -2.9996521120000000e+09 	 4.1207361280000000e+09 	 -8.4170882000000000e+07 	 -3.6536000000000000e+04
	 3.9339300000000000e+05 	 9.5460000000000000e+03 	 -2.8330745200000000e+08 	 -8.4170882000000000e+07 	 1.3081320430000000e+09 	 2.1901100000000000e+05
	 3.9493528000000000e+07 	 1.9959377000000000e+07 	 8.1255000000000000e+04 	 -3.6536000000000000e+04 	 2.1901100000000000e+05 	 1.1462739500000000e+08

	 2.3643235861847918e+02 	 0.0000000000000000e+00 	 0.0000000000000000e+00 	 0.0000000000000000e+00 	 9.0278730890942214e+00 	 3.4960770721090171e+00
	 0.0000000000000000e+00 	 2.3643235861847918e+02 	 0.0000000000000000e+00 	 -9.0278730890942214e+00 	 0.0000000000000000e+00 	 0.0000000000000000e+00
	 0.0000000000000000e+00 	 0.0000000000000000e+00 	 2.3643235861847918e+02 	 -3.4960770721090171e+00 	 0.0000000000000000e+00 	 0.0000000000000000e+00
	 0.0000000000000000e+00 	 -9.0278730890942214e+00 	 -3.4960770721090171e+00 	 1.8389110296914831e+02 	 0.0000000000000000e+00 	 0.0000000000000000e+00
	 9.0278730890942214e+00 	 0.0000000000000000e+00 	 0.0000000000000000e+00 	 0.0000000000000000e+00 	 1.9032561420114941e+01 	 -8.6622629956574215e+00
	 3.4960770721090171e+00 	 0.0000000000000000e+00 	 0.0000000000000000e+00 	 0.0000000000000000e+00 	 -8.6622629956574215e+00 	 1.6485854154903336e+02

	 0.586207 
	 8.4523329000000000e+07 	 1.2095720000000000e+07 	 1.0572200000000000e+05 	 -9.3608000000000000e+04 	 3.1912800000000000e+05 	 3.2694450000000000e+07
	 1.2095720000000000e+07 	 3.6630197000000000e+08 	 -7.4724000000000000e+04 	 -1.6744000000000000e+04 	 5.4260000000000000e+03 	 1.4793282000000000e+07
	 1.0572200000000000e+05 	 -7.4724000000000000e+04 	 1.0912641152000000e+10 	 -2.5154307390000000e+09 	 -5.6307392000000000e+07 	 9.4879000000000000e+04
	 -9.3608000000000000e+04 	 -1.6744000000000000e+04 	 -2.5154307390000000e+09 	 3.3199474510000000e+09 	 -1.0932347800000000e+08 	 -5.8417000000000000e+04
	 3.1912800000000000e+05 	 5.4260000000000000e+03 	 -5.6307392000000000e+07 	 -1.0932347800000000e+08 	 9.9205965100000000e+08 	 1.4462700000000000e+05
	 3.2694450000000000e+07 	 1.4793282000000000e+07 	 9.4879000000000000e+04 	 -5.8417000000000000e+04 	 1.4462700000000000e+05 	 9.1804897000000000e+07

	 2.1169628549948192e+02 	 0.0000000000000000e+00 	 0.0000000000000000e+00 	 0.0000000000000000e+00 	 5.5696544048103682e+00 	 5.0658830751611887e+00
	 0.0000000000000000e+00 	 2.1169628549948192e+02 	 0.0000000000000000e+00 	 -5.5696544048103682e+00 	 0.0000000000000000e+00 	 0.0000000000000000e+00
	 0.0000000000000000e+00 	 0.0000000000000000e+00 	 2.1169628549948192e+02 	 -5.0658830751611887e+00 	 0.0000000000000000e+00 	 0.0000000000000000e+00
	 0.0000000000000000e+00 	 -5.5696544048103682e+00 	 -5.0658830751611887e+00 	 1.4516487858530064e+02 	 0.0000000000000000e+00 	 0.0000000000000000e+00
	 5.5696544048103682e+00 	 0.0000000000000000e+00 	 0.0000000000000000e+00 	 0.0000000000000000e+00 	 1.4343773129124347e+01 	 -6.4004394350262146e+00
	 5.0658830751611887e+00 	 0.0000000000000000e+00 	 0.0000000000000000e+00 	 0.0000000000000000e+00 	 -6.4004394350262146e+00 	 1.3082110545617630e+02

	 0.620690 
	 6.7054160000000000e+07 	 7.4272120000000000e+06 	 7.3547000000000000e+04 	 -5.5111000000000000e+04 	 2.1308900000000000e+05 	 1.9936293000000000e+07
	 7.4272120000000000e+06 	 2.9304336500000000e+08 	 1.0819000000000000e+04 	 -2.6635000000000000e+04 	 1.6290000000000000e+03 	 1.0596660000000000e+07
	 7.3547000000000000e+04 	 1.0819000000000000e+04 	 8.6531383010000000e+09 	 -1.9208924320000000e+09 	 -3.0654089000000000e+07 	 5.6652000000000000e+04
	 -5.5111000000000000e+04 	 -2.6635000000000000e+04 	 -1.9208924320000000e+09 	 2.1638918720000000e+09 	 -5.7672366000000000e+07 	 -2.9733000000000000e+04
	 2.1308900000000000e+05 	 1.6290000000000000e+03 	 -3.0654089000000000e+07 	 -5.7672366000000000e+07 	 6.7154888100000000e+08 	 6.8847000000000000e+04
	 1.9936293000000000e+07 	 1.0596660000000000e+07 	 5.6652000000000000e+04 	 -2.9733000000000000e+04 	 6.8847000000000000e+04 	 5.8492151000000000e+07

	 1.6429405978813332e+02 	 0.0000000000000000e+00 	 0.0000000000000000e+00 	 0.0000000000000000e+00 	 3.6355000697847468e+00 	 1.2549361727753450e+00
	 0.0000000000000000e+00 	 1.6429405978813332e+02 	 0.0000000000000000e+00 	 -3.6355000697847468e+00 	 0.0000000000000000e+00 	 0.0000000000000000e+00
	 0.0000000000000000e+00 	 0.0000000000000000e+00 	 1.6429405978813332e+02 	 -1.2549361727753450e+00 	 0.0000000000000000e+00 	 0.0000000000000000e+00
	 0.0000000000000000e+00 	 -3.6355000697847468e+00 	 -1.2549361727753450e+00 	 9.3797799248337554e+01 	 0.0000000000000000e+00 	 0.0000000000000000e+00
	 3.6355000697847468e+00 	 0.0000000000000000e+00 	 0.0000000000000000e+00 	 0.0000000000000000e+00 	 9.5317761721007948e+00 	 -3.4695574640065190e+00
	 1.2549361727753450e+00 	 0.0000000000000000e+00 	 0.0000000000000000e+00 	 0.0000000000000000e+00 	 -3.4695574640065190e+00 	 8.4266023076236763e+01

	 0.655172 
	 4.2083729000000000e+07 	 5.1051620000000000e+06 	 -2.2850000000000000e+03 	 -1.3182000000000000e+04 	 1.1099400000000000e+05 	 1.4677771000000000e+07
	 5.1051620000000000e+06 	 2.6177795600000000e+08 	 7.3920000000000000e+03 	 -2.0751000000000000e+04 	 3.2600000000000000e+02 	 1.1772586000000000e+07
	 -2.2850000000000000e+03 	 7.3920000000000000e+03 	 7.3999051410000000e+09 	 -1.4096257340000000e+09 	 -2.1091306200000000e+08 	 1.3319000000000000e+04
	 -1.3182000000000000e+04 	 -2.0751000000000000e+04 	 -1.4096257340000000e+09 	 1.6119072860000000e+09 	 1.7233315000000000e+07 	 3.4800000000000000e+03
	 1.1099400000000000e+05 	 3.2600000000000000e+02 	 -2.1091306200000000e+08 	 1.7233315000000000e+07 	 4.8409621900000000e+08 	 3.9395000000000000e+04
	 1.4677771000000000e+07 	 1.1772586000000000e+07 	 1.3319000000000000e+04 	 3.4800000000000000e+03 	 3.9395000000000000e+04 	 4.0189075000000000e+07

	 1.4137357086830002e+02 	 0.0000000000000000e+00 	 0.0000000000000000e+00 	 0.0000000000000000e+00 	 4.7464882742345607e+00 	 5.1509117927432548e+00
	 0.0000000000000000e+00 	 1.4137357086830002e+02 	 0.0000000000000000e+00 	 -4.7464882742345607e+00 	 0.0000000000000000e+00 	 0.0000000000000000e+00
	 0.0000000000000000e+00 	 0.0000000000000000e+00 	 1.4137357086830002e+02 	 -5.1509117927432548e+00 	 0.0000000000000000e+00 	 0.0000000000000000e+00
	 0.0000000000000000e+00 	 -4.7464882742345607e+00 	 -5.1509117927432548e+00 	 7.1967578981450387e+01 	 0.0000000000000000e+00 	 0.0000000000000000e+00
	 4.7464882742345607e+00 	 0.0000000000000000e+00 	 0.0000000000000000e+00 	 0.0000000000000000e+00 	 6.8540614318903756e+00 	 -1.7872696555693741e+00
	 5.1509117927432548e+00 	 0.0000000000000000e+00 	 0.0000000000000000e+00 	 0.0000000000000000e+00 	 -1.7872696555693741e+00 	 6.5113517549560015e+01

	 0.689655 
	 3.5125869000000000e+07 	 1.1977450000000000e+06 	 3.3777000000000000e+04 	 -1.9884000000000000e+04 	 7.5307000000000000e+04 	 1.0267450000000000e+07
	 1.1977450000000000e+06 	 1.9108021100000000e+08 	 -6.8455000000000000e+04 	 -5.5840000000000000e+03 	 -9.3000000000000000e+02 	 6.5147260000000000e+06
	 3.3777000000000000e+04 	 -6.8455000000000000e+04 	 6.0990675280000000e+09 	 -1.0070026550000000e+09 	 -4.8752946000000000e+07 	 2.1836000000000000e+04
	 -1.9884000000000000e+04 	 -5.5840000000000000e+03 	 -1.0070026550000000e+09 	 1.1025438420000000e+09 	 -3.7734010000000000e+06 	 -5.9710000000000000e+03
	 7.5307000000000000e+04 	 -9.3000000000000000e+02 	 -4.8752946000000000e+07 	 -3.7734010000000000e+06 	 3.2394996400000000e+08 	 2.2224000000000000e+04
	 1.0267450000000000e+07 	 6.5147260000000000e+06 	 2.1836000000000000e+04 	 -5.9710000000000000e+03 	 2.2224000000000000e+04 	 2.6484307000000000e+07

	 1.1153286029318004e+02 	 0.0000000000000000e+00 	 0.0000000000000000e+00 	 0.0000000000000000e+00 	 2.2148196865437875e+00 	 3.8485031068027791e+00
	 0.0000000000000000e+00 	 1.1153286029318004e+02 	 0.0000000000000000e+00 	 -2.2148196865437875e+00 	 0.0000000000000000e+00 	 0.0000000000000000e+00
	 0.0000000000000000e+00 	 0.0000000000000000e+00 	 1.1153286029318004e+02 	 -3.8485031068027791e+00 	 0.0000000000000000e+00 	 0.0000000000000000e+00
	 0.0000000000000000e+00 	 -2.2148196865437875e+00 	 -3.8485031068027791e+00 	 4.8153107547640182e+01 	 0.0000000000000000e+00 	 0.0000000000000000e+00
	 2.2148196865437875e+00 	 0.0000000000000000e+00 	 0.0000000000000000e+00 	 0.0000000000000000e+00 	 4.4898868636875884e+00 	 -1.0758923571098666e+00
	 3.8485031068027791e+00 	 0.0000000000000000e+00 	 0.0000000000000000e+00 	 0.0000000000000000e+00 	 -1.0758923571098666e+00 	 4.3663220683952595e+01

	 0.724138 
	 2.9124413000000000e+07 	 -6.8742000000000000e+04 	 1.0220000000000000e+03 	 -9.4340000000000000e+03 	 6.6717000000000000e+04 	 6.8497610000000000e+06
	 -6.8742000000000000e+04 	 1.2665743600000000e+08 	 1.1310000000000000e+03 	 -9.4230000000000000e+03 	 -7.2700000000000000e+02 	 5.4782970000000000e+06
	 1.0220000000000000e+03 	 1.1310000000000000e+03 	 4.8962062490000000e+09 	 -6.7243480200000000e+08 	 -1.4845928800000000e+08 	 1.3621000000000000e+04
	 -9.4340000000000000e+03 	 -9.4230000000000000e+03 	 -6.7243480200000000e+08 	 7.1449020100000000e+08 	 2.4058859000000000e+07 	 4.5100000000000000e+02
	 6.6717000000000000e+04 	 -7.2700000000000000e+02 	 -1.4845928800000000e+08 	 2.4058859000000000e+07 	 2.1962559100000000e+08 	 1.7465000000000000e+04
	 6.8497610000000000e+06 	 5.4782970000000000e+06 	 1.3621000000000000e+04 	 4.5100000000000000e+02 	 1.7465000000000000e+04 	 1.5859013000000000e+07

	 8.6462061644685917e+01 	 0.0000000000000000e+00 	 0.0000000000000000e+00 	 0.0000000000000000e+00 	 2.5356311062450620e+00 	 3.7231178783125820e+00
	 0.0000000000000000e+00 	 8.6462061644685917e+01 	 0.0000000000000000e+00 	 -2.5356311062450620e+00 	 0.0000000000000000e+00 	 0.0000000000000000e+00
	 0.0000000000000000e+00 	 0.0000000000000000e+00 	 8.6462061644685917e+01 	 -3.7231178783125820e+00 	 0.0000000000000000e+00 	 0.0000000000000000e+00
	 0.0000000000000000e+00 	 -2.5356311062450620e+00 	 -3.7231178783125820e+00 	 3.1246229329614660e+01 	 0.0000000000000000e+00 	 0.0000000000000000e+00
	 2.5356311062450620e+00 	 0.0000000000000000e+00 	 0.0000000000000000e+00 	 0.0000000000000000e+00 	 2.8976841805983256e+00 	 -2.0325426198525354e-01
	 3.7231178783125820e+00 	 0.0000000000000000e+00 	 0.0000000000000000e+00 	 0.0000000000000000e+00 	 -2.0325426198525354e-01 	 2.8348545149016335e+01

	 0.758621 
	 2.5391769000000000e+07 	 -2.0727440000000000e+06 	 5.0829000000000000e+04 	 -2.0195000000000000e+04 	 5.1542000000000000e+04 	 4.8115090000000000e+06
	 -2.0727440000000000e+06 	 1.0819055200000000e+08 	 -1.8440000000000000e+03 	 -7.0380000000000000e+03 	 -7.8300000000000000e+02 	 3.2807220000000000e+06
	 5.0829000000000000e+04 	 -1.8440000000000000e+03 	 3.9278010650000000e+09 	 -3.9682553800000000e+08 	 -2.6330852000000000e+07 	 2.4602000000000000e+04
	 -2.0195000000000000e+04 	 -7.0380000000000000e+03 	 -3.9682553800000000e+08 	 4.7732765900000000e+08 	 5.6684790000000000e+06 	 -8.1490000000000000e+03
	 5.1542000000000000e+04 	 -7.8300000000000000e+02 	 -2.6330852000000000e+07 	 5.6684790000000000e+06 	 1.3338606400000000e+08 	 1.0705000000000000e+04
