 Segment:  0   ||  Taper Origin:  0.03448275862107525   || num_elem:   31016


 Segment Mass

[[1600.5968    0.        0.        0.       43.9902 -152.3894]
 [   0.     1600.5968    0.      -43.9902    0.        0.    ]
 [   0.        0.     1600.5968  152.3894    0.        0.    ]
 [   0.      -43.9902  152.3894 5367.9033    0.        0.    ]
 [  43.9902    0.        0.        0.     2115.3752 -443.6428]
 [-152.3894    0.        0.        0.     -443.6428 3252.5282]]

 Left Mass

[[ 2.2067e+03  0.0000e+00  0.0000e+00  0.0000e+00  4.6481e-01 -1.0397e+00]
 [ 0.0000e+00  2.2067e+03  0.0000e+00 -4.6481e-01  0.0000e+00  0.0000e+00]
 [ 0.0000e+00  0.0000e+00  2.2067e+03  1.0397e+00  0.0000e+00  0.0000e+00]
 [ 0.0000e+00 -4.6481e-01  1.0397e+00  1.0770e+04  0.0000e+00  0.0000e+00]
 [ 4.6481e-01  0.0000e+00  0.0000e+00  0.0000e+00  5.3879e+03  2.1075e+00]
 [-1.0397e+00  0.0000e+00  0.0000e+00  0.0000e+00  2.1075e+00  5.3820e+03]]

 Right Mass

[[1807.8529    0.        0.        0.       10.594   -56.6684]
 [   0.     1807.8529    0.      -10.594     0.        0.    ]
 [   0.        0.     1807.8529   56.6684    0.        0.    ]
 [   0.      -10.594    56.6684 7903.7505    0.        0.    ]
 [  10.594     0.        0.        0.     3737.0047 -192.9842]
 [ -56.6684    0.        0.        0.     -192.9842 4166.7458]]

 Segment Timo

[[ 2.6237e+10 -9.6772e+07 -2.6666e+07  1.4997e+07 -1.5218e+08 -2.5894e+09]
 [-9.6772e+07  3.9576e+09 -1.9658e+08  3.6953e+07  9.5318e+07 -6.6634e+08]
 [-2.6666e+07 -1.9658e+08  3.5712e+09  7.0815e+08  4.2542e+08 -9.2907e+07]
 [ 1.4997e+07  3.6953e+07  7.0815e+08  2.7915e+10 -1.0235e+09 -2.9392e+07]
 [-1.5218e+08  9.5318e+07  4.2542e+08 -1.0235e+09  5.4825e+10  3.3908e+09]
 [-2.5894e+09 -6.6634e+08 -9.2907e+07 -2.9392e+07  3.3908e+09  5.8806e+10]]

 Left Timo

[[ 3.2000e+10 -1.8751e+05  3.2111e+04  2.0682e+05 -3.5295e+06 -1.8931e+07]
 [-1.8751e+05  4.6860e+09 -7.2172e+06  2.1263e+07 -5.2697e+05 -2.4281e+05]
 [ 3.2111e+04 -7.2172e+06  4.6688e+09  6.1755e+07 -9.3162e+05  3.2520e+05]
 [ 2.0682e+05  2.1263e+07  6.1755e+07  4.5619e+10  6.3894e+05 -5.9964e+04]
 [-3.5295e+06 -5.2697e+05 -9.3162e+05  6.3894e+05  7.8053e+10  3.5426e+07]
 [-1.8931e+07 -2.4281e+05  3.2520e+05 -5.9964e+04  3.5426e+07  7.8135e+10]]

 Right Timo

[[ 2.3683e+10 -4.3883e+06  8.5413e+05 -3.8467e+05 -3.6161e+08 -4.6911e+09]
 [-4.3883e+06  3.9204e+09 -4.0921e+08 -1.3144e+08  2.7701e+06  8.4529e+06]
 [ 8.5413e+05 -4.0921e+08  2.3711e+09  6.3805e+08  1.7323e+06 -1.8098e+06]
 [-3.8467e+05 -1.3144e+08  6.3805e+08  1.9647e+10  1.1277e+07 -1.8009e+06]
 [-3.6161e+08  2.7701e+06  1.7323e+06  1.1277e+07  3.3066e+10  7.1553e+09]
 [-4.6911e+09  8.4529e+06 -1.8098e+06 -1.8009e+06  7.1553e+09  4.6876e+10]]

 Segment:  1   ||  Taper Origin:  0.1034482758627889   || num_elem:   58312


 Segment Mass

[[1600.5968    0.        0.        0.       43.9902 -152.3894]
 [   0.     1600.5968    0.      -43.9902    0.        0.    ]
 [   0.        0.     1600.5968  152.3894    0.        0.    ]
 [   0.      -43.9902  152.3894 5367.9033    0.        0.    ]
 [  43.9902    0.        0.        0.     2115.3752 -443.6428]
 [-152.3894    0.        0.        0.     -443.6428 3252.5282]]

 Left Mass

[[ 2.2067e+03  0.0000e+00  0.0000e+00  0.0000e+00  4.6481e-01 -1.0397e+00]
 [ 0.0000e+00  2.2067e+03  0.0000e+00 -4.6481e-01  0.0000e+00  0.0000e+00]
 [ 0.0000e+00  0.0000e+00  2.2067e+03  1.0397e+00  0.0000e+00  0.0000e+00]
 [ 0.0000e+00 -4.6481e-01  1.0397e+00  1.0770e+04  0.0000e+00  0.0000e+00]
 [ 4.6481e-01  0.0000e+00  0.0000e+00  0.0000e+00  5.3879e+03  2.1075e+00]
 [-1.0397e+00  0.0000e+00  0.0000e+00  0.0000e+00  2.1075e+00  5.3820e+03]]

 Right Mass

[[1807.8529    0.        0.        0.       10.594   -56.6684]
 [   0.     1807.8529    0.      -10.594     0.        0.    ]
 [   0.        0.     1807.8529   56.6684    0.        0.    ]
 [   0.      -10.594    56.6684 7903.7505    0.        0.    ]
 [  10.594     0.        0.        0.     3737.0047 -192.9842]
 [ -56.6684    0.        0.        0.     -192.9842 4166.7458]]

 Segment Timo

[[ 1.7054e+10  4.0517e+07 -1.4245e+07  3.4808e+08 -1.4099e+09 -5.3424e+09]
 [ 4.0517e+07  2.1176e+09 -3.7477e+08  3.3822e+07 -1.1522e+08 -3.9708e+08]
 [-1.4245e+07 -3.7477e+08  8.4633e+08  5.0993e+08  2.5443e+08  4.0598e+07]
 [ 3.4808e+08  3.3822e+07  5.0993e+08  5.3725e+09 -1.0822e+09  2.9069e+08]
 [-1.4099e+09 -1.1522e+08  2.5443e+08 -1.0822e+09  1.5360e+10  5.2685e+09]
 [-5.3424e+09 -3.9708e+08  4.0598e+07  2.9069e+08  5.2685e+09  2.7301e+10]]

 Left Timo

[[ 1.9081e+10  1.5883e+06 -1.8638e+05  8.4724e+05 -1.0533e+09 -3.9723e+09]
 [ 1.5883e+06  3.0666e+09 -3.6621e+08  7.3234e+07 -2.9431e+06 -4.2774e+06]
 [-1.8638e+05 -3.6621e+08  1.8585e+09  5.6471e+08 -2.9982e+06  1.6059e+06]
 [ 8.4724e+05  7.3234e+07  5.6471e+08  1.5412e+10 -6.6247e+06  1.8556e+04]
 [-1.0533e+09 -2.9431e+06 -2.9982e+06 -6.6247e+06  2.6979e+10  5.5866e+09]
 [-3.9723e+09 -4.2774e+06  1.6059e+06  1.8556e+04  5.5866e+09  3.8015e+10]]

 Right Timo

[[ 1.5285e+10  2.5063e+04  2.7956e+05  7.3784e+05 -6.8079e+08 -4.5523e+09]
 [ 2.5063e+04  1.9282e+09 -3.2493e+08  3.9046e+07 -1.7110e+04  9.1609e+04]
 [ 2.7956e+05 -3.2493e+08  7.7596e+08  6.5346e+08 -4.7135e+06 -9.7038e+05]
 [ 7.3784e+05  3.9046e+07  6.5346e+08  3.6192e+09 -3.0086e+06  5.4748e+05]
 [-6.8079e+08 -1.7110e+04 -4.7135e+06 -3.0086e+06  9.5640e+09  3.7578e+09]
 [-4.5523e+09  9.1609e+04 -9.7038e+05  5.4748e+05  3.7578e+09  2.1610e+10]]

 Segment:  2   ||  Taper Origin:  0.17241379310614324   || num_elem:   87204


 Segment Mass

[[1600.5968    0.        0.        0.       43.9902 -152.3894]
 [   0.     1600.5968    0.      -43.9902    0.        0.    ]
 [   0.        0.     1600.5968  152.3894    0.        0.    ]
 [   0.      -43.9902  152.3894 5367.9033    0.        0.    ]
 [  43.9902    0.        0.        0.     2115.3752 -443.6428]
 [-152.3894    0.        0.        0.     -443.6428 3252.5282]]

 Left Mass

[[ 2.2067e+03  0.0000e+00  0.0000e+00  0.0000e+00  4.6481e-01 -1.0397e+00]
 [ 0.0000e+00  2.2067e+03  0.0000e+00 -4.6481e-01  0.0000e+00  0.0000e+00]
 [ 0.0000e+00  0.0000e+00  2.2067e+03  1.0397e+00  0.0000e+00  0.0000e+00]
 [ 0.0000e+00 -4.6481e-01  1.0397e+00  1.0770e+04  0.0000e+00  0.0000e+00]
 [ 4.6481e-01  0.0000e+00  0.0000e+00  0.0000e+00  5.3879e+03  2.1075e+00]
 [-1.0397e+00  0.0000e+00  0.0000e+00  0.0000e+00  2.1075e+00  5.3820e+03]]

 Right Mass

[[1807.8529    0.        0.        0.       10.594   -56.6684]
 [   0.     1807.8529    0.      -10.594     0.        0.    ]
 [   0.        0.     1807.8529   56.6684    0.        0.    ]
 [   0.      -10.594    56.6684 7903.7505    0.        0.    ]
 [  10.594     0.        0.        0.     3737.0047 -192.9842]
 [ -56.6684    0.        0.        0.     -192.9842 4166.7458]]

 Segment Timo

[[ 1.4537e+10 -2.8758e+07  3.5297e+07  1.5582e+08 -7.9045e+08 -4.5322e+09]
 [-2.8758e+07  1.4457e+09 -2.1685e+08  9.1094e+05 -4.9449e+07 -2.1658e+08]
 [ 3.5297e+07 -2.1685e+08  5.0027e+08  4.2561e+08  6.9584e+07  1.1092e+07]
 [ 1.5582e+08  9.1094e+05  4.2561e+08  1.8993e+09 -4.4417e+07 -8.6056e+06]
 [-7.9045e+08 -4.9449e+07  6.9584e+07 -4.4417e+07  7.0595e+09  3.0083e+09]
 [-4.5322e+09 -2.1658e+08  1.1092e+07 -8.6056e+06  3.0083e+09  1.7972e+10]]

 Left Timo

[[ 1.5274e+10  2.1859e+05  2.7373e+05  8.7113e+05 -6.7798e+08 -4.5435e+09]
 [ 2.1859e+05  1.9282e+09 -3.2496e+08  3.9039e+07 -1.4171e+05 -2.7441e+05]
 [ 2.7373e+05 -3.2496e+08  7.7595e+08  6.5340e+08 -4.8750e+06 -9.7462e+05]
 [ 8.7113e+05  3.9039e+07  6.5340e+08  3.6191e+09 -3.4647e+06  4.1385e+05]
 [-6.7798e+08 -1.4171e+05 -4.8750e+06 -3.4647e+06  9.5534e+09  3.7554e+09]
 [-4.5435e+09 -2.7441e+05 -9.7462e+05  4.1385e+05  3.7554e+09  2.1603e+10]]

 Right Timo

[[ 1.3582e+10  1.9570e+04  1.1551e+06  1.0282e+06 -9.8003e+08 -4.2777e+09]
 [ 1.9570e+04  1.1228e+09 -1.5763e+08 -1.6504e+07 -8.6494e+04 -2.3400e+03]
 [ 1.1551e+06 -1.5763e+08  3.6250e+08  2.9529e+08 -2.2931e+06 -9.7008e+05]
 [ 1.0282e+06 -1.6504e+07  2.9529e+08  1.1830e+09 -1.7129e+06 -6.0672e+05]
 [-9.8003e+08 -8.6494e+04 -2.2931e+06 -1.7129e+06  5.1535e+09  2.5224e+09]
 [-4.2777e+09 -2.3400e+03 -9.7008e+05 -6.0672e+05  2.5224e+09  1.4986e+10]]

 Segment:  3   ||  Taper Origin:  0.24137931034227017   || num_elem:   93468


 Segment Mass

[[1600.5968    0.        0.        0.       43.9902 -152.3894]
 [   0.     1600.5968    0.      -43.9902    0.        0.    ]
 [   0.        0.     1600.5968  152.3894    0.        0.    ]
 [   0.      -43.9902  152.3894 5367.9033    0.        0.    ]
 [  43.9902    0.        0.        0.     2115.3752 -443.6428]
 [-152.3894    0.        0.        0.     -443.6428 3252.5282]]

 Left Mass

[[ 2.2067e+03  0.0000e+00  0.0000e+00  0.0000e+00  4.6481e-01 -1.0397e+00]
 [ 0.0000e+00  2.2067e+03  0.0000e+00 -4.6481e-01  0.0000e+00  0.0000e+00]
 [ 0.0000e+00  0.0000e+00  2.2067e+03  1.0397e+00  0.0000e+00  0.0000e+00]
 [ 0.0000e+00 -4.6481e-01  1.0397e+00  1.0770e+04  0.0000e+00  0.0000e+00]
 [ 4.6481e-01  0.0000e+00  0.0000e+00  0.0000e+00  5.3879e+03  2.1075e+00]
 [-1.0397e+00  0.0000e+00  0.0000e+00  0.0000e+00  2.1075e+00  5.3820e+03]]

 Right Mass

[[1807.8529    0.        0.        0.       10.594   -56.6684]
 [   0.     1807.8529    0.      -10.594     0.        0.    ]
 [   0.        0.     1807.8529   56.6684    0.        0.    ]
 [   0.      -10.594    56.6684 7903.7505    0.        0.    ]
 [  10.594     0.        0.        0.     3737.0047 -192.9842]
 [ -56.6684    0.        0.        0.     -192.9842 4166.7458]]

 Segment Timo

[[ 1.3542e+10 -3.4756e+07 -1.1541e+07  9.7105e+07 -5.0418e+08 -4.5031e+09]
 [-3.4756e+07  9.0052e+08 -1.0946e+08 -3.5928e+07 -3.7655e+07 -7.6835e+07]
 [-1.1541e+07 -1.0946e+08  2.9120e+08  2.2602e+08  3.4617e+06  1.9360e+07]
 [ 9.7105e+07 -3.5928e+07  2.2602e+08  8.1219e+08  8.5835e+06 -1.3249e+07]
 [-5.0418e+08 -3.7655e+07  3.4617e+06  8.5835e+06  4.4458e+09  1.7649e+09]
 [-4.5031e+09 -7.6835e+07  1.9360e+07 -1.3249e+07  1.7649e+09  1.3388e+10]]

 Left Timo

[[ 1.3587e+10 -1.6724e+04  1.1597e+06  1.0203e+06 -9.8163e+08 -4.2808e+09]
 [-1.6724e+04  1.1229e+09 -1.5763e+08 -1.6493e+07 -5.8852e+04  1.1141e+04]
 [ 1.1597e+06 -1.5763e+08  3.6250e+08  2.9530e+08 -2.2710e+06 -9.9492e+05]
 [ 1.0203e+06 -1.6493e+07  2.9530e+08  1.1831e+09 -1.6727e+06 -6.0267e+05]
 [-9.8163e+08 -5.8852e+04 -2.2710e+06 -1.6727e+06  5.1556e+09  2.5232e+09]
 [-4.2808e+09  1.1141e+04 -9.9492e+05 -6.0267e+05  2.5232e+09  1.4988e+10]]

 Right Timo

[[ 1.4163e+10  1.9803e+04  1.2158e+06  9.2197e+05 -1.5134e+08 -4.9003e+09]
 [ 1.9803e+04  7.7366e+08 -8.1205e+07 -4.4210e+07  3.1200e+02  6.7109e+04]
 [ 1.2158e+06 -8.1205e+07  2.4898e+08  1.8277e+08 -1.5601e+06 -8.5259e+05]
 [ 9.2197e+05 -4.4210e+07  1.8277e+08  6.2069e+08 -1.0568e+06 -7.6457e+05]
 [-1.5134e+08  3.1200e+02 -1.5601e+06 -1.0568e+06  4.0240e+09  1.2510e+09]
 [-4.9003e+09  6.7109e+04 -8.5259e+05 -7.6457e+05  1.2510e+09  1.2533e+10]]

 Segment:  4   ||  Taper Origin:  0.31034482758833876   || num_elem:   89217


 Segment Mass

[[1600.5968    0.        0.        0.       43.9902 -152.3894]
 [   0.     1600.5968    0.      -43.9902    0.        0.    ]
 [   0.        0.     1600.5968  152.3894    0.        0.    ]
 [   0.      -43.9902  152.3894 5367.9033    0.        0.    ]
 [  43.9902    0.        0.        0.     2115.3752 -443.6428]
 [-152.3894    0.        0.        0.     -443.6428 3252.5282]]

 Left Mass

[[ 2.2067e+03  0.0000e+00  0.0000e+00  0.0000e+00  4.6481e-01 -1.0397e+00]
 [ 0.0000e+00  2.2067e+03  0.0000e+00 -4.6481e-01  0.0000e+00  0.0000e+00]
 [ 0.0000e+00  0.0000e+00  2.2067e+03  1.0397e+00  0.0000e+00  0.0000e+00]
 [ 0.0000e+00 -4.6481e-01  1.0397e+00  1.0770e+04  0.0000e+00  0.0000e+00]
 [ 4.6481e-01  0.0000e+00  0.0000e+00  0.0000e+00  5.3879e+03  2.1075e+00]
 [-1.0397e+00  0.0000e+00  0.0000e+00  0.0000e+00  2.1075e+00  5.3820e+03]]

 Right Mass

[[1807.8529    0.        0.        0.       10.594   -56.6684]
 [   0.     1807.8529    0.      -10.594     0.        0.    ]
 [   0.        0.     1807.8529   56.6684    0.        0.    ]
 [   0.      -10.594    56.6684 7903.7505    0.        0.    ]
 [  10.594     0.        0.        0.     3737.0047 -192.9842]
 [ -56.6684    0.        0.        0.     -192.9842 4166.7458]]

 Segment Timo

[[ 1.4293e+10 -4.1025e+06  9.1841e+05  4.6368e+07 -3.3146e+07 -4.8917e+09]
 [-4.1025e+06  7.3542e+08 -6.9913e+07 -4.6239e+07 -1.0829e+07 -3.3470e+07]
 [ 9.1841e+05 -6.9913e+07  2.1085e+08  1.4181e+08  1.0292e+05  2.5551e+06]
 [ 4.6368e+07 -4.6239e+07  1.4181e+08  5.1172e+08  1.7906e+07 -7.8185e+06]
 [-3.3146e+07 -1.0829e+07  1.0292e+05  1.7906e+07  3.5966e+09  1.0273e+09]
 [-4.8917e+09 -3.3470e+07  2.5551e+06 -7.8185e+06  1.0273e+09  1.1663e+10]]

 Left Timo

[[ 1.4157e+10  1.0224e+04  1.1938e+06  9.2124e+05 -1.5370e+08 -4.9186e+09]
 [ 1.0224e+04  7.7354e+08 -8.0968e+07 -4.4346e+07  8.3410e+03  7.4111e+04]
 [ 1.1938e+06 -8.0968e+07  2.5073e+08  1.8019e+08 -1.5687e+06 -8.7137e+05]
 [ 9.2124e+05 -4.4346e+07  1.8019e+08  6.2441e+08 -1.0470e+06 -7.1517e+05]
 [-1.5370e+08  8.3410e+03 -1.5687e+06 -1.0470e+06  4.0239e+09  1.2471e+09]
 [-4.9186e+09  7.4111e+04 -8.7137e+05 -7.1517e+05  1.2471e+09  1.2486e+10]]

 Right Timo

[[ 1.5319e+10  2.5329e+04  3.3334e+05  2.9734e+05  6.6877e+07 -5.2455e+09]
 [ 2.5329e+04  7.2194e+08 -6.4095e+07 -4.8515e+07  3.9820e+03  4.5408e+04]
 [ 3.3334e+05 -6.4095e+07  2.0360e+08  1.2677e+08 -4.2943e+05 -2.9271e+05]
 [ 2.9734e+05 -4.8515e+07  1.2677e+08  4.6015e+08 -2.5262e+05 -1.8492e+05]
 [ 6.6877e+07  3.9820e+03 -4.2943e+05 -2.5262e+05  3.5882e+09  8.5639e+08]
 [-5.2455e+09  4.5408e+04 -2.9271e+05 -1.8492e+05  8.5639e+08  1.1197e+10]]

 Segment:  5   ||  Taper Origin:  0.37931034482725123   || num_elem:   86017


 Segment Mass

[[1600.5968    0.        0.        0.       43.9902 -152.3894]
 [   0.     1600.5968    0.      -43.9902    0.        0.    ]
 [   0.        0.     1600.5968  152.3894    0.        0.    ]
 [   0.      -43.9902  152.3894 5367.9033    0.        0.    ]
 [  43.9902    0.        0.        0.     2115.3752 -443.6428]
 [-152.3894    0.        0.        0.     -443.6428 3252.5282]]

 Left Mass

[[ 2.2067e+03  0.0000e+00  0.0000e+00  0.0000e+00  4.6481e-01 -1.0397e+00]
 [ 0.0000e+00  2.2067e+03  0.0000e+00 -4.6481e-01  0.0000e+00  0.0000e+00]
 [ 0.0000e+00  0.0000e+00  2.2067e+03  1.0397e+00  0.0000e+00  0.0000e+00]
 [ 0.0000e+00 -4.6481e-01  1.0397e+00  1.0770e+04  0.0000e+00  0.0000e+00]
 [ 4.6481e-01  0.0000e+00  0.0000e+00  0.0000e+00  5.3879e+03  2.1075e+00]
 [-1.0397e+00  0.0000e+00  0.0000e+00  0.0000e+00  2.1075e+00  5.3820e+03]]

 Right Mass

[[1807.8529    0.        0.        0.       10.594   -56.6684]
 [   0.     1807.8529    0.      -10.594     0.        0.    ]
 [   0.        0.     1807.8529   56.6684    0.        0.    ]
 [   0.      -10.594    56.6684 7903.7505    0.        0.    ]
 [  10.594     0.        0.        0.     3737.0047 -192.9842]
 [ -56.6684    0.        0.        0.     -192.9842 4166.7458]]

 Segment Timo

[[ 1.4999e+10  6.8168e+06 -4.8977e+05  2.5150e+07  1.3540e+08 -4.9398e+09]
 [ 6.8168e+06  6.6178e+08 -5.4890e+07 -4.4220e+07 -9.1971e+06 -6.0511e+07]
 [-4.8977e+05 -5.4890e+07  1.7096e+08  1.0605e+08  9.6135e+06  4.6444e+06]
 [ 2.5150e+07 -4.4220e+07  1.0605e+08  3.8017e+08  3.3541e+06  6.1144e+06]
 [ 1.3540e+08 -9.1971e+06  9.6135e+06  3.3541e+06  3.2610e+09  6.7961e+08]
 [-4.9398e+09 -6.0511e+07  4.6444e+06  6.1144e+06  6.7961e+08  9.8812e+09]]

 Left Timo

[[ 1.5319e+10  2.6037e+04  3.3052e+05  2.9215e+05  6.6904e+07 -5.2452e+09]
 [ 2.6037e+04  7.2193e+08 -6.4094e+07 -4.8515e+07  6.1050e+03  4.9282e+04]
 [ 3.3052e+05 -6.4094e+07  2.0360e+08  1.2677e+08 -4.4017e+05 -2.9074e+05]
 [ 2.9215e+05 -4.8515e+07  1.2677e+08  4.6015e+08 -2.5795e+05 -1.8048e+05]
 [ 6.6904e+07  6.1050e+03 -4.4017e+05 -2.5795e+05  3.5881e+09  8.5636e+08]
 [-5.2452e+09  4.9282e+04 -2.9074e+05 -1.8048e+05  8.5636e+08  1.1197e+10]]

 Right Timo

[[ 1.4743e+10  1.5725e+05  1.0338e+05  1.4250e+05  2.0224e+08 -4.6032e+09]
 [ 1.5725e+05  6.2562e+08 -4.8592e+07 -4.1425e+07  1.7028e+04  7.6272e+04]
 [ 1.0338e+05 -4.8592e+07  1.4398e+08  8.8277e+07 -5.8688e+05 -1.6378e+05]
 [ 1.4250e+05 -4.1425e+07  8.8277e+07  3.2330e+08 -3.3008e+05 -3.1141e+04]
 [ 2.0224e+08  1.7028e+04 -5.8688e+05 -3.3008e+05  2.9105e+09  5.3296e+08]
 [-4.6032e+09  7.6272e+04 -1.6378e+05 -3.1141e+04  5.3296e+08  8.7511e+09]]

 Segment:  6   ||  Taper Origin:  0.44827586208296066   || num_elem:   84497


 Segment Mass

[[1600.5968    0.        0.        0.       43.9902 -152.3894]
 [   0.     1600.5968    0.      -43.9902    0.        0.    ]
 [   0.        0.     1600.5968  152.3894    0.        0.    ]
 [   0.      -43.9902  152.3894 5367.9033    0.        0.    ]
 [  43.9902    0.        0.        0.     2115.3752 -443.6428]
 [-152.3894    0.        0.        0.     -443.6428 3252.5282]]

 Left Mass

[[ 2.2067e+03  0.0000e+00  0.0000e+00  0.0000e+00  4.6481e-01 -1.0397e+00]
 [ 0.0000e+00  2.2067e+03  0.0000e+00 -4.6481e-01  0.0000e+00  0.0000e+00]
 [ 0.0000e+00  0.0000e+00  2.2067e+03  1.0397e+00  0.0000e+00  0.0000e+00]
 [ 0.0000e+00 -4.6481e-01  1.0397e+00  1.0770e+04  0.0000e+00  0.0000e+00]
 [ 4.6481e-01  0.0000e+00  0.0000e+00  0.0000e+00  5.3879e+03  2.1075e+00]
 [-1.0397e+00  0.0000e+00  0.0000e+00  0.0000e+00  2.1075e+00  5.3820e+03]]

 Right Mass

[[1807.8529    0.        0.        0.       10.594   -56.6684]
 [   0.     1807.8529    0.      -10.594     0.        0.    ]
 [   0.        0.     1807.8529   56.6684    0.        0.    ]
 [   0.      -10.594    56.6684 7903.7505    0.        0.    ]
 [  10.594     0.        0.        0.     3737.0047 -192.9842]
 [ -56.6684    0.        0.        0.     -192.9842 4166.7458]]

 Segment Timo

[[ 1.4401e+10  1.5716e+06 -1.2968e+06  2.0964e+07  2.3897e+08 -4.3957e+09]
 [ 1.5716e+06  5.4920e+08 -3.8180e+07 -3.3827e+07 -1.0195e+07 -7.0985e+07]
 [-1.2968e+06 -3.8180e+07  1.2832e+08  7.2996e+07  1.0275e+07  5.3261e+06]
 [ 2.0964e+07 -3.3827e+07  7.2996e+07  2.4609e+08  1.4575e+07  1.1485e+07]
 [ 2.3897e+08 -1.0195e+07  1.0275e+07  1.4575e+07  2.4691e+09  3.6488e+08]
 [-4.3957e+09 -7.0985e+07  5.3261e+06  1.1485e+07  3.6488e+08  7.2754e+09]]

 Left Timo

[[ 1.4743e+10  1.5291e+05  1.0295e+05  1.3810e+05  2.0216e+08 -4.6031e+09]
 [ 1.5291e+05  6.2561e+08 -4.8591e+07 -4.1424e+07  2.1452e+04  8.4672e+04]
 [ 1.0295e+05 -4.8591e+07  1.4398e+08  8.8277e+07 -5.9327e+05 -1.6460e+05]
 [ 1.3810e+05 -4.1424e+07  8.8277e+07  3.2330e+08 -3.2807e+05 -2.9209e+04]
 [ 2.0216e+08  2.1452e+04 -5.9327e+05 -3.2807e+05  2.9105e+09  5.3298e+08]
 [-4.6031e+09  8.4672e+04 -1.6460e+05 -2.9209e+04  5.3298e+08  8.7509e+09]]

 Right Timo

[[ 1.4134e+10  5.0356e+04  9.2441e+04  1.5197e+05  2.6865e+08 -4.1140e+09]
 [ 5.0356e+04  5.3247e+08 -3.2879e+07 -3.0576e+07  9.7230e+03  4.2375e+04]
 [ 9.2441e+04 -3.2879e+07  1.1873e+08  6.2083e+07 -5.3053e+05 -1.3860e+05]
 [ 1.5197e+05 -3.0576e+07  6.2083e+07  2.0151e+08 -3.4296e+05 -7.2774e+04]
 [ 2.6865e+08  9.7230e+03 -5.3053e+05 -3.4296e+05  2.0903e+09  2.4641e+08]
 [-4.1140e+09  4.2375e+04 -1.3860e+05 -7.2774e+04  2.4641e+08  6.1883e+09]]

 Segment:  7   ||  Taper Origin:  0.51724137929877   || num_elem:   88910


 Segment Mass

[[1600.5968    0.        0.        0.       43.9902 -152.3894]
 [   0.     1600.5968    0.      -43.9902    0.        0.    ]
 [   0.        0.     1600.5968  152.3894    0.        0.    ]
 [   0.      -43.9902  152.3894 5367.9033    0.        0.    ]
 [  43.9902    0.        0.        0.     2115.3752 -443.6428]
 [-152.3894    0.        0.        0.     -443.6428 3252.5282]]

 Left Mass

[[ 2.2067e+03  0.0000e+00  0.0000e+00  0.0000e+00  4.6481e-01 -1.0397e+00]
 [ 0.0000e+00  2.2067e+03  0.0000e+00 -4.6481e-01  0.0000e+00  0.0000e+00]
 [ 0.0000e+00  0.0000e+00  2.2067e+03  1.0397e+00  0.0000e+00  0.0000e+00]
 [ 0.0000e+00 -4.6481e-01  1.0397e+00  1.0770e+04  0.0000e+00  0.0000e+00]
 [ 4.6481e-01  0.0000e+00  0.0000e+00  0.0000e+00  5.3879e+03  2.1075e+00]
 [-1.0397e+00  0.0000e+00  0.0000e+00  0.0000e+00  2.1075e+00  5.3820e+03]]

 Right Mass

[[1807.8529    0.        0.        0.       10.594   -56.6684]
 [   0.     1807.8529    0.      -10.594     0.        0.    ]
 [   0.        0.     1807.8529   56.6684    0.        0.    ]
 [   0.      -10.594    56.6684 7903.7505    0.        0.    ]
 [  10.594     0.        0.        0.     3737.0047 -192.9842]
 [ -56.6684    0.        0.        0.     -192.9842 4166.7458]]

 Segment Timo

[[ 1.3028e+10  9.3243e+06 -1.1605e+06  1.1705e+07  1.3544e+08 -3.5362e+09]
 [ 9.3243e+06  4.4415e+08 -2.5795e+07 -2.4573e+07 -7.7612e+06 -6.2707e+07]
 [-1.1605e+06 -2.5795e+07  1.0266e+08  4.8938e+07  1.4632e+07  3.8737e+06]
 [ 1.1705e+07 -2.4573e+07  4.8938e+07  1.5104e+08  1.2024e+07  1.0087e+07]
 [ 1.3544e+08 -7.7612e+06  1.4632e+07  1.2024e+07  1.6665e+09  2.1074e+08]
 [-3.5362e+09 -6.2707e+07  3.8737e+06  1.0087e+07  2.1074e+08  5.0695e+09]]

 Left Timo

[[ 1.4135e+10  3.0770e+04  9.2167e+04  1.4712e+05  2.6873e+08 -4.1141e+09]
 [ 3.0770e+04  5.3247e+08 -3.2879e+07 -3.0576e+07  1.3739e+04  5.6262e+04]
 [ 9.2167e+04 -3.2879e+07  1.1873e+08  6.2084e+07 -5.2940e+05 -1.3836e+05]
 [ 1.4712e+05 -3.0576e+07  6.2084e+07  2.0151e+08 -3.3628e+05 -7.0704e+04]
 [ 2.6873e+08  1.3739e+04 -5.2940e+05 -3.3628e+05  2.0904e+09  2.4637e+08]
 [-4.1141e+09  5.6262e+04 -1.3836e+05 -7.0704e+04  2.4637e+08  6.1884e+09]]

 Right Timo

[[ 1.1970e+10  7.6436e+04  3.2909e+04  8.3031e+04  2.8321e+08 -2.9999e+09]
 [ 7.6436e+04  3.8330e+08 -1.6488e+07 -1.9959e+07  8.8650e+03  1.0756e+04]
 [ 3.2909e+04 -1.6488e+07  9.3177e+07  3.9493e+07 -3.9485e+05 -7.9221e+04]
 [ 8.3031e+04 -1.9959e+07  3.9493e+07  1.1463e+08 -2.2416e+05 -3.7476e+04]
 [ 2.8321e+08  8.8650e+03 -3.9485e+05 -2.2416e+05  1.3082e+09  8.4211e+07]
 [-2.9999e+09  1.0756e+04 -7.9221e+04 -3.7476e+04  8.4211e+07  4.1209e+09]]

 Segment:  8   ||  Taper Origin:  0.5862068965382857   || num_elem:   105158


 Segment Mass

[[1600.5968    0.        0.        0.       43.9902 -152.3894]
 [   0.     1600.5968    0.      -43.9902    0.        0.    ]
 [   0.        0.     1600.5968  152.3894    0.        0.    ]
 [   0.      -43.9902  152.3894 5367.9033    0.        0.    ]
 [  43.9902    0.        0.        0.     2115.3752 -443.6428]
 [-152.3894    0.        0.        0.     -443.6428 3252.5282]]

 Left Mass

[[ 2.2067e+03  0.0000e+00  0.0000e+00  0.0000e+00  4.6481e-01 -1.0397e+00]
 [ 0.0000e+00  2.2067e+03  0.0000e+00 -4.6481e-01  0.0000e+00  0.0000e+00]
 [ 0.0000e+00  0.0000e+00  2.2067e+03  1.0397e+00  0.0000e+00  0.0000e+00]
 [ 0.0000e+00 -4.6481e-01  1.0397e+00  1.0770e+04  0.0000e+00  0.0000e+00]
 [ 4.6481e-01  0.0000e+00  0.0000e+00  0.0000e+00  5.3879e+03  2.1075e+00]
 [-1.0397e+00  0.0000e+00  0.0000e+00  0.0000e+00  2.1075e+00  5.3820e+03]]

 Right Mass

[[1807.8529    0.        0.        0.       10.594   -56.6684]
 [   0.     1807.8529    0.      -10.594     0.        0.    ]
 [   0.        0.     1807.8529   56.6684    0.        0.    ]
 [   0.      -10.594    56.6684 7903.7505    0.        0.    ]
 [  10.594     0.        0.        0.     3737.0047 -192.9842]
 [ -56.6684    0.        0.        0.     -192.9842 4166.7458]]

 Segment Timo

[[ 1.0559e+10  4.7676e+06  1.2466e+07  3.2622e+06  8.1793e+07 -2.4710e+09]
 [ 4.7676e+06  3.2923e+08 -1.3992e+07 -1.5275e+07 -3.9572e+06 -7.3064e+07]
 [ 1.2466e+07 -1.3992e+07  7.6862e+07  2.8441e+07  1.6084e+07 -8.1864e+05]
 [ 3.2622e+06 -1.5275e+07  2.8441e+07  8.5278e+07  9.1387e+06  8.0900e+06]
 [ 8.1793e+07 -3.9572e+06  1.6084e+07  9.1387e+06  9.7636e+08  9.6048e+07]
 [-2.4710e+09 -7.3064e+07 -8.1864e+05  8.0900e+06  9.6048e+07  3.1857e+09]]

 Left Timo

[[ 1.1970e+10  5.8357e+04  3.2720e+04  8.1255e+04  2.8331e+08 -2.9997e+09]
 [ 5.8357e+04  3.8330e+08 -1.6488e+07 -1.9959e+07  9.5460e+03  2.0000e+04]
 [ 3.2720e+04 -1.6488e+07  9.3178e+07  3.9494e+07 -3.9339e+05 -7.8425e+04]
 [ 8.1255e+04 -1.9959e+07  3.9494e+07  1.1463e+08 -2.1901e+05 -3.6536e+04]
 [ 2.8331e+08  9.5460e+03 -3.9339e+05 -2.1901e+05  1.3081e+09  8.4171e+07]
 [-2.9997e+09  2.0000e+04 -7.8425e+04 -3.6536e+04  8.4171e+07  4.1207e+09]]

 Right Timo

[[ 8.6538e+09 -9.3090e+03  7.2735e+04  5.5500e+04  3.0591e+07 -1.9211e+09]
 [-9.3090e+03  2.9304e+08 -7.4270e+06 -1.0597e+07  2.1090e+03  2.4160e+04]
 [ 7.2735e+04 -7.4270e+06  6.7054e+07  1.9936e+07 -2.1371e+05 -5.4779e+04]
 [ 5.5500e+04 -1.0597e+07  1.9936e+07  5.8492e+07 -6.9484e+04 -2.8947e+04]
 [ 3.0591e+07  2.1090e+03 -2.1371e+05 -6.9484e+04  6.7161e+08  5.7691e+07]
 [-1.9211e+09  2.4160e+04 -5.4779e+04 -2.8947e+04  5.7691e+07  2.1640e+09]]

 Segment:  9   ||  Taper Origin:  0.6551724137938186   || num_elem:   138239


 Segment Mass

[[1600.5968    0.        0.        0.       43.9902 -152.3894]
 [   0.     1600.5968    0.      -43.9902    0.        0.    ]
 [   0.        0.     1600.5968  152.3894    0.        0.    ]
 [   0.      -43.9902  152.3894 5367.9033    0.        0.    ]
 [  43.9902    0.        0.        0.     2115.3752 -443.6428]
 [-152.3894    0.        0.        0.     -443.6428 3252.5282]]

 Left Mass

[[ 2.2067e+03  0.0000e+00  0.0000e+00  0.0000e+00  4.6481e-01 -1.0397e+00]
 [ 0.0000e+00  2.2067e+03  0.0000e+00 -4.6481e-01  0.0000e+00  0.0000e+00]
 [ 0.0000e+00  0.0000e+00  2.2067e+03  1.0397e+00  0.0000e+00  0.0000e+00]
 [ 0.0000e+00 -4.6481e-01  1.0397e+00  1.0770e+04  0.0000e+00  0.0000e+00]
 [ 4.6481e-01  0.0000e+00  0.0000e+00  0.0000e+00  5.3879e+03  2.1075e+00]
 [-1.0397e+00  0.0000e+00  0.0000e+00  0.0000e+00  2.1075e+00  5.3820e+03]]

 Right Mass

[[1807.8529    0.        0.        0.       10.594   -56.6684]
 [   0.     1807.8529    0.      -10.594     0.        0.    ]
 [   0.        0.     1807.8529   56.6684    0.        0.    ]
 [   0.      -10.594    56.6684 7903.7505    0.        0.    ]
 [  10.594     0.        0.        0.     3737.0047 -192.9842]
 [ -56.6684    0.        0.        0.     -192.9842 4166.7458]]

 Segment Timo

[[ 7.2954e+09  1.6045e+07  1.5847e+06  1.7284e+06  1.3234e+08 -1.3982e+09]
 [ 1.6045e+07  2.2932e+08 -1.3936e+06 -7.9680e+06 -1.3529e+06 -3.8071e+07]
 [ 1.5847e+06 -1.3936e+06  4.5400e+07  1.3778e+07  9.5846e+06  3.4379e+05]
 [ 1.7284e+06 -7.9680e+06  1.3778e+07  3.8775e+07  7.2279e+05  2.8621e+06]
 [ 1.3234e+08 -1.3529e+06  9.5846e+06  7.2279e+05  4.8042e+08  2.6429e+06]
 [-1.3982e+09 -3.8071e+07  3.4379e+05  2.8621e+06  2.6429e+06  1.5859e+09]]

 Left Timo

[[ 8.6531e+09 -1.0819e+04  7.3547e+04  5.6652e+04  3.0654e+07 -1.9209e+09]
 [-1.0819e+04  2.9304e+08 -7.4272e+06 -1.0597e+07  1.6290e+03  2.6635e+04]
 [ 7.3547e+04 -7.4272e+06  6.7054e+07  1.9936e+07 -2.1309e+05 -5.5111e+04]
 [ 5.6652e+04 -1.0597e+07  1.9936e+07  5.8492e+07 -6.8847e+04 -2.9733e+04]
 [ 3.0654e+07  1.6290e+03 -2.1309e+05 -6.8847e+04  6.7155e+08  5.7672e+07]
 [-1.9209e+09  2.6635e+04 -5.5111e+04 -2.9733e+04  5.7672e+07  2.1639e+09]]

 Right Timo

[[ 6.0994e+09  6.8758e+04  3.3592e+04  2.2307e+04  4.8873e+07 -1.0071e+09]
 [ 6.8758e+04  1.9108e+08 -1.1982e+06 -6.5149e+06 -1.3620e+03  5.5380e+03]
 [ 3.3592e+04 -1.1982e+06  3.5126e+07  1.0267e+07 -7.5466e+04 -1.9949e+04]
 [ 2.2307e+04 -6.5149e+06  1.0267e+07  2.6484e+07 -2.2274e+04 -6.1390e+03]
 [ 4.8873e+07 -1.3620e+03 -7.5466e+04 -2.2274e+04  3.2398e+08  3.7417e+06]
 [-1.0071e+09  5.5380e+03 -1.9949e+04 -6.1390e+03  3.7417e+06  1.1026e+09]]

 Segment:  10   ||  Taper Origin:  0.7241379309980056   || num_elem:   173508


 Segment Mass

[[1600.5968    0.        0.        0.       43.9902 -152.3894]
 [   0.     1600.5968    0.      -43.9902    0.        0.    ]
 [   0.        0.     1600.5968  152.3894    0.        0.    ]
 [   0.      -43.9902  152.3894 5367.9033    0.        0.    ]
 [  43.9902    0.        0.        0.     2115.3752 -443.6428]
 [-152.3894    0.        0.        0.     -443.6428 3252.5282]]

 Left Mass

[[ 2.2067e+03  0.0000e+00  0.0000e+00  0.0000e+00  4.6481e-01 -1.0397e+00]
 [ 0.0000e+00  2.2067e+03  0.0000e+00 -4.6481e-01  0.0000e+00  0.0000e+00]
 [ 0.0000e+00  0.0000e+00  2.2067e+03  1.0397e+00  0.0000e+00  0.0000e+00]
 [ 0.0000e+00 -4.6481e-01  1.0397e+00  1.0770e+04  0.0000e+00  0.0000e+00]
 [ 4.6481e-01  0.0000e+00  0.0000e+00  0.0000e+00  5.3879e+03  2.1075e+00]
 [-1.0397e+00  0.0000e+00  0.0000e+00  0.0000e+00  2.1075e+00  5.3820e+03]]

 Right Mass

[[1807.8529    0.        0.        0.       10.594   -56.6684]
 [   0.     1807.8529    0.      -10.594     0.        0.    ]
 [   0.        0.     1807.8529   56.6684    0.        0.    ]
 [   0.      -10.594    56.6684 7903.7505    0.        0.    ]
 [  10.594     0.        0.        0.     3737.0047 -192.9842]
 [ -56.6684    0.        0.        0.     -192.9842 4166.7458]]

 Segment Timo

[[ 4.8555e+09  1.1282e+07  1.2780e+06  9.3472e+05  9.1945e+07 -6.5545e+08]
 [ 1.1282e+07  1.2404e+08  1.7813e+06 -4.0685e+06 -1.5783e+05 -2.5062e+07]
 [ 1.2780e+06  1.7813e+06  2.6394e+07  6.4149e+06  6.1022e+06 -6.4722e+05]
 [ 9.3472e+05 -4.0685e+06  6.4149e+06  1.5656e+07  2.2166e+06  1.8543e+06]
 [ 9.1945e+07 -1.5783e+05  6.1022e+06  2.2166e+06  2.1817e+08 -1.2772e+07]
 [-6.5545e+08 -2.5062e+07 -6.4722e+05  1.8543e+06 -1.2772e+07  7.2507e+08]]

 Left Timo

[[ 6.0991e+09  6.8455e+04  3.3777e+04  2.1836e+04  4.8753e+07 -1.0070e+09]
 [ 6.8455e+04  1.9108e+08 -1.1977e+06 -6.5147e+06 -9.3000e+02  5.5840e+03]
 [ 3.3777e+04 -1.1977e+06  3.5126e+07  1.0267e+07 -7.5307e+04 -1.9884e+04]
 [ 2.1836e+04 -6.5147e+06  1.0267e+07  2.6484e+07 -2.2224e+04 -5.9710e+03]
 [ 4.8753e+07 -9.3000e+02 -7.5307e+04 -2.2224e+04  3.2395e+08  3.7734e+06]
 [-1.0070e+09  5.5840e+03 -1.9884e+04 -5.9710e+03  3.7734e+06  1.1025e+09]]

 Right Timo

[[ 3.9277e+09  1.7870e+03  5.1036e+04  2.5267e+04  2.6332e+07 -3.9681e+08]
 [ 1.7870e+03  1.0819e+08  2.0728e+06 -3.2808e+06 -1.0900e+03  6.8810e+03]
 [ 5.1036e+04  2.0728e+06  2.5392e+07  4.8115e+06 -5.1545e+04 -2.0392e+04]
 [ 2.5267e+04 -3.2808e+06  4.8115e+06  1.0721e+07 -1.0675e+04 -8.2720e+03]
 [ 2.6332e+07 -1.0900e+03 -5.1545e+04 -1.0675e+04  1.3338e+08 -5.6685e+06]
 [-3.9681e+08  6.8810e+03 -2.0392e+04 -8.2720e+03 -5.6685e+06  4.7733e+08]]

 Segment:  11   ||  Taper Origin:  0.7931034482654504   || num_elem:   193595


 Segment Mass

[[1600.5968    0.        0.        0.       43.9902 -152.3894]
 [   0.     1600.5968    0.      -43.9902    0.        0.    ]
 [   0.        0.     1600.5968  152.3894    0.        0.    ]
 [   0.      -43.9902  152.3894 5367.9033    0.        0.    ]
 [  43.9902    0.        0.        0.     2115.3752 -443.6428]
 [-152.3894    0.        0.        0.     -443.6428 3252.5282]]

 Left Mass

[[ 2.2067e+03  0.0000e+00  0.0000e+00  0.0000e+00  4.6481e-01 -1.0397e+00]
 [ 0.0000e+00  2.2067e+03  0.0000e+00 -4.6481e-01  0.0000e+00  0.0000e+00]
 [ 0.0000e+00  0.0000e+00  2.2067e+03  1.0397e+00  0.0000e+00  0.0000e+00]
 [ 0.0000e+00 -4.6481e-01  1.0397e+00  1.0770e+04  0.0000e+00  0.0000e+00]
 [ 4.6481e-01  0.0000e+00  0.0000e+00  0.0000e+00  5.3879e+03  2.1075e+00]
 [-1.0397e+00  0.0000e+00  0.0000e+00  0.0000e+00  2.1075e+00  5.3820e+03]]

 Right Mass

[[1807.8529    0.        0.        0.       10.594   -56.6684]
 [   0.     1807.8529    0.      -10.594     0.        0.    ]
 [   0.        0.     1807.8529   56.6684    0.        0.    ]
 [   0.      -10.594    56.6684 7903.7505    0.        0.    ]
 [  10.594     0.        0.        0.     3737.0047 -192.9842]
 [ -56.6684    0.        0.        0.     -192.9842 4166.7458]]

 Segment Timo

[[ 3.1793e+09  5.7515e+06 -5.5303e+06  5.8858e+05  7.5400e+07 -2.2299e+08]
 [ 5.7515e+06  7.9196e+07  4.6890e+06 -2.5900e+06 -1.4892e+05 -1.2369e+07]
 [-5.5303e+06  4.6890e+06  1.8203e+07  2.6643e+06  2.7697e+06  1.1392e+04]
 [ 5.8858e+05 -2.5900e+06  2.6643e+06  6.8462e+06  5.9262e+05  7.8416e+05]
 [ 7.5400e+07 -1.4892e+05  2.7697e+06  5.9262e+05  8.6762e+07 -1.3678e+07]
 [-2.2299e+08 -1.2369e+07  1.1392e+04  7.8416e+05 -1.3678e+07  3.1723e+08]]

 Left Timo

[[ 3.9278e+09  1.8440e+03  5.0829e+04  2.4602e+04  2.6331e+07 -3.9683e+08]
 [ 1.8440e+03  1.0819e+08  2.0727e+06 -3.2807e+06 -7.8300e+02  7.0380e+03]
 [ 5.0829e+04  2.0727e+06  2.5392e+07  4.8115e+06 -5.1542e+04 -2.0195e+04]
 [ 2.4602e+04 -3.2807e+06  4.8115e+06  1.0721e+07 -1.0705e+04 -8.1490e+03]
 [ 2.6331e+07 -7.8300e+02 -5.1542e+04 -1.0705e+04  1.3339e+08 -5.6685e+06]
 [-3.9683e+08  7.0380e+03 -2.0195e+04 -8.1490e+03 -5.6685e+06  4.7733e+08]]

 Right Timo

[[ 2.7655e+09  7.4200e+02 -7.5480e+03  1.8330e+03  7.8129e+07 -1.2722e+08]
 [ 7.4200e+02  8.3233e+07  3.4007e+06 -3.1788e+06  1.1600e+02  5.5500e+03]
 [-7.5480e+03  3.4007e+06  1.8757e+07  2.0402e+06 -3.1557e+04 -1.4250e+03]
 [ 1.8330e+03 -3.1788e+06  2.0402e+06  4.6714e+06 -3.8110e+03  1.4240e+03]
 [ 7.8129e+07  1.1600e+02 -3.1557e+04 -3.8110e+03  5.5393e+07 -1.2732e+07]
 [-1.2722e+08  5.5500e+03 -1.4250e+03  1.4240e+03 -1.2732e+07  2.0678e+08]]

 Segment:  12   ||  Taper Origin:  0.8620689655253605   || num_elem:   220186


 Segment Mass

[[1600.5968    0.        0.        0.       43.9902 -152.3894]
 [   0.     1600.5968    0.      -43.9902    0.        0.    ]
 [   0.        0.     1600.5968  152.3894    0.        0.    ]
 [   0.      -43.9902  152.3894 5367.9033    0.        0.    ]
 [  43.9902    0.        0.        0.     2115.3752 -443.6428]
 [-152.3894    0.        0.        0.     -443.6428 3252.5282]]

 Left Mass

[[ 2.2067e+03  0.0000e+00  0.0000e+00  0.0000e+00  4.6481e-01 -1.0397e+00]
 [ 0.0000e+00  2.2067e+03  0.0000e+00 -4.6481e-01  0.0000e+00  0.0000e+00]
 [ 0.0000e+00  0.0000e+00  2.2067e+03  1.0397e+00  0.0000e+00  0.0000e+00]
 [ 0.0000e+00 -4.6481e-01  1.0397e+00  1.0770e+04  0.0000e+00  0.0000e+00]
 [ 4.6481e-01  0.0000e+00  0.0000e+00  0.0000e+00  5.3879e+03  2.1075e+00]
 [-1.0397e+00  0.0000e+00  0.0000e+00  0.0000e+00  2.1075e+00  5.3820e+03]]

 Right Mass

[[1807.8529    0.        0.        0.       10.594   -56.6684]
 [   0.     1807.8529    0.      -10.594     0.        0.    ]
 [   0.        0.     1807.8529   56.6684    0.        0.    ]
 [   0.      -10.594    56.6684 7903.7505    0.        0.    ]
 [  10.594     0.        0.        0.     3737.0047 -192.9842]
 [ -56.6684    0.        0.        0.     -192.9842 4166.7458]]

 Segment Timo

[[ 1.7315e+09  4.7879e+06  8.1680e+03 -2.0482e+05  4.4608e+07 -3.6087e+07]
 [ 4.7879e+06  4.4826e+07  2.3473e+06 -1.6888e+06  4.2466e+05 -8.0223e+06]
 [ 8.1680e+03  2.3473e+06  8.6823e+06  7.4390e+05  2.0642e+06 -3.7499e+05]
 [-2.0482e+05 -1.6888e+06  7.4390e+05  2.3915e+06  1.2361e+05  3.0723e+05]
 [ 4.4608e+07  4.2466e+05  2.0642e+06  1.2361e+05  2.7061e+07 -7.0499e+06]
 [-3.6087e+07 -8.0223e+06 -3.7499e+05  3.0723e+05 -7.0499e+06  1.1935e+08]]

 Left Timo

[[ 2.7653e+09  5.0500e+02 -7.6530e+03  1.6850e+03  7.8125e+07 -1.2719e+08]
 [ 5.0500e+02  8.3233e+07  3.4006e+06 -3.1788e+06  1.5700e+02  5.5650e+03]
 [-7.6530e+03  3.4006e+06  1.8757e+07  2.0402e+06 -3.1589e+04 -1.3450e+03]
 [ 1.6850e+03 -3.1788e+06  2.0402e+06  4.6714e+06 -3.8150e+03  1.4380e+03]
 [ 7.8125e+07  1.5700e+02 -3.1589e+04 -3.8150e+03  5.5388e+07 -1.2731e+07]
 [-1.2719e+08  5.5650e+03 -1.3450e+03  1.4380e+03 -1.2731e+07  2.0678e+08]]

 Right Timo

[[ 1.3639e+09  1.7520e+03 -1.4436e+04 -6.4800e+02  3.2562e+07 -1.3911e+07]
 [ 1.7520e+03  4.9814e+07  2.4604e+06 -1.7195e+06  7.0000e+01  3.0140e+03]
 [-1.4436e+04  2.4604e+06  1.2538e+07  7.8212e+05 -1.3842e+04  8.5000e+02]
 [-6.4800e+02 -1.7195e+06  7.8212e+05  1.4449e+06 -9.1800e+02  5.5300e+02]
 [ 3.2562e+07  7.0000e+01 -1.3842e+04 -9.1800e+02  1.3149e+07 -4.0687e+06]
 [-1.3911e+07  3.0140e+03  8.5000e+02  5.5300e+02 -4.0687e+06  6.5560e+07]]

 Segment:  13   ||  Taper Origin:  0.9310344827539668   || num_elem:   241013


 Segment Mass

[[1600.5968    0.        0.        0.       43.9902 -152.3894]
 [   0.     1600.5968    0.      -43.9902    0.        0.    ]
 [   0.        0.     1600.5968  152.3894    0.        0.    ]
 [   0.      -43.9902  152.3894 5367.9033    0.        0.    ]
 [  43.9902    0.        0.        0.     2115.3752 -443.6428]
 [-152.3894    0.        0.        0.     -443.6428 3252.5282]]

 Left Mass

[[ 2.2067e+03  0.0000e+00  0.0000e+00  0.0000e+00  4.6481e-01 -1.0397e+00]
 [ 0.0000e+00  2.2067e+03  0.0000e+00 -4.6481e-01  0.0000e+00  0.0000e+00]
 [ 0.0000e+00  0.0000e+00  2.2067e+03  1.0397e+00  0.0000e+00  0.0000e+00]
 [ 0.0000e+00 -4.6481e-01  1.0397e+00  1.0770e+04  0.0000e+00  0.0000e+00]
 [ 4.6481e-01  0.0000e+00  0.0000e+00  0.0000e+00  5.3879e+03  2.1075e+00]
 [-1.0397e+00  0.0000e+00  0.0000e+00  0.0000e+00  2.1075e+00  5.3820e+03]]

 Right Mass

[[1807.8529    0.        0.        0.       10.594   -56.6684]
 [   0.     1807.8529    0.      -10.594     0.        0.    ]
 [   0.        0.     1807.8529   56.6684    0.        0.    ]
 [   0.      -10.594    56.6684 7903.7505    0.        0.    ]
 [  10.594     0.        0.        0.     3737.0047 -192.9842]
 [ -56.6684    0.        0.        0.     -192.9842 4166.7458]]

 Segment Timo

[[ 9.7077e+08  2.5910e+05 -1.0098e+05 -5.3899e+04  2.0325e+07 -3.3820e+05]
 [ 2.5910e+05  2.0055e+07  1.1074e+06 -6.4620e+05  1.6162e+05 -2.9518e+06]
 [-1.0098e+05  1.1074e+06  3.6914e+06  1.1716e+05  4.9168e+05 -1.6251e+05]
 [-5.3899e+04 -6.4620e+05  1.1716e+05  6.2430e+05  2.0788e+04  8.5453e+04]
 [ 2.0325e+07  1.6162e+05  4.9168e+05  2.0788e+04  6.7606e+06 -2.0833e+06]
 [-3.3820e+05 -2.9518e+06 -1.6251e+05  8.5453e+04 -2.0833e+06  3.5129e+07]]

 Left Timo

[[ 1.3639e+09  1.2080e+03 -1.4355e+04 -5.6500e+02  3.2562e+07 -1.3914e+07]
 [ 1.2080e+03  4.9814e+07  2.4604e+06 -1.7195e+06  4.6000e+01  3.0340e+03]
 [-1.4355e+04  2.4604e+06  1.2537e+07  7.8212e+05 -1.3827e+04  8.1600e+02]
 [-5.6500e+02 -1.7195e+06  7.8212e+05  1.4449e+06 -9.0300e+02  5.3200e+02]
 [ 3.2562e+07  4.6000e+01 -1.3827e+04 -9.0300e+02  1.3150e+07 -4.0688e+06]
 [-1.3914e+07  3.0340e+03  8.1600e+02  5.3200e+02 -4.0688e+06  6.5561e+07]]

 Right Timo

[[ 5.6172e+08  5.5300e+02 -1.8545e+04 -6.2300e+02  9.1305e+06  1.6219e+07]
 [ 5.5300e+02  2.9324e+07  1.5162e+06 -7.5127e+05  7.5000e+01  7.5200e+02]
 [-1.8545e+04  1.5162e+06  7.7311e+06 -2.5151e+04 -4.2920e+03  7.3200e+02]
 [-6.2300e+02 -7.5127e+05 -2.5151e+04  3.0274e+05 -5.0000e+00  3.7800e+02]
 [ 9.1305e+06  7.5000e+01 -4.2920e+03 -5.0000e+00  1.8548e+06 -5.5058e+05]
 [ 1.6219e+07  7.5200e+02  7.3200e+02  3.7800e+02 -5.5058e+05  1.3670e+07]]

 Segment:  14   ||  Taper Origin:  0.9827586206887338   || num_elem:   124890


 Segment Mass

[[1600.5968    0.        0.        0.       43.9902 -152.3894]
 [   0.     1600.5968    0.      -43.9902    0.        0.    ]
 [   0.        0.     1600.5968  152.3894    0.        0.    ]
 [   0.      -43.9902  152.3894 5367.9033    0.        0.    ]
 [  43.9902    0.        0.        0.     2115.3752 -443.6428]
 [-152.3894    0.        0.        0.     -443.6428 3252.5282]]

 Left Mass

[[ 2.2067e+03  0.0000e+00  0.0000e+00  0.0000e+00  4.6481e-01 -1.0397e+00]
 [ 0.0000e+00  2.2067e+03  0.0000e+00 -4.6481e-01  0.0000e+00  0.0000e+00]
 [ 0.0000e+00  0.0000e+00  2.2067e+03  1.0397e+00  0.0000e+00  0.0000e+00]
 [ 0.0000e+00 -4.6481e-01  1.0397e+00  1.0770e+04  0.0000e+00  0.0000e+00]
 [ 4.6481e-01  0.0000e+00  0.0000e+00  0.0000e+00  5.3879e+03  2.1075e+00]
 [-1.0397e+00  0.0000e+00  0.0000e+00  0.0000e+00  2.1075e+00  5.3820e+03]]

 Right Mass

