 ------- BEAMDYN V1.00.* INDIVIDUAL BLADE INPUT FILE --------------------------
 Test Format 1
 ---------------------- BLADE PARAMETERS --------------------------------------
30   station_total    - Number of blade input stations (-)
 1   damp_type        - Damping type: 0: no damping; 1: damped
  ---------------------- DAMPING COEFFICIENT------------------------------------
   mu1        mu2        mu3        mu4        mu5        mu6
   (-)        (-)        (-)        (-)        (-)        (-)
	 2.57593e-03 	 1.74690e-03 	 1.74690e-03 	 1.74690e-03 	 2.57593e-03 	 1.74690e-03
 ---------------------- DISTRIBUTED PROPERTIES---------------------------------
	 0.000000 
	 4.6688000000000000e+09 	 7.2172000000000000e+06 	 3.2111000000000000e+04 	 3.2520000000000000e+05 	 9.3162000000000000e+05 	 6.1755000000000000e+07
	 7.2172000000000000e+06 	 4.6860000000000000e+09 	 1.8751000000000000e+05 	 2.4281000000000000e+05 	 -5.2697000000000000e+05 	 -2.1263000000000000e+07
	 3.2111000000000000e+04 	 1.8751000000000000e+05 	 3.2000000000000000e+10 	 -1.8931000000000000e+07 	 3.5295000000000000e+06 	 2.0682000000000000e+05
	 3.2520000000000000e+05 	 2.4281000000000000e+05 	 -1.8931000000000000e+07 	 7.8135000000000000e+10 	 -3.5426000000000000e+07 	 -5.9964000000000000e+04
	 9.3162000000000000e+05 	 -5.2697000000000000e+05 	 3.5295000000000000e+06 	 -3.5426000000000000e+07 	 7.8053000000000000e+10 	 -6.3894000000000000e+05
	 6.1755000000000000e+07 	 -2.1263000000000000e+07 	 2.0682000000000000e+05 	 -5.9964000000000000e+04 	 -6.3894000000000000e+05 	 4.5619000000000000e+10

	 3.7090877715667915e+02 	 0.0000000000000000e+00 	 0.0000000000000000e+00 	 0.0000000000000000e+00 	 0.0000000000000000e+00 	 1.3463557567061688e+01
	 0.0000000000000000e+00 	 3.7090877715667915e+02 	 0.0000000000000000e+00 	 0.0000000000000000e+00 	 0.0000000000000000e+00 	 2.4246785184759101e+01
	 0.0000000000000000e+00 	 0.0000000000000000e+00 	 3.7090877715667915e+02 	 -1.3463557567061688e+01 	 -2.4246785184759101e+01 	 0.0000000000000000e+00
	 0.0000000000000000e+00 	 0.0000000000000000e+00 	 -1.3463557567061688e+01 	 5.1024608301412633e+02 	 -4.7033329429714115e+01 	 0.0000000000000000e+00
	 0.0000000000000000e+00 	 0.0000000000000000e+00 	 -2.4246785184759101e+01 	 -4.7033329429714115e+01 	 6.4868791083561590e+01 	 0.0000000000000000e+00
	 1.3463557567061688e+01 	 2.4246785184759101e+01 	 0.0000000000000000e+00 	 0.0000000000000000e+00 	 0.0000000000000000e+00 	 5.7511487409768790e+02

	 0.017241 
	 4.0050000000000000e+09 	 6.8378000000000000e+07 	 5.2872000000000000e+06 	 -3.8607000000000000e+06 	 -2.7982000000000000e+08 	 1.4600000000000000e+08
	 6.8378000000000000e+07 	 4.2333000000000000e+09 	 1.0297000000000000e+07 	 2.7512000000000000e+08 	 9.0882000000000000e+06 	 -2.4327000000000000e+07
	 5.2872000000000000e+06 	 1.0297000000000000e+07 	 2.7692000000000000e+10 	 -4.9942000000000000e+08 	 1.7367000000000000e+08 	 5.2640000000000000e+06
	 -3.8607000000000000e+06 	 2.7512000000000000e+08 	 -4.9942000000000000e+08 	 6.6893000000000000e+10 	 -1.2977000000000000e+09 	 -4.6322000000000000e+07
	 -2.7982000000000000e+08 	 9.0882000000000000e+06 	 1.7367000000000000e+08 	 -1.2977000000000000e+09 	 6.4167000000000000e+10 	 3.2100000000000000e+08
	 1.4600000000000000e+08 	 -2.4327000000000000e+07 	 5.2640000000000000e+06 	 -4.6322000000000000e+07 	 3.2100000000000000e+08 	 3.8374000000000000e+10

	 2.7544585865229305e+02 	 0.0000000000000000e+00 	 0.0000000000000000e+00 	 0.0000000000000000e+00 	 0.0000000000000000e+00 	 -1.2375792618658316e+01
	 0.0000000000000000e+00 	 2.7544585865229305e+02 	 0.0000000000000000e+00 	 0.0000000000000000e+00 	 0.0000000000000000e+00 	 1.3941719744633650e+01
	 0.0000000000000000e+00 	 0.0000000000000000e+00 	 2.7544585865229305e+02 	 1.2375792618658316e+01 	 -1.3941719744633650e+01 	 0.0000000000000000e+00
	 0.0000000000000000e+00 	 0.0000000000000000e+00 	 1.2375792618658316e+01 	 2.4447963295851014e+02 	 -1.6212313557541940e+01 	 0.0000000000000000e+00
	 0.0000000000000000e+00 	 0.0000000000000000e+00 	 -1.3941719744633650e+01 	 -1.6212313557541940e+01 	 2.8406561103826881e+01 	 0.0000000000000000e+00
	 -1.2375792618658316e+01 	 1.3941719744633650e+01 	 0.0000000000000000e+00 	 0.0000000000000000e+00 	 0.0000000000000000e+00 	 2.7288619406233710e+02

	 0.051724 
	 3.1552000000000000e+09 	 2.4093000000000000e+08 	 -3.4985000000000000e+07 	 -2.4483000000000000e+07 	 -3.2745000000000000e+07 	 5.1080000000000000e+08
	 2.4093000000000000e+08 	 3.8995000000000000e+09 	 -3.1040000000000000e+07 	 9.4521000000000000e+06 	 3.4764000000000000e+07 	 3.9063000000000000e+07
	 -3.4985000000000000e+07 	 -3.1040000000000000e+07 	 2.5898000000000000e+10 	 -4.0396000000000000e+09 	 -3.0927000000000000e+07 	 7.1556000000000000e+07
	 -2.4483000000000000e+07 	 9.4521000000000000e+06 	 -4.0396000000000000e+09 	 5.3378000000000000e+10 	 -5.0645000000000000e+09 	 -7.9686000000000000e+07
	 -3.2745000000000000e+07 	 3.4764000000000000e+07 	 -3.0927000000000000e+07 	 -5.0645000000000000e+09 	 4.8339000000000000e+10 	 1.8301000000000000e+09
	 5.1080000000000000e+08 	 3.9063000000000000e+07 	 7.1556000000000000e+07 	 -7.9686000000000000e+07 	 1.8301000000000000e+09 	 2.4122000000000000e+10

	 3.7090877715667915e+02 	 0.0000000000000000e+00 	 0.0000000000000000e+00 	 0.0000000000000000e+00 	 0.0000000000000000e+00 	 1.3463557567061688e+01
	 0.0000000000000000e+00 	 3.7090877715667915e+02 	 0.0000000000000000e+00 	 0.0000000000000000e+00 	 0.0000000000000000e+00 	 2.4246785184759101e+01
	 0.0000000000000000e+00 	 0.0000000000000000e+00 	 3.7090877715667915e+02 	 -1.3463557567061688e+01 	 -2.4246785184759101e+01 	 0.0000000000000000e+00
	 0.0000000000000000e+00 	 0.0000000000000000e+00 	 -1.3463557567061688e+01 	 5.1024608301412633e+02 	 -4.7033329429714115e+01 	 0.0000000000000000e+00
	 0.0000000000000000e+00 	 0.0000000000000000e+00 	 -2.4246785184759101e+01 	 -4.7033329429714115e+01 	 6.4868791083561590e+01 	 0.0000000000000000e+00
	 1.3463557567061688e+01 	 2.4246785184759101e+01 	 0.0000000000000000e+00 	 0.0000000000000000e+00 	 0.0000000000000000e+00 	 5.7511487409768790e+02

	 0.103448 
	 8.4597000000000000e+08 	 3.8190000000000000e+08 	 -1.4343000000000000e+07 	 4.1980000000000000e+07 	 -2.5441000000000000e+08 	 5.0868000000000000e+08
	 3.8190000000000000e+08 	 2.1247000000000000e+09 	 -4.0745000000000000e+07 	 3.9809000000000000e+08 	 -1.1734000000000000e+08 	 -3.0032000000000000e+07
	 -1.4343000000000000e+07 	 -4.0745000000000000e+07 	 1.7054000000000000e+10 	 -5.3426000000000000e+09 	 1.4097000000000000e+09 	 3.4817000000000000e+08
	 4.1980000000000000e+07 	 3.9809000000000000e+08 	 -5.3426000000000000e+09 	 2.7301000000000000e+10 	 -5.2687000000000000e+09 	 2.9151000000000000e+08
	 -2.5441000000000000e+08 	 -1.1734000000000000e+08 	 1.4097000000000000e+09 	 -5.2687000000000000e+09 	 1.5360000000000000e+10 	 1.0826000000000000e+09
	 5.0868000000000000e+08 	 -3.0032000000000000e+07 	 3.4817000000000000e+08 	 2.9151000000000000e+08 	 1.0826000000000000e+09 	 5.3712000000000000e+09

	 2.7544585865229305e+02 	 0.0000000000000000e+00 	 0.0000000000000000e+00 	 0.0000000000000000e+00 	 0.0000000000000000e+00 	 -1.2375792618658316e+01
	 0.0000000000000000e+00 	 2.7544585865229305e+02 	 0.0000000000000000e+00 	 0.0000000000000000e+00 	 0.0000000000000000e+00 	 1.3941719744633650e+01
	 0.0000000000000000e+00 	 0.0000000000000000e+00 	 2.7544585865229305e+02 	 1.2375792618658316e+01 	 -1.3941719744633650e+01 	 0.0000000000000000e+00
	 0.0000000000000000e+00 	 0.0000000000000000e+00 	 1.2375792618658316e+01 	 2.4447963295851014e+02 	 -1.6212313557541940e+01 	 0.0000000000000000e+00
	 0.0000000000000000e+00 	 0.0000000000000000e+00 	 -1.3941719744633650e+01 	 -1.6212313557541940e+01 	 2.8406561103826881e+01 	 0.0000000000000000e+00
	 -1.2375792618658316e+01 	 1.3941719744633650e+01 	 0.0000000000000000e+00 	 0.0000000000000000e+00 	 0.0000000000000000e+00 	 2.7288619406233710e+02

	 0.155172 
	 6.4980000000000000e+08 	 2.7043000000000000e+08 	 5.3840000000000000e+06 	 9.6176000000000000e+06 	 -1.3626000000000000e+07 	 5.5694000000000000e+08
	 2.7043000000000000e+08 	 1.6868000000000000e+09 	 1.5695000000000000e+07 	 7.2356000000000000e+07 	 -2.6969000000000000e+07 	 -1.7351000000000000e+07
	 5.3840000000000000e+06 	 1.5695000000000000e+07 	 1.5002000000000000e+10 	 -4.6432000000000000e+09 	 6.2753000000000000e+08 	 1.7878000000000000e+08
	 9.6176000000000000e+06 	 7.2356000000000000e+07 	 -4.6432000000000000e+09 	 1.9711000000000000e+10 	 -3.2652000000000000e+09 	 1.3610000000000000e+07
	 -1.3626000000000000e+07 	 -2.6969000000000000e+07 	 6.2753000000000000e+08 	 -3.2652000000000000e+09 	 8.2696000000000000e+09 	 9.5886000000000000e+07
	 5.5694000000000000e+08 	 -1.7351000000000000e+07 	 1.7878000000000000e+08 	 1.3610000000000000e+07 	 9.5886000000000000e+07 	 2.6964000000000000e+09

	 1.4115655463647005e+02 	 0.0000000000000000e+00 	 0.0000000000000000e+00 	 0.0000000000000000e+00 	 0.0000000000000000e+00 	 -7.3643191592600283e+00
	 0.0000000000000000e+00 	 1.4115655463647005e+02 	 0.0000000000000000e+00 	 0.0000000000000000e+00 	 0.0000000000000000e+00 	 6.8686877556769605e+00
	 0.0000000000000000e+00 	 0.0000000000000000e+00 	 1.4115655463647005e+02 	 7.3643191592600283e+00 	 -6.8686877556769605e+00 	 0.0000000000000000e+00
	 0.0000000000000000e+00 	 0.0000000000000000e+00 	 7.3643191592600283e+00 	 6.9722838864320195e+01 	 -1.9835697601981077e+00 	 0.0000000000000000e+00
	 0.0000000000000000e+00 	 0.0000000000000000e+00 	 -6.8686877556769605e+00 	 -1.9835697601981077e+00 	 7.7215536176303434e+00 	 0.0000000000000000e+00
	 -7.3643191592600283e+00 	 6.8686877556769605e+00 	 0.0000000000000000e+00 	 0.0000000000000000e+00 	 0.0000000000000000e+00 	 7.7444392481950544e+01

	 0.189655 
	 4.2963000000000000e+08 	 1.9560000000000000e+08 	 1.6617000000000000e+07 	 -7.8811000000000000e+05 	 -9.4411000000000000e+06 	 3.6028000000000000e+08
	 1.9560000000000000e+08 	 1.2924000000000000e+09 	 1.2286000000000000e+07 	 5.9856000000000000e+07 	 -1.4082000000000000e+07 	 1.3713000000000000e+07
	 1.6617000000000000e+07 	 1.2286000000000000e+07 	 1.4186000000000000e+10 	 -4.4614000000000000e+09 	 9.3384000000000000e+08 	 1.2599000000000000e+08
	 -7.8811000000000000e+05 	 5.9856000000000000e+07 	 -4.4614000000000000e+09 	 1.6478000000000000e+10 	 -2.7921000000000000e+09 	 -6.6229000000000000e+06
	 -9.4411000000000000e+06 	 -1.4082000000000000e+07 	 9.3384000000000000e+08 	 -2.7921000000000000e+09 	 5.9676000000000000e+09 	 1.5591000000000000e+07
	 3.6028000000000000e+08 	 1.3713000000000000e+07 	 1.2599000000000000e+08 	 -6.6229000000000000e+06 	 1.5591000000000000e+07 	 1.5049000000000000e+09

	 3.7090877715667915e+02 	 0.0000000000000000e+00 	 0.0000000000000000e+00 	 0.0000000000000000e+00 	 0.0000000000000000e+00 	 1.3463557567061688e+01
	 0.0000000000000000e+00 	 3.7090877715667915e+02 	 0.0000000000000000e+00 	 0.0000000000000000e+00 	 0.0000000000000000e+00 	 2.4246785184759101e+01
	 0.0000000000000000e+00 	 0.0000000000000000e+00 	 3.7090877715667915e+02 	 -1.3463557567061688e+01 	 -2.4246785184759101e+01 	 0.0000000000000000e+00
	 0.0000000000000000e+00 	 0.0000000000000000e+00 	 -1.3463557567061688e+01 	 5.1024608301412633e+02 	 -4.7033329429714115e+01 	 0.0000000000000000e+00
	 0.0000000000000000e+00 	 0.0000000000000000e+00 	 -2.4246785184759101e+01 	 -4.7033329429714115e+01 	 6.4868791083561590e+01 	 0.0000000000000000e+00
	 1.3463557567061688e+01 	 2.4246785184759101e+01 	 0.0000000000000000e+00 	 0.0000000000000000e+00 	 0.0000000000000000e+00 	 5.7511487409768790e+02

	 0.224138 
	 3.2157000000000000e+08 	 1.3375000000000000e+08 	 -5.8759000000000000e+06 	 9.3598000000000000e+06 	 -4.9933000000000000e+06 	 2.5526000000000000e+08
	 1.3375000000000000e+08 	 9.8835000000000000e+08 	 1.0514000000000000e+07 	 3.6382000000000000e+07 	 -1.7497000000000000e+07 	 3.0494000000000000e+07
	 -5.8759000000000000e+06 	 1.0514000000000000e+07 	 1.3355000000000000e+10 	 -4.3244000000000000e+09 	 7.3461000000000000e+08 	 1.0570000000000000e+08
	 9.3598000000000000e+06 	 3.6382000000000000e+07 	 -4.3244000000000000e+09 	 1.3968000000000000e+10 	 -2.1021000000000000e+09 	 -1.1382000000000000e+07
	 -4.9933000000000000e+06 	 -1.7497000000000000e+07 	 7.3461000000000000e+08 	 -2.1021000000000000e+09 	 4.6953000000000000e+09 	 -1.3258000000000000e+07
	 2.5526000000000000e+08 	 3.0494000000000000e+07 	 1.0570000000000000e+08 	 -1.1382000000000000e+07 	 -1.3258000000000000e+07 	 9.6403000000000000e+08

	 3.2710387309436163e+02 	 0.0000000000000000e+00 	 0.0000000000000000e+00 	 0.0000000000000000e+00 	 0.0000000000000000e+00 	 2.2238791105927223e+00
	 0.0000000000000000e+00 	 3.2710387309436163e+02 	 0.0000000000000000e+00 	 0.0000000000000000e+00 	 0.0000000000000000e+00 	 2.1224739805015389e+01
	 0.0000000000000000e+00 	 0.0000000000000000e+00 	 3.2710387309436163e+02 	 -2.2238791105927223e+00 	 -2.1224739805015389e+01 	 0.0000000000000000e+00
	 0.0000000000000000e+00 	 0.0000000000000000e+00 	 -2.2238791105927223e+00 	 3.6180260540522710e+02 	 -2.8202583433081056e+01 	 0.0000000000000000e+00
	 0.0000000000000000e+00 	 0.0000000000000000e+00 	 -2.1224739805015389e+01 	 -2.8202583433081056e+01 	 4.5170136268637577e+01 	 0.0000000000000000e+00
	 2.2238791105927223e+00 	 2.1224739805015389e+01 	 0.0000000000000000e+00 	 0.0000000000000000e+00 	 0.0000000000000000e+00 	 4.0697274167386473e+02

	 0.258621 
	 2.7253000000000000e+08 	 9.3584000000000000e+07 	 4.0986000000000000e+06 	 -3.2580000000000000e+05 	 4.3812000000000000e+06 	 2.0546000000000000e+08
	 9.3584000000000000e+07 	 8.2619000000000000e+08 	 9.7302000000000000e+06 	 1.3696000000000000e+07 	 -7.9672000000000000e+06 	 4.1246000000000000e+07
	 4.0986000000000000e+06 	 9.7302000000000000e+06 	 1.3793000000000000e+10 	 -4.7031000000000000e+09 	 2.5957000000000000e+08 	 1.0285000000000000e+08
	 -3.2580000000000000e+05 	 1.3696000000000000e+07 	 -4.7031000000000000e+09 	 1.2877000000000000e+10 	 -1.4378000000000000e+09 	 -2.6141000000000000e+07
	 4.3812000000000000e+06 	 -7.9672000000000000e+06 	 2.5957000000000000e+08 	 -1.4378000000000000e+09 	 4.2179000000000000e+09 	 -4.6440000000000000e+06
	 2.0546000000000000e+08 	 4.1246000000000000e+07 	 1.0285000000000000e+08 	 -2.6141000000000000e+07 	 -4.6440000000000000e+06 	 7.0755000000000000e+08

	 2.7544585865229305e+02 	 0.0000000000000000e+00 	 0.0000000000000000e+00 	 0.0000000000000000e+00 	 0.0000000000000000e+00 	 -1.2375792618658316e+01
	 0.0000000000000000e+00 	 2.7544585865229305e+02 	 0.0000000000000000e+00 	 0.0000000000000000e+00 	 0.0000000000000000e+00 	 1.3941719744633650e+01
	 0.0000000000000000e+00 	 0.0000000000000000e+00 	 2.7544585865229305e+02 	 1.2375792618658316e+01 	 -1.3941719744633650e+01 	 0.0000000000000000e+00
	 0.0000000000000000e+00 	 0.0000000000000000e+00 	 1.2375792618658316e+01 	 2.4447963295851014e+02 	 -1.6212313557541940e+01 	 0.0000000000000000e+00
	 0.0000000000000000e+00 	 0.0000000000000000e+00 	 -1.3941719744633650e+01 	 -1.6212313557541940e+01 	 2.8406561103826881e+01 	 0.0000000000000000e+00
	 -1.2375792618658316e+01 	 1.3941719744633650e+01 	 0.0000000000000000e+00 	 0.0000000000000000e+00 	 0.0000000000000000e+00 	 2.7288619406233710e+02

	 0.293103 
	 2.3395000000000000e+08 	 7.3940000000000000e+07 	 1.1075000000000000e+06 	 7.2774000000000000e+05 	 -4.2630000000000000e+06 	 1.6410000000000000e+08
	 7.3940000000000000e+07 	 7.4078000000000000e+08 	 -1.8447000000000000e+06 	 1.5835000000000000e+07 	 -4.6785000000000000e+06 	 4.5816000000000000e+07
	 1.1075000000000000e+06 	 -1.8447000000000000e+06 	 1.4030000000000000e+10 	 -4.8193000000000000e+09 	 9.6716000000000000e+07 	 5.8209000000000000e+07
	 7.2774000000000000e+05 	 1.5835000000000000e+07 	 -4.8193000000000000e+09 	 1.1974000000000000e+10 	 -1.1279000000000000e+09 	 -1.5053000000000000e+07
	 -4.2630000000000000e+06 	 -4.6785000000000000e+06 	 9.6716000000000000e+07 	 -1.1279000000000000e+09 	 3.7046000000000000e+09 	 -7.8446000000000000e+06
	 1.6410000000000000e+08 	 4.5816000000000000e+07 	 5.8209000000000000e+07 	 -1.5053000000000000e+07 	 -7.8446000000000000e+06 	 5.5719000000000000e+08

	 2.1570402452283608e+02 	 0.0000000000000000e+00 	 0.0000000000000000e+00 	 0.0000000000000000e+00 	 0.0000000000000000e+00 	 -1.6837985446629755e+01
	 0.0000000000000000e+00 	 2.1570402452283608e+02 	 0.0000000000000000e+00 	 0.0000000000000000e+00 	 0.0000000000000000e+00 	 9.4600030301422393e+00
	 0.0000000000000000e+00 	 0.0000000000000000e+00 	 2.1570402452283608e+02 	 1.6837985446629755e+01 	 -9.4600030301422393e+00 	 0.0000000000000000e+00
	 0.0000000000000000e+00 	 0.0000000000000000e+00 	 1.6837985446629755e+01 	 1.5405500190768294e+02 	 -7.5808709399532832e+00 	 0.0000000000000000e+00
	 0.0000000000000000e+00 	 0.0000000000000000e+00 	 -9.4600030301422393e+00 	 -7.5808709399532832e+00 	 1.6011655620695489e+01 	 0.0000000000000000e+00
	 -1.6837985446629755e+01 	 9.4600030301422393e+00 	 0.0000000000000000e+00 	 0.0000000000000000e+00 	 0.0000000000000000e+00 	 1.7006665752837847e+02

	 0.327586 
	 2.1102000000000000e+08 	 6.5921000000000000e+07 	 9.7250000000000000e+05 	 -1.9149000000000000e+05 	 5.3983000000000000e+06 	 1.3742000000000000e+08
	 6.5921000000000000e+07 	 7.1807000000000000e+08 	 2.2668000000000000e+06 	 4.3119000000000000e+06 	 -2.9039000000000000e+06 	 4.7460000000000000e+07
	 9.7250000000000000e+05 	 2.2668000000000000e+06 	 1.4591000000000000e+10 	 -4.9703000000000000e+09 	 -2.9662000000000000e+07 	 3.6745000000000000e+07
	 -1.9149000000000000e+05 	 4.3119000000000000e+06 	 -4.9703000000000000e+09 	 1.1368000000000000e+10 	 -9.3166000000000000e+08 	 -1.4719000000000000e+06
	 5.3983000000000000e+06 	 -2.9039000000000000e+06 	 -2.9662000000000000e+07 	 -9.3166000000000000e+08 	 3.4998000000000000e+09 	 -2.6491000000000000e+07
	 1.3742000000000000e+08 	 4.7460000000000000e+07 	 3.6745000000000000e+07 	 -1.4719000000000000e+06 	 -2.6491000000000000e+07 	 4.8382000000000000e+08

	 1.4115655463647005e+02 	 0.0000000000000000e+00 	 0.0000000000000000e+00 	 0.0000000000000000e+00 	 0.0000000000000000e+00 	 -7.3643191592600283e+00
	 0.0000000000000000e+00 	 1.4115655463647005e+02 	 0.0000000000000000e+00 	 0.0000000000000000e+00 	 0.0000000000000000e+00 	 6.8686877556769605e+00
	 0.0000000000000000e+00 	 0.0000000000000000e+00 	 1.4115655463647005e+02 	 7.3643191592600283e+00 	 -6.8686877556769605e+00 	 0.0000000000000000e+00
	 0.0000000000000000e+00 	 0.0000000000000000e+00 	 7.3643191592600283e+00 	 6.9722838864320195e+01 	 -1.9835697601981077e+00 	 0.0000000000000000e+00
	 0.0000000000000000e+00 	 0.0000000000000000e+00 	 -6.8686877556769605e+00 	 -1.9835697601981077e+00 	 7.7215536176303434e+00 	 0.0000000000000000e+00
	 -7.3643191592600283e+00 	 6.8686877556769605e+00 	 0.0000000000000000e+00 	 0.0000000000000000e+00 	 0.0000000000000000e+00 	 7.7444392481950544e+01

	 0.362069 
	 1.7784000000000000e+08 	 5.8651000000000000e+07 	 2.2592000000000000e+05 	 1.5797000000000000e+06 	 -2.1042000000000000e+06 	 1.1306000000000000e+08
	 5.8651000000000000e+07 	 6.8277000000000000e+08 	 -2.5607000000000000e+06 	 2.2479000000000000e+07 	 -3.7009000000000000e+06 	 4.6395000000000000e+07
	 2.2592000000000000e+05 	 -2.5607000000000000e+06 	 1.5213000000000000e+10 	 -5.1327000000000000e+09 	 -9.9056000000000000e+07 	 2.7132000000000000e+07
	 1.5797000000000000e+06 	 2.2479000000000000e+07 	 -5.1327000000000000e+09 	 1.0522000000000000e+10 	 -7.6247000000000000e+08 	 3.3740000000000000e+06
	 -2.1042000000000000e+06 	 -3.7009000000000000e+06 	 -9.9056000000000000e+07 	 -7.6247000000000000e+08 	 3.4476000000000000e+09 	 1.5930000000000000e+07
	 1.1306000000000000e+08 	 4.6395000000000000e+07 	 2.7132000000000000e+07 	 3.3740000000000000e+06 	 1.5930000000000000e+07 	 4.1415000000000000e+08

	 8.4841199263030262e+01 	 0.0000000000000000e+00 	 0.0000000000000000e+00 	 0.0000000000000000e+00 	 0.0000000000000000e+00 	 -4.2642948124842759e+00
	 0.0000000000000000e+00 	 8.4841199263030262e+01 	 0.0000000000000000e+00 	 0.0000000000000000e+00 	 0.0000000000000000e+00 	 3.3661729118806418e+00
	 0.0000000000000000e+00 	 0.0000000000000000e+00 	 8.4841199263030262e+01 	 4.2642948124842759e+00 	 -3.3661729118806418e+00 	 0.0000000000000000e+00
	 0.0000000000000000e+00 	 0.0000000000000000e+00 	 4.2642948124842759e+00 	 2.9186405091446144e+01 	 -2.0503281839518905e-01 	 0.0000000000000000e+00
	 0.0000000000000000e+00 	 0.0000000000000000e+00 	 -3.3661729118806418e+00 	 -2.0503281839518905e-01 	 3.1680047767914425e+00 	 0.0000000000000000e+00
	 -4.2642948124842759e+00 	 3.3661729118806418e+00 	 0.0000000000000000e+00 	 0.0000000000000000e+00 	 0.0000000000000000e+00 	 3.2354409868237589e+01

	 0.396552 
	 1.4867000000000000e+08 	 5.1446000000000000e+07 	 -7.6707000000000000e+04 	 7.8519000000000000e+05 	 -1.4773000000000000e+06 	 9.3894000000000000e+07
	 5.1446000000000000e+07 	 6.3462000000000000e+08 	 -3.9273000000000000e+06 	 1.3302000000000000e+07 	 -2.6582000000000000e+06 	 4.2846000000000000e+07
	 -7.6707000000000000e+04 	 -3.9273000000000000e+06 	 1.4806000000000000e+10 	 -4.7567000000000000e+09 	 -1.7067000000000000e+08 	 2.4370000000000000e+07
	 7.8519000000000000e+05 	 1.3302000000000000e+07 	 -4.7567000000000000e+09 	 9.2771000000000000e+09 	 -6.0181000000000000e+08 	 7.2569000000000000e+06
	 -1.4773000000000000e+06 	 -2.6582000000000000e+06 	 -1.7067000000000000e+08 	 -6.0181000000000000e+08 	 3.0822000000000000e+09 	 -1.5570000000000000e+07
	 9.3894000000000000e+07 	 4.2846000000000000e+07 	 2.4370000000000000e+07 	 7.2569000000000000e+06 	 -1.5570000000000000e+07 	 3.4752000000000000e+08

	 3.7090877715667915e+02 	 0.0000000000000000e+00 	 0.0000000000000000e+00 	 0.0000000000000000e+00 	 0.0000000000000000e+00 	 1.3463557567061688e+01
	 0.0000000000000000e+00 	 3.7090877715667915e+02 	 0.0000000000000000e+00 	 0.0000000000000000e+00 	 0.0000000000000000e+00 	 2.4246785184759101e+01
	 0.0000000000000000e+00 	 0.0000000000000000e+00 	 3.7090877715667915e+02 	 -1.3463557567061688e+01 	 -2.4246785184759101e+01 	 0.0000000000000000e+00
	 0.0000000000000000e+00 	 0.0000000000000000e+00 	 -1.3463557567061688e+01 	 5.1024608301412633e+02 	 -4.7033329429714115e+01 	 0.0000000000000000e+00
	 0.0000000000000000e+00 	 0.0000000000000000e+00 	 -2.4246785184759101e+01 	 -4.7033329429714115e+01 	 6.4868791083561590e+01 	 0.0000000000000000e+00
	 1.3463557567061688e+01 	 2.4246785184759101e+01 	 0.0000000000000000e+00 	 0.0000000000000000e+00 	 0.0000000000000000e+00 	 5.7511487409768790e+02

	 0.431034 
	 1.3665000000000000e+08 	 4.3622000000000000e+07 	 1.2389000000000000e+05 	 1.6772000000000000e+06 	 -2.7720000000000000e+06 	 8.0157000000000000e+07
	 4.3622000000000000e+07 	 5.8100000000000000e+08 	 -2.2769000000000000e+06 	 2.6249000000000000e+07 	 -4.0415000000000000e+06 	 3.7284000000000000e+07
	 1.2389000000000000e+05 	 -2.2769000000000000e+06 	 1.4545000000000000e+10 	 -4.5059000000000000e+09 	 -2.0496000000000000e+08 	 2.3154000000000000e+07
	 1.6772000000000000e+06 	 2.6249000000000000e+07 	 -4.5059000000000000e+09 	 7.9341000000000000e+09 	 -4.4748000000000000e+08 	 1.2769000000000000e+07
	 -2.7720000000000000e+06 	 -4.0415000000000000e+06 	 -2.0496000000000000e+08 	 -4.4748000000000000e+08 	 2.6793000000000000e+09 	 -1.4953000000000000e+07
	 8.0157000000000000e+07 	 3.7284000000000000e+07 	 2.3154000000000000e+07 	 1.2769000000000000e+07 	 -1.4953000000000000e+07 	 2.7995000000000000e+08

	 3.6051086626116449e+02 	 0.0000000000000000e+00 	 0.0000000000000000e+00 	 0.0000000000000000e+00 	 0.0000000000000000e+00 	 3.4175559578494421e+00
	 0.0000000000000000e+00 	 3.6051086626116449e+02 	 0.0000000000000000e+00 	 0.0000000000000000e+00 	 0.0000000000000000e+00 	 2.4144299602483240e+01
	 0.0000000000000000e+00 	 0.0000000000000000e+00 	 3.6051086626116449e+02 	 -3.4175559578494421e+00 	 -2.4144299602483240e+01 	 0.0000000000000000e+00
	 0.0000000000000000e+00 	 0.0000000000000000e+00 	 -3.4175559578494421e+00 	 4.6048834608911267e+02 	 -3.9901121627364248e+01 	 0.0000000000000000e+00
	 0.0000000000000000e+00 	 0.0000000000000000e+00 	 -2.4144299602483240e+01 	 -3.9901121627364248e+01 	 5.7241047407680249e+01 	 0.0000000000000000e+00
	 3.4175559578494421e+00 	 2.4144299602483240e+01 	 0.0000000000000000e+00 	 0.0000000000000000e+00 	 0.0000000000000000e+00 	 5.1772939349679291e+02

	 0.465517 
	 1.2330000000000000e+08 	 3.4966000000000000e+07 	 -2.8612000000000000e+05 	 9.7071000000000000e+05 	 -1.8511000000000000e+06 	 6.6828000000000000e+07
	 3.4966000000000000e+07 	 5.3341000000000000e+08 	 -3.2858000000000000e+06 	 1.6585000000000000e+07 	 -2.9485000000000000e+06 	 3.1748000000000000e+07
	 -2.8612000000000000e+05 	 -3.2858000000000000e+06 	 1.4280000000000000e+10 	 -4.2860000000000000e+09 	 -2.7223000000000000e+08 	 2.0617000000000000e+07
	 9.7071000000000000e+05 	 1.6585000000000000e+07 	 -4.2860000000000000e+09 	 6.6630000000000000e+09 	 -2.8912000000000000e+08 	 8.9936000000000000e+06
	 -1.8511000000000000e+06 	 -2.9485000000000000e+06 	 -2.7223000000000000e+08 	 -2.8912000000000000e+08 	 2.2683000000000000e+09 	 -8.6198000000000000e+06
	 6.6828000000000000e+07 	 3.1748000000000000e+07 	 2.0617000000000000e+07 	 8.9936000000000000e+06 	 -8.6198000000000000e+06 	 2.1959000000000000e+08

	 3.2710387309436163e+02 	 0.0000000000000000e+00 	 0.0000000000000000e+00 	 0.0000000000000000e+00 	 0.0000000000000000e+00 	 2.2238791105927223e+00
	 0.0000000000000000e+00 	 3.2710387309436163e+02 	 0.0000000000000000e+00 	 0.0000000000000000e+00 	 0.0000000000000000e+00 	 2.1224739805015389e+01
	 0.0000000000000000e+00 	 0.0000000000000000e+00 	 3.2710387309436163e+02 	 -2.2238791105927223e+00 	 -2.1224739805015389e+01 	 0.0000000000000000e+00
	 0.0000000000000000e+00 	 0.0000000000000000e+00 	 -2.2238791105927223e+00 	 3.6180260540522710e+02 	 -2.8202583433081056e+01 	 0.0000000000000000e+00
	 0.0000000000000000e+00 	 0.0000000000000000e+00 	 -2.1224739805015389e+01 	 -2.8202583433081056e+01 	 4.5170136268637577e+01 	 0.0000000000000000e+00
	 2.2238791105927223e+00 	 2.1224739805015389e+01 	 0.0000000000000000e+00 	 0.0000000000000000e+00 	 0.0000000000000000e+00 	 4.0697274167386473e+02

	 0.500000 
	 1.1218000000000000e+08 	 2.9430000000000000e+07 	 5.4091000000000000e+06 	 -1.0776000000000000e+06 	 -4.0918000000000000e+06 	 5.5831000000000000e+07
	 2.9430000000000000e+07 	 4.9349000000000000e+08 	 -4.6975000000000000e+06 	 2.1904000000000000e+07 	 -1.9502000000000000e+06 	 2.6369000000000000e+07
	 5.4091000000000000e+06 	 -4.6975000000000000e+06 	 1.3648000000000000e+10 	 -3.8442000000000000e+09 	 -1.1204000000000000e+08 	 1.6481000000000000e+07
	 -1.0776000000000000e+06 	 2.1904000000000000e+07 	 -3.8442000000000000e+09 	 5.6239000000000000e+09 	 -2.6421000000000000e+08 	 1.1243000000000000e+07
	 -4.0918000000000000e+06 	 -1.9502000000000000e+06 	 -1.1204000000000000e+08 	 -2.6421000000000000e+08 	 1.8746000000000000e+09 	 -1.0503000000000000e+07
	 5.5831000000000000e+07 	 2.6369000000000000e+07 	 1.6481000000000000e+07 	 1.1243000000000000e+07 	 -1.0503000000000000e+07 	 1.7739000000000000e+08

	 3.1235733454030600e+02 	 0.0000000000000000e+00 	 0.0000000000000000e+00 	 0.0000000000000000e+00 	 0.0000000000000000e+00 	 -5.2005630029156782e+00
	 0.0000000000000000e+00 	 3.1235733454030600e+02 	 0.0000000000000000e+00 	 0.0000000000000000e+00 	 0.0000000000000000e+00 	 2.0165010590997401e+01
	 0.0000000000000000e+00 	 0.0000000000000000e+00 	 3.1235733454030600e+02 	 5.2005630029156782e+00 	 -2.0165010590997401e+01 	 0.0000000000000000e+00
	 0.0000000000000000e+00 	 0.0000000000000000e+00 	 5.2005630029156782e+00 	 3.0885524389992355e+02 	 -2.1484271386685037e+01 	 0.0000000000000000e+00
	 0.0000000000000000e+00 	 0.0000000000000000e+00 	 -2.0165010590997401e+01 	 -2.1484271386685037e+01 	 3.7659691889893082e+01 	 0.0000000000000000e+00
	 -5.2005630029156782e+00 	 2.0165010590997401e+01 	 0.0000000000000000e+00 	 0.0000000000000000e+00 	 0.0000000000000000e+00 	 3.4651493578981660e+02

	 0.534483 
	 9.8460000000000000e+07 	 1.9318000000000000e+07 	 -5.3625000000000000e+06 	 2.6834000000000000e+06 	 -3.6005000000000000e+06 	 4.4089000000000000e+07
	 1.9318000000000000e+07 	 4.1529000000000000e+08 	 -3.7738000000000000e+06 	 1.8620000000000000e+07 	 -3.1902000000000000e+06 	 2.0588000000000000e+07
	 -5.3625000000000000e+06 	 -3.7738000000000000e+06 	 1.2475000000000000e+10 	 -3.2603000000000000e+09 	 -1.5644000000000000e+08 	 8.4571000000000000e+06
	 2.6834000000000000e+06 	 1.8620000000000000e+07 	 -3.2603000000000000e+09 	 4.5586000000000000e+09 	 -1.6176000000000000e+08 	 6.6915000000000000e+06
	 -3.6005000000000000e+06 	 -3.1902000000000000e+06 	 -1.5644000000000000e+08 	 -1.6176000000000000e+08 	 1.4729000000000000e+09 	 -7.4776000000000000e+06
	 4.4089000000000000e+07 	 2.0588000000000000e+07 	 8.4571000000000000e+06 	 6.6915000000000000e+06 	 -7.4776000000000000e+06 	 1.3150000000000000e+08

	 2.7544585865229305e+02 	 0.0000000000000000e+00 	 0.0000000000000000e+00 	 0.0000000000000000e+00 	 0.0000000000000000e+00 	 -1.2375792618658316e+01
	 0.0000000000000000e+00 	 2.7544585865229305e+02 	 0.0000000000000000e+00 	 0.0000000000000000e+00 	 0.0000000000000000e+00 	 1.3941719744633650e+01
	 0.0000000000000000e+00 	 0.0000000000000000e+00 	 2.7544585865229305e+02 	 1.2375792618658316e+01 	 -1.3941719744633650e+01 	 0.0000000000000000e+00
	 0.0000000000000000e+00 	 0.0000000000000000e+00 	 1.2375792618658316e+01 	 2.4447963295851014e+02 	 -1.6212313557541940e+01 	 0.0000000000000000e+00
	 0.0000000000000000e+00 	 0.0000000000000000e+00 	 -1.3941719744633650e+01 	 -1.6212313557541940e+01 	 2.8406561103826881e+01 	 0.0000000000000000e+00
	 -1.2375792618658316e+01 	 1.3941719744633650e+01 	 0.0000000000000000e+00 	 0.0000000000000000e+00 	 0.0000000000000000e+00 	 2.7288619406233710e+02

	 0.568966 
	 8.8351000000000000e+07 	 1.4779000000000000e+07 	 5.6526000000000000e+06 	 -1.3818000000000000e+06 	 -3.7157000000000000e+06 	 3.5925000000000000e+07
	 1.4779000000000000e+07 	 3.7475000000000000e+08 	 -5.4570000000000000e+06 	 1.6603000000000000e+07 	 -9.1227000000000000e+05 	 1.7610000000000000e+07
	 5.6526000000000000e+06 	 -5.4570000000000000e+06 	 1.1535000000000000e+10 	 -2.7770000000000000e+09 	 -1.8761000000000000e+08 	 7.3425000000000000e+06
	 -1.3818000000000000e+06 	 1.6603000000000000e+07 	 -2.7770000000000000e+09 	 3.7396000000000000e+09 	 -9.2562000000000000e+07 	 9.0697000000000000e+06
	 -3.7157000000000000e+06 	 -9.1227000000000000e+05 	 -1.8761000000000000e+08 	 -9.2562000000000000e+07 	 1.1514000000000000e+09 	 -3.7704000000000000e+06
	 3.5925000000000000e+07 	 1.7610000000000000e+07 	 7.3425000000000000e+06 	 9.0697000000000000e+06 	 -3.7704000000000000e+06 	 1.0306000000000000e+08

	 2.4036686407716283e+02 	 0.0000000000000000e+00 	 0.0000000000000000e+00 	 0.0000000000000000e+00 	 0.0000000000000000e+00 	 -1.5927664036865000e+01
	 0.0000000000000000e+00 	 2.4036686407716283e+02 	 0.0000000000000000e+00 	 0.0000000000000000e+00 	 0.0000000000000000e+00 	 1.4231235573932793e+01
	 0.0000000000000000e+00 	 0.0000000000000000e+00 	 2.4036686407716283e+02 	 1.5927664036865000e+01 	 -1.4231235573932793e+01 	 0.0000000000000000e+00
	 0.0000000000000000e+00 	 0.0000000000000000e+00 	 1.5927664036865000e+01 	 1.9107679885593978e+02 	 -1.0154255261405869e+01 	 0.0000000000000000e+00
	 0.0000000000000000e+00 	 0.0000000000000000e+00 	 -1.4231235573932793e+01 	 -1.0154255261405869e+01 	 2.1578849289085056e+01 	 0.0000000000000000e+00
	 -1.5927664036865000e+01 	 1.4231235573932793e+01 	 0.0000000000000000e+00 	 0.0000000000000000e+00 	 0.0000000000000000e+00 	 2.1265564814502486e+02

	 0.603448 
	 7.4645000000000000e+07 	 1.0668000000000000e+07 	 1.0175000000000000e+06 	 7.1719000000000000e+05 	 -5.7507000000000000e+06 	 2.5643000000000000e+07
	 1.0668000000000000e+07 	 3.2034000000000000e+08 	 -1.6338000000000000e+06 	 3.2833000000000000e+07 	 -1.9602000000000000e+06 	 1.2551000000000000e+07
	 1.0175000000000000e+06 	 -1.6338000000000000e+06 	 9.7527000000000000e+09 	 -2.2149000000000000e+09 	 -3.8292000000000000e+06 	 -2.8132000000000000e+06
	 7.1719000000000000e+05 	 3.2833000000000000e+07 	 -2.2149000000000000e+09 	 2.6935000000000000e+09 	 -9.2336000000000000e+07 	 6.6333000000000000e+06
	 -5.7507000000000000e+06 	 -1.9602000000000000e+06 	 -3.8292000000000000e+06 	 -9.2336000000000000e+07 	 8.1851000000000000e+08 	 -9.5486000000000000e+06
	 2.5643000000000000e+07 	 1.2551000000000000e+07 	 -2.8132000000000000e+06 	 6.6333000000000000e+06 	 -9.5486000000000000e+06 	 7.3318000000000000e+07

	 2.1570402452283608e+02 	 0.0000000000000000e+00 	 0.0000000000000000e+00 	 0.0000000000000000e+00 	 0.0000000000000000e+00 	 -1.6837985446629755e+01
	 0.0000000000000000e+00 	 2.1570402452283608e+02 	 0.0000000000000000e+00 	 0.0000000000000000e+00 	 0.0000000000000000e+00 	 9.4600030301422393e+00
	 0.0000000000000000e+00 	 0.0000000000000000e+00 	 2.1570402452283608e+02 	 1.6837985446629755e+01 	 -9.4600030301422393e+00 	 0.0000000000000000e+00
	 0.0000000000000000e+00 	 0.0000000000000000e+00 	 1.6837985446629755e+01 	 1.5405500190768294e+02 	 -7.5808709399532832e+00 	 0.0000000000000000e+00
	 0.0000000000000000e+00 	 0.0000000000000000e+00 	 -9.4600030301422393e+00 	 -7.5808709399532832e+00 	 1.6011655620695489e+01 	 0.0000000000000000e+00
	 -1.6837985446629755e+01 	 9.4600030301422393e+00 	 0.0000000000000000e+00 	 0.0000000000000000e+00 	 0.0000000000000000e+00 	 1.7006665752837847e+02

	 0.637931 
	 5.2753000000000000e+07 	 4.4773000000000000e+06 	 -5.3317000000000000e+06 	 1.8261000000000000e+06 	 -2.7826000000000000e+06 	 1.6890000000000000e+07
	 4.4773000000000000e+06 	 2.6950000000000000e+08 	 -8.5189000000000000e+06 	 1.4329000000000000e+07 	 -1.5290000000000000e+06 	 1.0432000000000000e+07
	 -5.3317000000000000e+06 	 -8.5189000000000000e+06 	 7.9535000000000000e+09 	 -1.6440000000000000e+09 	 -1.5051000000000000e+08 	 1.3378000000000000e+06
	 1.8261000000000000e+06 	 1.4329000000000000e+07 	 -1.6440000000000000e+09 	 1.8517000000000000e+09 	 -8.7501000000000000e+06 	 1.7772000000000000e+06
	 -2.7826000000000000e+06 	 -1.5290000000000000e+06 	 -1.5051000000000000e+08 	 -8.7501000000000000e+06 	 5.6943000000000000e+08 	 4.6680000000000000e+06
	 1.6890000000000000e+07 	 1.0432000000000000e+07 	 1.3378000000000000e+06 	 1.7772000000000000e+06 	 4.6680000000000000e+06 	 4.7862000000000000e+07

	 1.6312606395878598e+02 	 0.0000000000000000e+00 	 0.0000000000000000e+00 	 0.0000000000000000e+00 	 0.0000000000000000e+00 	 -3.6084051382882127e+00
	 0.0000000000000000e+00 	 1.6312606395878598e+02 	 0.0000000000000000e+00 	 0.0000000000000000e+00 	 0.0000000000000000e+00 	 5.9054347096980315e+00
	 0.0000000000000000e+00 	 0.0000000000000000e+00 	 1.6312606395878598e+02 	 3.6084051382882127e+00 	 -5.9054347096980315e+00 	 0.0000000000000000e+00
	 0.0000000000000000e+00 	 0.0000000000000000e+00 	 3.6084051382882127e+00 	 8.9564182440941934e+01 	 -3.6962948467919725e+00 	 0.0000000000000000e+00
	 0.0000000000000000e+00 	 0.0000000000000000e+00 	 -5.9054347096980315e+00 	 -3.6962948467919725e+00 	 1.0467827954874860e+01 	 0.0000000000000000e+00
	 -3.6084051382882127e+00 	 5.9054347096980315e+00 	 0.0000000000000000e+00 	 0.0000000000000000e+00 	 0.0000000000000000e+00 	 1.0003201039581677e+02

	 0.672414 
	 3.7707000000000000e+07 	 3.7174000000000000e+06 	 4.4579000000000000e+06 	 -7.0633000000000000e+05 	 -2.7732000000000000e+06 	 1.2193000000000000e+07
	 3.7174000000000000e+06 	 2.2326000000000000e+08 	 -5.9596000000000000e+06 	 1.6801000000000000e+07 	 -3.1176000000000000e+05 	 8.9939000000000000e+06
	 4.4579000000000000e+06 	 -5.9596000000000000e+06 	 6.7456000000000000e+09 	 -1.1957000000000000e+09 	 -1.1734000000000000e+08 	 2.0329000000000000e+06
	 -7.0633000000000000e+05 	 1.6801000000000000e+07 	 -1.1957000000000000e+09 	 1.3446000000000000e+09 	 3.6557000000000000e+06 	 3.6127000000000000e+06
	 -2.7732000000000000e+06 	 -3.1176000000000000e+05 	 -1.1734000000000000e+08 	 3.6557000000000000e+06 	 3.9839000000000000e+08 	 -3.1683000000000000e+06
	 1.2193000000000000e+07 	 8.9939000000000000e+06 	 2.0329000000000000e+06 	 3.6127000000000000e+06 	 -3.1683000000000000e+06 	 3.2709000000000000e+07

	 1.4115655463647005e+02 	 0.0000000000000000e+00 	 0.0000000000000000e+00 	 0.0000000000000000e+00 	 0.0000000000000000e+00 	 -7.3643191592600283e+00
	 0.0000000000000000e+00 	 1.4115655463647005e+02 	 0.0000000000000000e+00 	 0.0000000000000000e+00 	 0.0000000000000000e+00 	 6.8686877556769605e+00
	 0.0000000000000000e+00 	 0.0000000000000000e+00 	 1.4115655463647005e+02 	 7.3643191592600283e+00 	 -6.8686877556769605e+00 	 0.0000000000000000e+00
	 0.0000000000000000e+00 	 0.0000000000000000e+00 	 7.3643191592600283e+00 	 6.9722838864320195e+01 	 -1.9835697601981077e+00 	 0.0000000000000000e+00
	 0.0000000000000000e+00 	 0.0000000000000000e+00 	 -6.8686877556769605e+00 	 -1.9835697601981077e+00 	 7.7215536176303434e+00 	 0.0000000000000000e+00
	 -7.3643191592600283e+00 	 6.8686877556769605e+00 	 0.0000000000000000e+00 	 0.0000000000000000e+00 	 0.0000000000000000e+00 	 7.7444392481950544e+01

	 0.706897 
	 3.1253000000000000e+07 	 -1.2914000000000000e+05 	 -4.3837000000000000e+06 	 8.7157000000000000e+05 	 -2.1557000000000000e+06 	 8.2424000000000000e+06
	 -1.2914000000000000e+05 	 1.5308000000000000e+08 	 -4.5081000000000000e+06 	 1.3112000000000000e+07 	 -7.2986000000000000e+05 	 5.7423000000000000e+06
	 -4.3837000000000000e+06 	 -4.5081000000000000e+06 	 5.4477000000000000e+09 	 -8.2532000000000000e+08 	 -1.0681000000000000e+08 	 8.7747000000000000e+05
	 8.7157000000000000e+05 	 1.3112000000000000e+07 	 -8.2532000000000000e+08 	 8.8465000000000000e+08 	 1.3667000000000000e+07 	 1.3964000000000000e+06
	 -2.1557000000000000e+06 	 -7.2986000000000000e+05 	 -1.0681000000000000e+08 	 1.3667000000000000e+07 	 2.6709000000000000e+08 	 -2.2658000000000000e+06
	 8.2424000000000000e+06 	 5.7423000000000000e+06 	 8.7747000000000000e+05 	 1.3964000000000000e+06 	 -2.2658000000000000e+06 	 2.0218000000000000e+07

	 1.1043074945272285e+02 	 0.0000000000000000e+00 	 0.0000000000000000e+00 	 0.0000000000000000e+00 	 0.0000000000000000e+00 	 -5.0895522860423936e+00
	 0.0000000000000000e+00 	 1.1043074945272285e+02 	 0.0000000000000000e+00 	 0.0000000000000000e+00 	 0.0000000000000000e+00 	 3.2792545667311996e+00
	 0.0000000000000000e+00 	 0.0000000000000000e+00 	 1.1043074945272285e+02 	 5.0895522860423936e+00 	 -3.2792545667311996e+00 	 0.0000000000000000e+00
	 0.0000000000000000e+00 	 0.0000000000000000e+00 	 5.0895522860423936e+00 	 4.5866640674024566e+01 	 -1.1363060481586347e+00 	 0.0000000000000000e+00
	 0.0000000000000000e+00 	 0.0000000000000000e+00 	 -3.2792545667311996e+00 	 -1.1363060481586347e+00 	 4.8639988685315387e+00 	 0.0000000000000000e+00
	 -5.0895522860423936e+00 	 3.2792545667311996e+00 	 0.0000000000000000e+00 	 0.0000000000000000e+00 	 0.0000000000000000e+00 	 5.0730639542556105e+01

	 0.741379 
	 2.6174000000000000e+07 	 7.1757000000000000e+04 	 5.0811000000000000e+06 	 -9.2051000000000000e+05 	 -2.2489000000000000e+06 	 5.6360000000000000e+06
	 7.1757000000000000e+04 	 1.1214000000000000e+08 	 -6.0939000000000000e+06 	 7.6283000000000000e+06 	 9.1661000000000000e+04 	 4.3262000000000000e+06
	 5.0811000000000000e+06 	 -6.0939000000000000e+06 	 4.3872000000000000e+09 	 -5.2223000000000000e+08 	 -8.0583000000000000e+07 	 1.0359000000000000e+06
	 -9.2051000000000000e+05 	 7.6283000000000000e+06 	 -5.2223000000000000e+08 	 5.8216000000000000e+08 	 1.2645000000000000e+07 	 2.1722000000000000e+06
	 -2.2489000000000000e+06 	 9.1661000000000000e+04 	 -8.0583000000000000e+07 	 1.2645000000000000e+07 	 1.7303000000000000e+08 	 -1.1569000000000000e+06
