Segment 0 [Mid-Origin:  1.724137931083586 ] [ 14552 ]

Left Timo

[[ 3.2000e+10 -1.8751e+05  3.2111e+04  2.0682e+05 -3.5295e+06 -1.8931e+07]
 [-1.8751e+05  4.6860e+09 -7.2172e+06  2.1263e+07 -5.2697e+05 -2.4281e+05]
 [ 3.2111e+04 -7.2172e+06  4.6688e+09  6.1755e+07 -9.3162e+05  3.2520e+05]
 [ 2.0682e+05  2.1263e+07  6.1755e+07  4.5619e+10  6.3894e+05 -5.9964e+04]
 [-3.5295e+06 -5.2697e+05 -9.3162e+05  6.3894e+05  7.8053e+10  3.5426e+07]
 [-1.8931e+07 -2.4281e+05  3.2520e+05 -5.9964e+04  3.5426e+07  7.8135e+10]]
Right Timo

[[ 2.4753e+10 -1.3921e+05 -3.8016e+05 -1.8388e+05 -9.4913e+07 -8.6362e+08]
 [-1.3921e+05  3.9333e+09 -1.5718e+08  1.8139e+07  1.5988e+06  2.2307e+06]
 [-3.8016e+05 -1.5718e+08  3.3938e+09  2.0165e+08  4.9488e+05 -1.3833e+06]
 [-1.8388e+05  1.8139e+07  2.0165e+08  3.2638e+10  1.3255e+06  1.8701e+06]
 [-9.4913e+07  1.5988e+06  4.9488e+05  1.3255e+06  5.2555e+10  2.7163e+09]
 [-8.6362e+08  2.2307e+06 -1.3833e+06  1.8701e+06  2.7163e+09  5.8391e+10]]

 Solid Taper Timo

[[ 2.7692e+10 -1.0297e+07  5.2872e+06  5.2640e+06 -1.7367e+08 -4.9942e+08]
 [-1.0297e+07  4.2333e+09 -6.8378e+07  2.4327e+07  9.0882e+06 -2.7512e+08]
 [ 5.2872e+06 -6.8378e+07  4.0050e+09  1.4600e+08  2.7982e+08 -3.8607e+06]
 [ 5.2640e+06  2.4327e+07  1.4600e+08  3.8374e+10 -3.2100e+08 -4.6322e+07]
 [-1.7367e+08  9.0882e+06  2.7982e+08 -3.2100e+08  6.4167e+10  1.2977e+09]
 [-4.9942e+08 -2.7512e+08 -3.8607e+06 -4.6322e+07  1.2977e+09  6.6893e+10]]
Segment 1 [Mid-Origin:  5.172413793124546 ] [ 16464 ]

Left Timo

[[ 2.6572e+10  6.8545e+05  1.2434e+05  8.2140e+04 -5.4559e+08 -2.5209e+09]
 [ 6.8545e+05  3.8599e+09 -1.5135e+08  1.2996e+07 -2.5955e+06 -2.3618e+06]
 [ 1.2434e+05 -1.5135e+08  3.3622e+09  1.7784e+08 -3.4393e+06  2.2344e+06]
 [ 8.2140e+04  1.2996e+07  1.7784e+08  3.2294e+10 -2.6895e+06 -1.3798e+06]
 [-5.4559e+08 -2.5955e+06 -3.4393e+06 -2.6895e+06  5.9341e+10  3.1887e+09]
 [-2.5209e+09 -2.3618e+06  2.2344e+06 -1.3798e+06  3.1887e+09  5.9345e+10]]
Right Timo

[[ 2.3683e+10 -4.3883e+06  8.5413e+05 -3.8467e+05 -3.6161e+08 -4.6911e+09]
 [-4.3883e+06  3.9204e+09 -4.0921e+08 -1.3144e+08  2.7701e+06  8.4529e+06]
 [ 8.5413e+05 -4.0921e+08  2.3711e+09  6.3805e+08  1.7323e+06 -1.8098e+06]
 [-3.8467e+05 -1.3144e+08  6.3805e+08  1.9647e+10  1.1277e+07 -1.8009e+06]
 [-3.6161e+08  2.7701e+06  1.7323e+06  1.1277e+07  3.3066e+10  7.1553e+09]
 [-4.6911e+09  8.4529e+06 -1.8098e+06 -1.8009e+06  7.1553e+09  4.6876e+10]]

 Solid Taper Timo

[[ 2.5898e+10  3.1040e+07 -3.4985e+07  7.1556e+07  3.0927e+07 -4.0396e+09]
 [ 3.1040e+07  3.8995e+09 -2.4093e+08 -3.9063e+07  3.4764e+07 -9.4521e+06]
 [-3.4985e+07 -2.4093e+08  3.1552e+09  5.1080e+08  3.2745e+07 -2.4483e+07]
 [ 7.1556e+07 -3.9063e+07  5.1080e+08  2.4122e+10 -1.8301e+09 -7.9686e+07]
 [ 3.0927e+07  3.4764e+07  3.2745e+07 -1.8301e+09  4.8339e+10  5.0645e+09]
 [-4.0396e+09 -9.4521e+06 -2.4483e+07 -7.9686e+07  5.0645e+09  5.3378e+10]]
Segment 2 [Mid-Origin:  10.34482758627889 ] [ 58312 ]

Left Timo

[[ 1.9081e+10  1.5883e+06 -1.8638e+05  8.4724e+05 -1.0533e+09 -3.9723e+09]
 [ 1.5883e+06  3.0666e+09 -3.6621e+08  7.3234e+07 -2.9431e+06 -4.2774e+06]
 [-1.8638e+05 -3.6621e+08  1.8585e+09  5.6471e+08 -2.9982e+06  1.6059e+06]
 [ 8.4724e+05  7.3234e+07  5.6471e+08  1.5412e+10 -6.6247e+06  1.8556e+04]
 [-1.0533e+09 -2.9431e+06 -2.9982e+06 -6.6247e+06  2.6979e+10  5.5866e+09]
 [-3.9723e+09 -4.2774e+06  1.6059e+06  1.8556e+04  5.5866e+09  3.8015e+10]]
Right Timo

[[ 1.5285e+10  2.5063e+04  2.7956e+05  7.3784e+05 -6.8079e+08 -4.5523e+09]
 [ 2.5063e+04  1.9282e+09 -3.2493e+08  3.9046e+07 -1.7110e+04  9.1609e+04]
 [ 2.7956e+05 -3.2493e+08  7.7596e+08  6.5346e+08 -4.7135e+06 -9.7038e+05]
 [ 7.3784e+05  3.9046e+07  6.5346e+08  3.6192e+09 -3.0086e+06  5.4748e+05]
 [-6.8079e+08 -1.7110e+04 -4.7135e+06 -3.0086e+06  9.5640e+09  3.7578e+09]
 [-4.5523e+09  9.1609e+04 -9.7038e+05  5.4748e+05  3.7578e+09  2.1610e+10]]

 Solid Taper Timo

[[ 1.7054e+10  4.0745e+07 -1.4343e+07  3.4817e+08 -1.4097e+09 -5.3426e+09]
 [ 4.0745e+07  2.1247e+09 -3.8190e+08  3.0032e+07 -1.1734e+08 -3.9809e+08]
 [-1.4343e+07 -3.8190e+08  8.4597e+08  5.0868e+08  2.5441e+08  4.1980e+07]
 [ 3.4817e+08  3.0032e+07  5.0868e+08  5.3712e+09 -1.0826e+09  2.9151e+08]
 [-1.4097e+09 -1.1734e+08  2.5441e+08 -1.0826e+09  1.5360e+10  5.2687e+09]
 [-5.3426e+09 -3.9809e+08  4.1980e+07  2.9151e+08  5.2687e+09  2.7301e+10]]
Segment 3 [Mid-Origin:  15.517241379617094 ] [ 42416 ]

Left Timo

[[ 1.5274e+10  2.1859e+05  2.7373e+05  8.7113e+05 -6.7798e+08 -4.5435e+09]
 [ 2.1859e+05  1.9282e+09 -3.2496e+08  3.9039e+07 -1.4171e+05 -2.7441e+05]
 [ 2.7373e+05 -3.2496e+08  7.7595e+08  6.5340e+08 -4.8750e+06 -9.7462e+05]
 [ 8.7113e+05  3.9039e+07  6.5340e+08  3.6191e+09 -3.4647e+06  4.1385e+05]
 [-6.7798e+08 -1.4171e+05 -4.8750e+06 -3.4647e+06  9.5534e+09  3.7554e+09]
 [-4.5435e+09 -2.7441e+05 -9.7462e+05  4.1385e+05  3.7554e+09  2.1603e+10]]
Right Timo

[[ 1.4287e+10  1.2885e+05  5.1463e+05  6.5018e+05 -5.7732e+08 -4.3366e+09]
 [ 1.2885e+05  1.4878e+09 -2.3119e+08 -1.3485e+06 -8.1844e+04  2.0531e+05]
 [ 5.1463e+05 -2.3119e+08  5.1042e+08  4.3792e+08 -4.9179e+06 -7.5697e+05]
 [ 6.5018e+05 -1.3485e+06  4.3792e+08  2.0229e+09 -3.4840e+06  9.0200e+04]
 [-5.7732e+08 -8.1844e+04 -4.9179e+06 -3.4840e+06  6.6758e+09  2.8803e+09]
 [-4.3366e+09  2.0531e+05 -7.5697e+05  9.0200e+04  2.8803e+09  1.7933e+10]]

 Solid Taper Timo

[[ 1.5002e+10 -1.5695e+07  5.3840e+06  1.7878e+08 -6.2753e+08 -4.6432e+09]
 [-1.5695e+07  1.6868e+09 -2.7043e+08  1.7351e+07 -2.6969e+07 -7.2356e+07]
 [ 5.3840e+06 -2.7043e+08  6.4980e+08  5.5694e+08  1.3626e+07  9.6176e+06]
 [ 1.7878e+08  1.7351e+07  5.5694e+08  2.6964e+09 -9.5886e+07  1.3610e+07]
 [-6.2753e+08 -2.6969e+07  1.3626e+07 -9.5886e+07  8.2696e+09  3.2652e+09]
 [-4.6432e+09 -7.2356e+07  9.6176e+06  1.3610e+07  3.2652e+09  1.9711e+10]]
Segment 4 [Mid-Origin:  18.96551724157173 ] [ 44788 ]

Left Timo

[[ 1.4302e+10  8.3302e+04  5.4445e+05  6.6966e+05 -5.7883e+08 -4.3425e+09]
 [ 8.3302e+04  1.4878e+09 -2.3120e+08 -1.3481e+06 -1.0481e+05  3.8782e+04]
 [ 5.4445e+05 -2.3120e+08  5.1038e+08  4.3783e+08 -4.9028e+06 -7.4526e+05]
 [ 6.6966e+05 -1.3481e+06  4.3783e+08  2.0228e+09 -3.5525e+06  4.3806e+04]
 [-5.7883e+08 -1.0481e+05 -4.9028e+06 -3.5525e+06  6.6843e+09  2.8814e+09]
 [-4.3425e+09  3.8782e+04 -7.4526e+05  4.3806e+04  2.8814e+09  1.7939e+10]]
Right Timo

[[ 1.3582e+10  1.9570e+04  1.1551e+06  1.0282e+06 -9.8003e+08 -4.2777e+09]
 [ 1.9570e+04  1.1228e+09 -1.5763e+08 -1.6504e+07 -8.6494e+04 -2.3400e+03]
 [ 1.1551e+06 -1.5763e+08  3.6250e+08  2.9529e+08 -2.2931e+06 -9.7008e+05]
 [ 1.0282e+06 -1.6504e+07  2.9529e+08  1.1830e+09 -1.7129e+06 -6.0672e+05]
 [-9.8003e+08 -8.6494e+04 -2.2931e+06 -1.7129e+06  5.1535e+09  2.5224e+09]
 [-4.2777e+09 -2.3400e+03 -9.7008e+05 -6.0672e+05  2.5224e+09  1.4986e+10]]

 Solid Taper Timo

[[ 1.4186e+10 -1.2286e+07  1.6617e+07  1.2599e+08 -9.3384e+08 -4.4614e+09]
 [-1.2286e+07  1.2924e+09 -1.9560e+08 -1.3713e+07 -1.4082e+07 -5.9856e+07]
 [ 1.6617e+07 -1.9560e+08  4.2963e+08  3.6028e+08  9.4411e+06 -7.8811e+05]
 [ 1.2599e+08 -1.3713e+07  3.6028e+08  1.5049e+09 -1.5591e+07 -6.6229e+06]
 [-9.3384e+08 -1.4082e+07  9.4411e+06 -1.5591e+07  5.9676e+09  2.7921e+09]
 [-4.4614e+09 -5.9856e+07 -7.8811e+05 -6.6229e+06  2.7921e+09  1.6478e+10]]
Segment 5 [Mid-Origin:  22.413793103499426 ] [ 47032 ]

Left Timo

[[ 1.3587e+10 -1.6724e+04  1.1597e+06  1.0203e+06 -9.8163e+08 -4.2808e+09]
 [-1.6724e+04  1.1229e+09 -1.5763e+08 -1.6493e+07 -5.8852e+04  1.1141e+04]
 [ 1.1597e+06 -1.5763e+08  3.6250e+08  2.9530e+08 -2.2710e+06 -9.9492e+05]
 [ 1.0203e+06 -1.6493e+07  2.9530e+08  1.1831e+09 -1.6727e+06 -6.0267e+05]
 [-9.8163e+08 -5.8852e+04 -2.2710e+06 -1.6727e+06  5.1556e+09  2.5232e+09]
 [-4.2808e+09  1.1141e+04 -9.9492e+05 -6.0267e+05  2.5232e+09  1.4988e+10]]
Right Timo

[[ 1.3257e+10 -1.4505e+04  1.2832e+06  1.0558e+06 -3.4858e+08 -4.3660e+09]
 [-1.4505e+04  8.8304e+08 -1.0838e+08 -3.6210e+07 -2.1620e+04 -5.0655e+04]
 [ 1.2832e+06 -1.0838e+08  2.9133e+08  2.2526e+08 -1.4124e+06 -9.6029e+05]
 [ 1.0558e+06 -3.6210e+07  2.2526e+08  8.1521e+08 -1.0093e+06 -8.2799e+05]
 [-3.4858e+08 -2.1620e+04 -1.4124e+06 -1.0093e+06  4.3225e+09  1.6393e+09]
 [-4.3660e+09 -5.0655e+04 -9.6029e+05 -8.2799e+05  1.6393e+09  1.3178e+10]]

 Solid Taper Timo

[[ 1.3355e+10 -1.0514e+07 -5.8759e+06  1.0570e+08 -7.3461e+08 -4.3244e+09]
 [-1.0514e+07  9.8835e+08 -1.3375e+08 -3.0494e+07 -1.7497e+07 -3.6382e+07]
 [-5.8759e+06 -1.3375e+08  3.2157e+08  2.5526e+08  4.9933e+06  9.3598e+06]
 [ 1.0570e+08 -3.0494e+07  2.5526e+08  9.6403e+08  1.3258e+07 -1.1382e+07]
 [-7.3461e+08 -1.7497e+07  4.9933e+06  1.3258e+07  4.6953e+09  2.1021e+09]
 [-4.3244e+09 -3.6382e+07  9.3598e+06 -1.1382e+07  2.1021e+09  1.3968e+10]]
Segment 6 [Mid-Origin:  25.86206896552998 ] [ 46436 ]

Left Timo

[[ 1.3256e+10 -2.6440e+04  1.2961e+06  1.0498e+06 -3.4769e+08 -4.3655e+09]
 [-2.6440e+04  8.8305e+08 -1.0839e+08 -3.6213e+07 -2.4860e+03 -3.5670e+04]
 [ 1.2961e+06 -1.0839e+08  2.9134e+08  2.2527e+08 -1.4210e+06 -9.7266e+05]
 [ 1.0498e+06 -3.6213e+07  2.2527e+08  8.1522e+08 -1.0080e+06 -8.4333e+05]
 [-3.4769e+08 -2.4860e+03 -1.4210e+06 -1.0080e+06  4.3219e+09  1.6388e+09]
 [-4.3655e+09 -3.5670e+04 -9.7266e+05 -8.4333e+05  1.6388e+09  1.3177e+10]]
Right Timo

[[ 1.4163e+10  1.9803e+04  1.2158e+06  9.2197e+05 -1.5134e+08 -4.9003e+09]
 [ 1.9803e+04  7.7366e+08 -8.1205e+07 -4.4210e+07  3.1200e+02  6.7109e+04]
 [ 1.2158e+06 -8.1205e+07  2.4898e+08  1.8277e+08 -1.5601e+06 -8.5259e+05]
 [ 9.2197e+05 -4.4210e+07  1.8277e+08  6.2069e+08 -1.0568e+06 -7.6457e+05]
 [-1.5134e+08  3.1200e+02 -1.5601e+06 -1.0568e+06  4.0240e+09  1.2510e+09]
 [-4.9003e+09  6.7109e+04 -8.5259e+05 -7.6457e+05  1.2510e+09  1.2533e+10]]

 Solid Taper Timo

[[ 1.3793e+10 -9.7302e+06  4.0986e+06  1.0285e+08 -2.5957e+08 -4.7031e+09]
 [-9.7302e+06  8.2619e+08 -9.3584e+07 -4.1246e+07 -7.9672e+06 -1.3696e+07]
 [ 4.0986e+06 -9.3584e+07  2.7253e+08  2.0546e+08 -4.3812e+06 -3.2580e+05]
 [ 1.0285e+08 -4.1246e+07  2.0546e+08  7.0755e+08  4.6440e+06 -2.6141e+07]
 [-2.5957e+08 -7.9672e+06 -4.3812e+06  4.6440e+06  4.2179e+09  1.4378e+09]
 [-4.7031e+09 -1.3696e+07 -3.2580e+05 -2.6141e+07  1.4378e+09  1.2877e+10]]
Segment 7 [Mid-Origin:  29.310344827713585 ] [ 45786 ]

Left Timo

[[ 1.4157e+10  1.0224e+04  1.1938e+06  9.2124e+05 -1.5370e+08 -4.9186e+09]
 [ 1.0224e+04  7.7354e+08 -8.0968e+07 -4.4346e+07  8.3410e+03  7.4111e+04]
 [ 1.1938e+06 -8.0968e+07  2.5073e+08  1.8019e+08 -1.5687e+06 -8.7137e+05]
 [ 9.2124e+05 -4.4346e+07  1.8019e+08  6.2441e+08 -1.0470e+06 -7.1517e+05]
 [-1.5370e+08  8.3410e+03 -1.5687e+06 -1.0470e+06  4.0239e+09  1.2471e+09]
 [-4.9186e+09  7.4111e+04 -8.7137e+05 -7.1517e+05  1.2471e+09  1.2486e+10]]
Right Timo

[[ 1.3901e+10  7.8316e+04  5.4326e+05  4.3054e+05 -3.0030e+06 -4.6912e+09]
 [ 7.8316e+04  7.1102e+08 -6.7561e+07 -4.6401e+07 -1.6720e+03  5.2053e+04]
 [ 5.4326e+05 -6.7561e+07  2.2306e+08  1.5217e+08 -7.8204e+05 -4.2677e+05]
 [ 4.3054e+05 -4.6401e+07  1.5217e+08  5.1077e+08 -4.7557e+05 -3.0129e+05]
 [-3.0030e+06 -1.6720e+03 -7.8204e+05 -4.7557e+05  3.4382e+09  1.0025e+09]
 [-4.6912e+09  5.2053e+04 -4.2677e+05 -3.0129e+05  1.0025e+09  1.1495e+10]]

 Solid Taper Timo

[[ 1.4030e+10  1.8447e+06  1.1075e+06  5.8209e+07 -9.6716e+07 -4.8193e+09]
 [ 1.8447e+06  7.4078e+08 -7.3940e+07 -4.5816e+07 -4.6785e+06 -1.5835e+07]
 [ 1.1075e+06 -7.3940e+07  2.3395e+08  1.6410e+08  4.2630e+06  7.2774e+05]
 [ 5.8209e+07 -4.5816e+07  1.6410e+08  5.5719e+08  7.8446e+06 -1.5053e+07]
 [-9.6716e+07 -4.6785e+06  4.2630e+06  7.8446e+06  3.7046e+09  1.1279e+09]
 [-4.8193e+09 -1.5835e+07  7.2774e+05 -1.5053e+07  1.1279e+09  1.1974e+10]]
Segment 8 [Mid-Origin:  32.75862068982252 ] [ 43431 ]

Left Timo

[[ 1.3903e+10  7.5484e+04  5.3841e+05  4.2543e+05 -3.7079e+06 -4.6923e+09]
 [ 7.5484e+04  7.1103e+08 -6.7559e+07 -4.6399e+07  7.6000e+02  5.0764e+04]
 [ 5.3841e+05 -6.7559e+07  2.2306e+08  1.5217e+08 -7.5903e+05 -4.2382e+05]
 [ 4.2543e+05 -4.6399e+07  1.5217e+08  5.1076e+08 -4.6250e+05 -3.0004e+05]
 [-3.7079e+06  7.6000e+02 -7.5903e+05 -4.6250e+05  3.4389e+09  1.0030e+09]
 [-4.6923e+09  5.0764e+04 -4.2382e+05 -3.0004e+05  1.0030e+09  1.1496e+10]]
Right Timo

[[ 1.5319e+10  2.5329e+04  3.3334e+05  2.9734e+05  6.6877e+07 -5.2455e+09]
 [ 2.5329e+04  7.2194e+08 -6.4095e+07 -4.8515e+07  3.9820e+03  4.5408e+04]
 [ 3.3334e+05 -6.4095e+07  2.0360e+08  1.2677e+08 -4.2943e+05 -2.9271e+05]
 [ 2.9734e+05 -4.8515e+07  1.2677e+08  4.6015e+08 -2.5262e+05 -1.8492e+05]
 [ 6.6877e+07  3.9820e+03 -4.2943e+05 -2.5262e+05  3.5882e+09  8.5639e+08]
 [-5.2455e+09  4.5408e+04 -2.9271e+05 -1.8492e+05  8.5639e+08  1.1197e+10]]

 Solid Taper Timo

[[ 1.4591e+10 -2.2668e+06  9.7250e+05  3.6745e+07  2.9662e+07 -4.9703e+09]
 [-2.2668e+06  7.1807e+08 -6.5921e+07 -4.7460e+07 -2.9039e+06 -4.3119e+06]
 [ 9.7250e+05 -6.5921e+07  2.1102e+08  1.3742e+08 -5.3983e+06 -1.9149e+05]
 [ 3.6745e+07 -4.7460e+07  1.3742e+08  4.8382e+08  2.6491e+07 -1.4719e+06]
 [ 2.9662e+07 -2.9039e+06 -5.3983e+06  2.6491e+07  3.4998e+09  9.3166e+08]
 [-4.9703e+09 -4.3119e+06 -1.9149e+05 -1.4719e+06  9.3166e+08  1.1368e+10]]
Segment 9 [Mid-Origin:  36.20689655156792 ] [ 43043 ]

Left Timo

[[ 1.5319e+10  2.6037e+04  3.3052e+05  2.9215e+05  6.6904e+07 -5.2452e+09]
 [ 2.6037e+04  7.2193e+08 -6.4094e+07 -4.8515e+07  6.1050e+03  4.9282e+04]
 [ 3.3052e+05 -6.4094e+07  2.0360e+08  1.2677e+08 -4.4017e+05 -2.9074e+05]
 [ 2.9215e+05 -4.8515e+07  1.2677e+08  4.6015e+08 -2.5795e+05 -1.8048e+05]
 [ 6.6904e+07  6.1050e+03 -4.4017e+05 -2.5795e+05  3.5881e+09  8.5636e+08]
 [-5.2452e+09  4.9282e+04 -2.9074e+05 -1.8048e+05  8.5636e+08  1.1197e+10]]
Right Timo

[[ 1.4897e+10  8.3988e+04  1.6249e+05  1.6651e+05  1.3764e+08 -4.9211e+09]
 [ 8.3988e+04  6.4129e+08 -5.3469e+07 -4.4137e+07  8.4930e+03  5.6087e+04]
 [ 1.6249e+05 -5.3469e+07  1.5209e+08  9.8887e+07 -4.5488e+05 -1.7695e+05]
 [ 1.6651e+05 -4.4137e+07  9.8887e+07  3.7090e+08 -2.8360e+05 -7.1787e+04]
 [ 1.3764e+08  8.4930e+03 -4.5488e+05 -2.8360e+05  3.2451e+09  6.6774e+08]
 [-4.9211e+09  5.6087e+04 -1.7695e+05 -7.1787e+04  6.6774e+08  9.7849e+09]]

 Solid Taper Timo

[[ 1.5213e+10  2.5607e+06  2.2592e+05  2.7132e+07  9.9056e+07 -5.1327e+09]
 [ 2.5607e+06  6.8277e+08 -5.8651e+07 -4.6395e+07 -3.7009e+06 -2.2479e+07]
 [ 2.2592e+05 -5.8651e+07  1.7784e+08  1.1306e+08  2.1042e+06  1.5797e+06]
 [ 2.7132e+07 -4.6395e+07  1.1306e+08  4.1415e+08 -1.5930e+07  3.3740e+06]
 [ 9.9056e+07 -3.7009e+06  2.1042e+06 -1.5930e+07  3.4476e+09  7.6247e+08]
 [-5.1327e+09 -2.2479e+07  1.5797e+06  3.3740e+06  7.6247e+08  1.0522e+10]]
Segment 10 [Mid-Origin:  39.65517241263724 ] [ 42974 ]

Left Timo

[[ 1.4897e+10  7.5947e+04  1.6123e+05  1.6164e+05  1.3764e+08 -4.9213e+09]
 [ 7.5947e+04  6.4129e+08 -5.3469e+07 -4.4137e+07  1.1404e+04  6.0914e+04]
 [ 1.6123e+05 -5.3469e+07  1.5209e+08  9.8888e+07 -4.5295e+05 -1.7568e+05]
 [ 1.6164e+05 -4.4137e+07  9.8888e+07  3.7090e+08 -2.8077e+05 -6.8397e+04]
 [ 1.3764e+08  1.1404e+04 -4.5295e+05 -2.8077e+05  3.2452e+09  6.6773e+08]
 [-4.9213e+09  6.0914e+04 -1.7568e+05 -6.8397e+04  6.6773e+08  9.7851e+09]]
Right Timo

[[ 1.4743e+10  1.5725e+05  1.0338e+05  1.4250e+05  2.0224e+08 -4.6032e+09]
 [ 1.5725e+05  6.2562e+08 -4.8592e+07 -4.1425e+07  1.7028e+04  7.6272e+04]
 [ 1.0338e+05 -4.8592e+07  1.4398e+08  8.8277e+07 -5.8688e+05 -1.6378e+05]
 [ 1.4250e+05 -4.1425e+07  8.8277e+07  3.2330e+08 -3.3008e+05 -3.1141e+04]
 [ 2.0224e+08  1.7028e+04 -5.8688e+05 -3.3008e+05  2.9105e+09  5.3296e+08]
 [-4.6032e+09  7.6272e+04 -1.6378e+05 -3.1141e+04  5.3296e+08  8.7511e+09]]

 Solid Taper Timo

[[ 1.4806e+10  3.9273e+06 -7.6707e+04  2.4370e+07  1.7067e+08 -4.7567e+09]
 [ 3.9273e+06  6.3462e+08 -5.1446e+07 -4.2846e+07 -2.6582e+06 -1.3302e+07]
 [-7.6707e+04 -5.1446e+07  1.4867e+08  9.3894e+07  1.4773e+06  7.8519e+05]
 [ 2.4370e+07 -4.2846e+07  9.3894e+07  3.4752e+08  1.5570e+07  7.2569e+06]
 [ 1.7067e+08 -2.6582e+06  1.4773e+06  1.5570e+07  3.0822e+09  6.0181e+08]
 [-4.7567e+09 -1.3302e+07  7.8519e+05  7.2569e+06  6.0181e+08  9.2771e+09]]
Segment 11 [Mid-Origin:  43.10344827617992 ] [ 42397 ]

Left Timo

[[ 1.4743e+10  1.5291e+05  1.0295e+05  1.3810e+05  2.0216e+08 -4.6031e+09]
 [ 1.5291e+05  6.2561e+08 -4.8591e+07 -4.1424e+07  2.1452e+04  8.4672e+04]
 [ 1.0295e+05 -4.8591e+07  1.4398e+08  8.8277e+07 -5.9327e+05 -1.6460e+05]
 [ 1.3810e+05 -4.1424e+07  8.8277e+07  3.2330e+08 -3.2807e+05 -2.9209e+04]
 [ 2.0216e+08  2.1452e+04 -5.9327e+05 -3.2807e+05  2.9105e+09  5.3298e+08]
 [-4.6031e+09  8.4672e+04 -1.6460e+05 -2.9209e+04  5.3298e+08  8.7509e+09]]
Right Timo

[[ 1.4315e+10  1.0183e+05  9.7860e+04  1.5384e+05  2.3044e+08 -4.3710e+09]
 [ 1.0183e+05  5.4411e+08 -3.8087e+07 -3.3729e+07  1.4664e+04  8.5313e+04]
 [ 9.7860e+04 -3.8087e+07  1.2815e+08  7.1855e+07 -6.4808e+05 -1.5332e+05]
 [ 1.5384e+05 -3.3729e+07  7.1855e+07  2.4251e+08 -3.7778e+05 -6.3688e+04]
 [ 2.3044e+08  1.4664e+04 -6.4808e+05 -3.7778e+05  2.4431e+09  3.5992e+08]
 [-4.3710e+09  8.5313e+04 -1.5332e+05 -6.3688e+04  3.5992e+08  7.1851e+09]]

 Solid Taper Timo

[[ 1.4545e+10  2.2769e+06  1.2389e+05  2.3154e+07  2.0496e+08 -4.5059e+09]
 [ 2.2769e+06  5.8100e+08 -4.3622e+07 -3.7284e+07 -4.0415e+06 -2.6249e+07]
 [ 1.2389e+05 -4.3622e+07  1.3665e+08  8.0157e+07  2.7720e+06  1.6772e+06]
 [ 2.3154e+07 -3.7284e+07  8.0157e+07  2.7995e+08  1.4953e+07  1.2769e+07]
 [ 2.0496e+08 -4.0415e+06  2.7720e+06  1.4953e+07  2.6793e+09  4.4748e+08]
 [-4.5059e+09 -2.6249e+07  1.6772e+06  1.2769e+07  4.4748e+08  7.9341e+09]]
Segment 12 [Mid-Origin:  46.551724137844104 ] [ 42100 ]

Left Timo

[[ 1.4315e+10  8.5594e+04  9.8875e+04  1.5042e+05  2.3049e+08 -4.3713e+09]
 [ 8.5594e+04  5.4412e+08 -3.8088e+07 -3.3729e+07  1.8501e+04  9.4747e+04]
 [ 9.8875e+04 -3.8088e+07  1.2815e+08  7.1855e+07 -6.4214e+05 -1.5376e+05]
 [ 1.5042e+05 -3.3729e+07  7.1855e+07  2.4251e+08 -3.7118e+05 -6.4737e+04]
 [ 2.3049e+08  1.8501e+04 -6.4214e+05 -3.7118e+05  2.4432e+09  3.5990e+08]
 [-4.3713e+09  9.4747e+04 -1.5376e+05 -6.4737e+04  3.5990e+08  7.1853e+09]]
Right Timo

[[ 1.4134e+10  5.0356e+04  9.2441e+04  1.5197e+05  2.6865e+08 -4.1140e+09]
 [ 5.0356e+04  5.3247e+08 -3.2879e+07 -3.0576e+07  9.7230e+03  4.2375e+04]
 [ 9.2441e+04 -3.2879e+07  1.1873e+08  6.2083e+07 -5.3053e+05 -1.3860e+05]
 [ 1.5197e+05 -3.0576e+07  6.2083e+07  2.0151e+08 -3.4296e+05 -7.2774e+04]
 [ 2.6865e+08  9.7230e+03 -5.3053e+05 -3.4296e+05  2.0903e+09  2.4641e+08]
 [-4.1140e+09  4.2375e+04 -1.3860e+05 -7.2774e+04  2.4641e+08  6.1883e+09]]

 Solid Taper Timo

[[ 1.4280e+10  3.2858e+06 -2.8612e+05  2.0617e+07  2.7223e+08 -4.2860e+09]
 [ 3.2858e+06  5.3341e+08 -3.4966e+07 -3.1748e+07 -2.9485e+06 -1.6585e+07]
 [-2.8612e+05 -3.4966e+07  1.2330e+08  6.6828e+07  1.8511e+06  9.7071e+05]
 [ 2.0617e+07 -3.1748e+07  6.6828e+07  2.1959e+08  8.6198e+06  8.9936e+06]
 [ 2.7223e+08 -2.9485e+06  1.8511e+06  8.6198e+06  2.2683e+09  2.8912e+08]
 [-4.2860e+09 -1.6585e+07  9.7071e+05  8.9936e+06  2.8912e+08  6.6630e+09]]
Segment 13 [Mid-Origin:  49.99999999958269 ] [ 43185 ]

Left Timo

[[ 1.4135e+10  3.0770e+04  9.2167e+04  1.4712e+05  2.6873e+08 -4.1141e+09]
 [ 3.0770e+04  5.3247e+08 -3.2879e+07 -3.0576e+07  1.3739e+04  5.6262e+04]
 [ 9.2167e+04 -3.2879e+07  1.1873e+08  6.2084e+07 -5.2940e+05 -1.3836e+05]
 [ 1.4712e+05 -3.0576e+07  6.2084e+07  2.0151e+08 -3.3628e+05 -7.0704e+04]
 [ 2.6873e+08  1.3739e+04 -5.2940e+05 -3.3628e+05  2.0904e+09  2.4637e+08]
 [-4.1141e+09  5.6262e+04 -1.3836e+05 -7.0704e+04  2.4637e+08  6.1884e+09]]
Right Timo

[[ 1.3031e+10  1.5448e+05  1.3031e+05  1.6172e+05  1.9934e+07 -3.5277e+09]
 [ 1.5448e+05  4.5528e+08 -2.3347e+07 -2.1773e+07  6.7650e+03  1.2137e+04]
 [ 1.3031e+05 -2.3347e+07  1.0537e+08  4.9642e+07 -4.4418e+05 -1.5223e+05]
 [ 1.6172e+05 -2.1773e+07  4.9642e+07  1.5426e+08 -2.6734e+05 -9.2946e+04]
 [ 1.9934e+07  6.7650e+03 -4.4418e+05 -2.6734e+05  1.6569e+09  2.5331e+08]
 [-3.5277e+09  1.2137e+04 -1.5223e+05 -9.2946e+04  2.5331e+08  5.0609e+09]]

 Solid Taper Timo

[[ 1.3648e+10  4.6975e+06  5.4091e+06  1.6481e+07  1.1204e+08 -3.8442e+09]
 [ 4.6975e+06  4.9349e+08 -2.9430e+07 -2.6369e+07 -1.9502e+06 -2.1904e+07]
 [ 5.4091e+06 -2.9430e+07  1.1218e+08  5.5831e+07  4.0918e+06 -1.0776e+06]
 [ 1.6481e+07 -2.6369e+07  5.5831e+07  1.7739e+08  1.0503e+07  1.1243e+07]
 [ 1.1204e+08 -1.9502e+06  4.0918e+06  1.0503e+07  1.8746e+09  2.6421e+08]
 [-3.8442e+09 -2.1904e+07 -1.0776e+06  1.1243e+07  2.6421e+08  5.6239e+09]]
Segment 14 [Mid-Origin:  53.44827586064787 ] [ 45725 ]

Left Timo

[[ 1.3031e+10  1.3571e+05  1.2943e+05  1.5513e+05  1.9864e+07 -3.5277e+09]
 [ 1.3571e+05  4.5528e+08 -2.3347e+07 -2.1773e+07  1.1312e+04  2.3301e+04]
 [ 1.2943e+05 -2.3347e+07  1.0537e+08  4.9643e+07 -4.4089e+05 -1.5106e+05]
 [ 1.5513e+05 -2.1773e+07  4.9643e+07  1.5426e+08 -2.6083e+05 -9.0015e+04]
 [ 1.9864e+07  1.1312e+04 -4.4089e+05 -2.6083e+05  1.6569e+09  2.5335e+08]
 [-3.5277e+09  2.3301e+04 -1.5106e+05 -9.0015e+04  2.5335e+08  5.0609e+09]]
Right Timo

[[ 1.1970e+10  7.6436e+04  3.2909e+04  8.3031e+04  2.8321e+08 -2.9999e+09]
 [ 7.6436e+04  3.8330e+08 -1.6488e+07 -1.9959e+07  8.8650e+03  1.0756e+04]
 [ 3.2909e+04 -1.6488e+07  9.3177e+07  3.9493e+07 -3.9485e+05 -7.9221e+04]
 [ 8.3031e+04 -1.9959e+07  3.9493e+07  1.1463e+08 -2.2416e+05 -3.7476e+04]
 [ 2.8321e+08  8.8650e+03 -3.9485e+05 -2.2416e+05  1.3082e+09  8.4211e+07]
 [-2.9999e+09  1.0756e+04 -7.9221e+04 -3.7476e+04  8.4211e+07  4.1209e+09]]

 Solid Taper Timo

[[ 1.2475e+10  3.7738e+06 -5.3625e+06  8.4571e+06  1.5644e+08 -3.2603e+09]
 [ 3.7738e+06  4.1529e+08 -1.9318e+07 -2.0588e+07 -3.1902e+06 -1.8620e+07]
 [-5.3625e+06 -1.9318e+07  9.8460e+07  4.4089e+07  3.6005e+06  2.6834e+06]
 [ 8.4571e+06 -2.0588e+07  4.4089e+07  1.3150e+08  7.4776e+06  6.6915e+06]
 [ 1.5644e+08 -3.1902e+06  3.6005e+06  7.4776e+06  1.4729e+09  1.6176e+08]
 [-3.2603e+09 -1.8620e+07  2.6834e+06  6.6915e+06  1.6176e+08  4.5586e+09]]
Segment 15 [Mid-Origin:  56.89655172253799 ] [ 48585 ]

Left Timo

[[ 1.1970e+10  5.8357e+04  3.2720e+04  8.1255e+04  2.8331e+08 -2.9997e+09]
 [ 5.8357e+04  3.8330e+08 -1.6488e+07 -1.9959e+07  9.5460e+03  2.0000e+04]
 [ 3.2720e+04 -1.6488e+07  9.3178e+07  3.9494e+07 -3.9339e+05 -7.8425e+04]
 [ 8.1255e+04 -1.9959e+07  3.9494e+07  1.1463e+08 -2.1901e+05 -3.6536e+04]
 [ 2.8331e+08  9.5460e+03 -3.9339e+05 -2.1901e+05  1.3081e+09  8.4171e+07]
 [-2.9997e+09  2.0000e+04 -7.8425e+04 -3.6536e+04  8.4171e+07  4.1207e+09]]
Right Timo

[[ 1.0915e+10  8.5593e+04  1.0652e+05  9.9480e+04  5.6294e+07 -2.5163e+09]
 [ 8.5593e+04  3.6630e+08 -1.2096e+07 -1.4793e+07  2.8120e+03  1.1956e+04]
 [ 1.0652e+05 -1.2096e+07  8.4522e+07  3.2694e+07 -3.2130e+05 -9.4897e+04]
 [ 9.9480e+04 -1.4793e+07  3.2694e+07  9.1804e+07 -1.4775e+05 -6.0313e+04]
 [ 5.6294e+07  2.8120e+03 -3.2130e+05 -1.4775e+05  9.9232e+08  1.0933e+08]
 [-2.5163e+09  1.1956e+04 -9.4897e+04 -6.0313e+04  1.0933e+08  3.3203e+09]]

 Solid Taper Timo

[[ 1.1535e+10  5.4570e+06  5.6526e+06  7.3425e+06  1.8761e+08 -2.7770e+09]
 [ 5.4570e+06  3.7475e+08 -1.4779e+07 -1.7610e+07 -9.1227e+05 -1.6603e+07]
 [ 5.6526e+06 -1.4779e+07  8.8351e+07  3.5925e+07  3.7157e+06 -1.3818e+06]
 [ 7.3425e+06 -1.7610e+07  3.5925e+07  1.0306e+08  3.7704e+06  9.0697e+06]
 [ 1.8761e+08 -9.1227e+05  3.7157e+06  3.7704e+06  1.1514e+09  9.2562e+07]
 [-2.7770e+09 -1.6603e+07 -1.3818e+06  9.0697e+06  9.2562e+07  3.7396e+09]]
Segment 16 [Mid-Origin:  60.34482758624974 ] [ 56573 ]

Left Timo

[[ 1.0913e+10  7.4724e+04  1.0572e+05  9.4879e+04  5.6307e+07 -2.5154e+09]
 [ 7.4724e+04  3.6630e+08 -1.2096e+07 -1.4793e+07  5.4260e+03  1.6744e+04]
 [ 1.0572e+05 -1.2096e+07  8.4523e+07  3.2694e+07 -3.1913e+05 -9.3608e+04]
 [ 9.4879e+04 -1.4793e+07  3.2694e+07  9.1805e+07 -1.4463e+05 -5.8417e+04]
 [ 5.6307e+07  5.4260e+03 -3.1913e+05 -1.4463e+05  9.9206e+08  1.0932e+08]
 [-2.5154e+09  1.6744e+04 -9.3608e+04 -5.8417e+04  1.0932e+08  3.3199e+09]]
Right Timo

[[ 8.6538e+09 -9.3090e+03  7.2735e+04  5.5500e+04  3.0591e+07 -1.9211e+09]
 [-9.3090e+03  2.9304e+08 -7.4270e+06 -1.0597e+07  2.1090e+03  2.4160e+04]
 [ 7.2735e+04 -7.4270e+06  6.7054e+07  1.9936e+07 -2.1371e+05 -5.4779e+04]
 [ 5.5500e+04 -1.0597e+07  1.9936e+07  5.8492e+07 -6.9484e+04 -2.8947e+04]
 [ 3.0591e+07  2.1090e+03 -2.1371e+05 -6.9484e+04  6.7161e+08  5.7691e+07]
 [-1.9211e+09  2.4160e+04 -5.4779e+04 -2.8947e+04  5.7691e+07  2.1640e+09]]

 Solid Taper Timo

[[ 9.7527e+09  1.6338e+06  1.0175e+06 -2.8132e+06  3.8292e+06 -2.2149e+09]
 [ 1.6338e+06  3.2034e+08 -1.0668e+07 -1.2551e+07 -1.9602e+06 -3.2833e+07]
 [ 1.0175e+06 -1.0668e+07  7.4645e+07  2.5643e+07  5.7507e+06  7.1719e+05]
 [-2.8132e+06 -1.2551e+07  2.5643e+07  7.3318e+07  9.5486e+06  6.6333e+06]
 [ 3.8292e+06 -1.9602e+06  5.7507e+06  9.5486e+06  8.1851e+08  9.2336e+07]
 [-2.2149e+09 -3.2833e+07  7.1719e+05  6.6333e+06  9.2336e+07  2.6935e+09]]
Segment 17 [Mid-Origin:  63.79310344811534 ] [ 65572 ]

Left Timo

[[ 8.6531e+09 -1.0819e+04  7.3547e+04  5.6652e+04  3.0654e+07 -1.9209e+09]
 [-1.0819e+04  2.9304e+08 -7.4272e+06 -1.0597e+07  1.6290e+03  2.6635e+04]
 [ 7.3547e+04 -7.4272e+06  6.7054e+07  1.9936e+07 -2.1309e+05 -5.5111e+04]
 [ 5.6652e+04 -1.0597e+07  1.9936e+07  5.8492e+07 -6.8847e+04 -2.9733e+04]
 [ 3.0654e+07  1.6290e+03 -2.1309e+05 -6.8847e+04  6.7155e+08  5.7672e+07]
 [-1.9209e+09  2.6635e+04 -5.5111e+04 -2.9733e+04  5.7672e+07  2.1639e+09]]
Right Timo

[[ 7.4000e+09 -6.0320e+03 -2.8060e+03  1.3329e+04  2.1088e+08 -1.4096e+09]
 [-6.0320e+03  2.6178e+08 -5.1052e+06 -1.1772e+07  8.0000e+00  2.0135e+04]
 [-2.8060e+03 -5.1052e+06  4.2084e+07  1.4678e+07 -1.1106e+05 -1.2991e+04]
 [ 1.3329e+04 -1.1772e+07  1.4678e+07  4.0189e+07 -3.9545e+04  3.7140e+03]
 [ 2.1088e+08  8.0000e+00 -1.1106e+05 -3.9545e+04  4.8410e+08 -1.7221e+07]
 [-1.4096e+09  2.0135e+04 -1.2991e+04  3.7140e+03 -1.7221e+07  1.6119e+09]]

 Solid Taper Timo

[[ 7.9535e+09  8.5189e+06 -5.3317e+06  1.3378e+06  1.5051e+08 -1.6440e+09]
 [ 8.5189e+06  2.6950e+08 -4.4773e+06 -1.0432e+07 -1.5290e+06 -1.4329e+07]
 [-5.3317e+06 -4.4773e+06  5.2753e+07  1.6890e+07  2.7826e+06  1.8261e+06]
 [ 1.3378e+06 -1.0432e+07  1.6890e+07  4.7862e+07 -4.6680e+06  1.7772e+06]
 [ 1.5051e+08 -1.5290e+06  2.7826e+06 -4.6680e+06  5.6943e+08  8.7501e+06]
 [-1.6440e+09 -1.4329e+07  1.8261e+06  1.7772e+06  8.7501e+06  1.8517e+09]]
Segment 18 [Mid-Origin:  67.24137931009619 ] [ 72667 ]

Left Timo

[[ 7.3999e+09 -7.3920e+03 -2.2850e+03  1.3319e+04  2.1091e+08 -1.4096e+09]
 [-7.3920e+03  2.6178e+08 -5.1052e+06 -1.1773e+07  3.2600e+02  2.0751e+04]
 [-2.2850e+03 -5.1052e+06  4.2084e+07  1.4678e+07 -1.1099e+05 -1.3182e+04]
 [ 1.3319e+04 -1.1773e+07  1.4678e+07  4.0189e+07 -3.9395e+04  3.4800e+03]
 [ 2.1091e+08  3.2600e+02 -1.1099e+05 -3.9395e+04  4.8410e+08 -1.7233e+07]
 [-1.4096e+09  2.0751e+04 -1.3182e+04  3.4800e+03 -1.7233e+07  1.6119e+09]]
Right Timo

[[ 6.0994e+09  6.8758e+04  3.3592e+04  2.2307e+04  4.8873e+07 -1.0071e+09]
 [ 6.8758e+04  1.9108e+08 -1.1982e+06 -6.5149e+06 -1.3620e+03  5.5380e+03]
 [ 3.3592e+04 -1.1982e+06  3.5126e+07  1.0267e+07 -7.5466e+04 -1.9949e+04]
 [ 2.2307e+04 -6.5149e+06  1.0267e+07  2.6484e+07 -2.2274e+04 -6.1390e+03]
 [ 4.8873e+07 -1.3620e+03 -7.5466e+04 -2.2274e+04  3.2398e+08  3.7417e+06]
 [-1.0071e+09  5.5380e+03 -1.9949e+04 -6.1390e+03  3.7417e+06  1.1026e+09]]

 Solid Taper Timo

[[ 6.7456e+09  5.9596e+06  4.4579e+06  2.0329e+06  1.1734e+08 -1.1957e+09]
 [ 5.9596e+06  2.2326e+08 -3.7174e+06 -8.9939e+06 -3.1176e+05 -1.6801e+07]
 [ 4.4579e+06 -3.7174e+06  3.7707e+07  1.2193e+07  2.7732e+06 -7.0633e+05]
 [ 2.0329e+06 -8.9939e+06  1.2193e+07  3.2709e+07  3.1683e+06  3.6127e+06]
 [ 1.1734e+08 -3.1176e+05  2.7732e+06  3.1683e+06  3.9839e+08 -3.6557e+06]
 [-1.1957e+09 -1.6801e+07 -7.0633e+05  3.6127e+06 -3.6557e+06  1.3446e+09]]
Segment 19 [Mid-Origin:  70.68965516826061 ] [ 82879 ]

Left Timo

[[ 6.0991e+09  6.8455e+04  3.3777e+04  2.1836e+04  4.8753e+07 -1.0070e+09]
 [ 6.8455e+04  1.9108e+08 -1.1977e+06 -6.5147e+06 -9.3000e+02  5.5840e+03]
 [ 3.3777e+04 -1.1977e+06  3.5126e+07  1.0267e+07 -7.5307e+04 -1.9884e+04]
 [ 2.1836e+04 -6.5147e+06  1.0267e+07  2.6484e+07 -2.2224e+04 -5.9710e+03]
 [ 4.8753e+07 -9.3000e+02 -7.5307e+04 -2.2224e+04  3.2395e+08  3.7734e+06]
 [-1.0070e+09  5.5840e+03 -1.9884e+04 -5.9710e+03  3.7734e+06  1.1025e+09]]
Right Timo

[[ 4.8962e+09 -1.3330e+03  1.1250e+03  1.4270e+04  1.4846e+08 -6.7243e+08]
 [-1.3330e+03  1.2666e+08  6.8752e+04 -5.4784e+06 -1.0790e+03  9.3460e+03]
 [ 1.1250e+03  6.8752e+04  2.9124e+07  6.8498e+06 -6.6625e+04 -9.5800e+03]
 [ 1.4270e+04 -5.4784e+06  6.8498e+06  1.5859e+07 -1.7409e+04  3.1100e+02]
 [ 1.4846e+08 -1.0790e+03 -6.6625e+04 -1.7409e+04  2.1963e+08 -2.4059e+07]
 [-6.7243e+08  9.3460e+03 -9.5800e+03  3.1100e+02 -2.4059e+07  7.1449e+08]]

 Solid Taper Timo

[[ 5.4477e+09  4.5081e+06 -4.3837e+06  8.7747e+05  1.0681e+08 -8.2532e+08]
 [ 4.5081e+06  1.5308e+08  1.2914e+05 -5.7423e+06 -7.2986e+05 -1.3112e+07]
 [-4.3837e+06  1.2914e+05  3.1253e+07  8.2424e+06  2.1557e+06  8.7157e+05]
 [ 8.7747e+05 -5.7423e+06  8.2424e+06  2.0218e+07  2.2658e+06  1.3964e+06]
 [ 1.0681e+08 -7.2986e+05  2.1557e+06  2.2658e+06  2.6709e+08 -1.3667e+07]
 [-8.2532e+08 -1.3112e+07  8.7157e+05  1.3964e+06 -1.3667e+07  8.8465e+08]]
Segment 20 [Mid-Origin:  74.13793103418277 ] [ 90629 ]

Left Timo

[[ 4.8962e+09 -1.1310e+03  1.0220e+03  1.3621e+04  1.4846e+08 -6.7243e+08]
 [-1.1310e+03  1.2666e+08  6.8742e+04 -5.4783e+06 -7.2700e+02  9.4230e+03]
 [ 1.0220e+03  6.8742e+04  2.9124e+07  6.8498e+06 -6.6717e+04 -9.4340e+03]
 [ 1.3621e+04 -5.4783e+06  6.8498e+06  1.5859e+07 -1.7465e+04  4.5100e+02]
 [ 1.4846e+08 -7.2700e+02 -6.6717e+04 -1.7465e+04  2.1963e+08 -2.4059e+07]
 [-6.7243e+08  9.4230e+03 -9.4340e+03  4.5100e+02 -2.4059e+07  7.1449e+08]]
Right Timo

[[ 3.9277e+09  1.7870e+03  5.1036e+04  2.5267e+04  2.6332e+07 -3.9681e+08]
 [ 1.7870e+03  1.0819e+08  2.0728e+06 -3.2808e+06 -1.0900e+03  6.8810e+03]
 [ 5.1036e+04  2.0728e+06  2.5392e+07  4.8115e+06 -5.1545e+04 -2.0392e+04]
 [ 2.5267e+04 -3.2808e+06  4.8115e+06  1.0721e+07 -1.0675e+04 -8.2720e+03]
 [ 2.6332e+07 -1.0900e+03 -5.1545e+04 -1.0675e+04  1.3338e+08 -5.6685e+06]
 [-3.9681e+08  6.8810e+03 -2.0392e+04 -8.2720e+03 -5.6685e+06  4.7733e+08]]

 Solid Taper Timo

[[ 4.3872e+09  6.0939e+06  5.0811e+06  1.0359e+06  8.0583e+07 -5.2223e+08]
 [ 6.0939e+06  1.1214e+08 -7.1757e+04 -4.3262e+06  9.1661e+04 -7.6283e+06]
 [ 5.0811e+06 -7.1757e+04  2.6174e+07  5.6360e+06  2.2489e+06 -9.2051e+05]
 [ 1.0359e+06 -4.3262e+06  5.6360e+06  1.2874e+07  1.1569e+06  2.1722e+06]
 [ 8.0583e+07  9.1661e+04  2.2489e+06  1.1569e+06  1.7303e+08 -1.2645e+07]
 [-5.2223e+08 -7.6283e+06 -9.2051e+05  2.1722e+06 -1.2645e+07  5.8216e+08]]
Segment 21 [Mid-Origin:  77.5862068963287 ] [ 97739 ]

Left Timo

[[ 3.9278e+09  1.8440e+03  5.0829e+04  2.4602e+04  2.6331e+07 -3.9683e+08]
 [ 1.8440e+03  1.0819e+08  2.0727e+06 -3.2807e+06 -7.8300e+02  7.0380e+03]
 [ 5.0829e+04  2.0727e+06  2.5392e+07  4.8115e+06 -5.1542e+04 -2.0195e+04]
 [ 2.4602e+04 -3.2807e+06  4.8115e+06  1.0721e+07 -1.0705e+04 -8.1490e+03]
 [ 2.6331e+07 -7.8300e+02 -5.1542e+04 -1.0705e+04  1.3339e+08 -5.6685e+06]
 [-3.9683e+08  7.0380e+03 -2.0195e+04 -8.1490e+03 -5.6685e+06  4.7733e+08]]
Right Timo

[[ 3.0906e+09 -8.3000e+01 -9.4000e+01  7.5790e+03  9.0586e+07 -2.1050e+08]
 [-8.3000e+01  9.2104e+07  2.6577e+06 -3.6764e+06 -3.5000e+01  6.1200e+03]
 [-9.4000e+01  2.6577e+06  2.1839e+07  3.1964e+06 -3.7802e+04 -6.0960e+03]
 [ 7.5790e+03 -3.6764e+06  3.1964e+06  7.1283e+06 -5.9270e+03  8.1000e+02]
 [ 9.0586e+07 -3.5000e+01 -3.7802e+04 -5.9270e+03  8.3687e+07 -1.5934e+07]
 [-2.1050e+08  6.1200e+03 -6.0960e+03  8.1000e+02 -1.5934e+07  3.1067e+08]]

 Solid Taper Timo

[[ 3.4367e+09  5.0184e+06 -4.2537e+06  1.0990e+06  5.5775e+07 -2.8640e+08]
 [ 5.0184e+06  9.4921e+07  3.0205e+06 -3.1774e+06 -3.6509e+05 -6.7564e+06]
 [-4.2537e+06  3.0205e+06  2.2182e+07  3.7298e+06  1.6771e+06  3.5744e+05]
 [ 1.0990e+06 -3.1774e+06  3.7298e+06  8.6616e+06  6.3321e+05  8.0675e+05]
 [ 5.5775e+07 -3.6509e+05  1.6771e+06  6.3321e+05  1.0436e+08 -1.1184e+07]
 [-2.8640e+08 -6.7564e+06  3.5744e+05  8.0675e+05 -1.1184e+07  3.8326e+08]]
Segment 22 [Mid-Origin:  81.03448275309258 ] [ 95856 ]

Left Timo

[[ 3.0906e+09 -1.1000e+01 -1.5100e+02  7.2270e+03  9.0588e+07 -2.1050e+08]
 [-1.1000e+01  9.2104e+07  2.6577e+06 -3.6764e+06  1.3000e+02  6.1350e+03]
 [-1.5100e+02  2.6577e+06  2.1839e+07  3.1964e+06 -3.7838e+04 -5.9910e+03]
 [ 7.2270e+03 -3.6764e+06  3.1964e+06  7.1283e+06 -5.9550e+03  8.4500e+02]
 [ 9.0588e+07  1.3000e+02 -3.7838e+04 -5.9550e+03  8.3689e+07 -1.5934e+07]
 [-2.1050e+08  6.1350e+03 -5.9910e+03  8.4500e+02 -1.5934e+07  3.1067e+08]]
Right Timo

[[ 2.7655e+09  7.4200e+02 -7.5480e+03  1.8330e+03  7.8129e+07 -1.2722e+08]
 [ 7.4200e+02  8.3233e+07  3.4007e+06 -3.1788e+06  1.1600e+02  5.5500e+03]
 [-7.5480e+03  3.4007e+06  1.8757e+07  2.0402e+06 -3.1557e+04 -1.4250e+03]
 [ 1.8330e+03 -3.1788e+06  2.0402e+06  4.6714e+06 -3.8110e+03  1.4240e+03]
 [ 7.8129e+07  1.1600e+02 -3.1557e+04 -3.8110e+03  5.5393e+07 -1.2732e+07]
 [-1.2722e+08  5.5500e+03 -1.4250e+03  1.4240e+03 -1.2732e+07  2.0678e+08]]

 Solid Taper Timo

[[ 2.9646e+09  2.8869e+06  3.3152e+05  7.7653e+05  9.1236e+07 -1.6957e+08]
 [ 2.8869e+06  8.4892e+07  3.2560e+06 -3.3168e+06  7.2740e+04 -5.3493e+06]
 [ 3.3152e+05  3.2560e+06  1.9997e+07  2.5530e+06  9.6183e+05 -2.5094e+05]
 [ 7.7653e+05 -3.3168e+06  2.5530e+06  5.7728e+06  3.1496e+05  7.3620e+05]
 [ 9.1236e+07  7.2740e+04  9.6183e+05  3.1496e+05  6.9876e+07 -1.5141e+07]
 [-1.6957e+08 -5.3493e+06 -2.5094e+05  7.3620e+05 -1.5141e+07  2.5540e+08]]
Segment 23 [Mid-Origin:  84.4827586203573 ] [ 105357 ]

Left Timo

[[ 2.7653e+09  5.0500e+02 -7.6530e+03  1.6850e+03  7.8125e+07 -1.2719e+08]
 [ 5.0500e+02  8.3233e+07  3.4006e+06 -3.1788e+06  1.5700e+02  5.5650e+03]
 [-7.6530e+03  3.4006e+06  1.8757e+07  2.0402e+06 -3.1589e+04 -1.3450e+03]
 [ 1.6850e+03 -3.1788e+06  2.0402e+06  4.6714e+06 -3.8150e+03  1.4380e+03]
 [ 7.8125e+07  1.5700e+02 -3.1589e+04 -3.8150e+03  5.5388e+07 -1.2731e+07]
 [-1.2719e+08  5.5650e+03 -1.3450e+03  1.4380e+03 -1.2731e+07  2.0678e+08]]
Right Timo

[[ 1.6516e+09  2.8010e+03 -1.0925e+04 -8.1900e+02  4.2448e+07 -2.6285e+07]
 [ 2.8010e+03  6.0303e+07  2.8632e+06 -2.2426e+06  9.7000e+01  3.9620e+03]
 [-1.0925e+04  2.8632e+06  1.5175e+07  1.2292e+06 -1.6850e+04  7.6900e+02]
 [-8.1900e+02 -2.2426e+06  1.2292e+06  2.5580e+06 -1.5320e+03  9.6900e+02]
 [ 4.2448e+07  9.7000e+01 -1.6850e+04 -1.5320e+03  2.3581e+07 -6.7150e+06]
 [-2.6285e+07  3.9620e+03  7.6900e+02  9.6900e+02 -6.7150e+06  1.1330e+08]]

 Solid Taper Timo

[[ 2.1478e+09  5.5914e+06  1.4295e+05 -9.9243e+04  5.7120e+07 -6.6527e+07]
 [ 5.5914e+06  6.6446e+07  2.9830e+06 -2.5191e+06  3.0336e+05 -6.0070e+06]
 [ 1.4295e+05  2.9830e+06  1.4848e+07  1.4268e+06  1.9929e+06 -2.6349e+05]
 [-9.9243e+04 -2.5191e+06  1.4268e+06  3.4307e+06  1.6285e+05  3.8226e+05]
 [ 5.7120e+07  3.0336e+05  1.9929e+06  1.6285e+05  3.7310e+07 -9.2501e+06]
 [-6.6527e+07 -6.0070e+06 -2.6349e+05  3.8226e+05 -9.2501e+06  1.5414e+08]]
Segment 24 [Mid-Origin:  87.93103448081209 ] [ 114829 ]

Left Timo

[[ 1.6516e+09  2.5350e+03 -1.0900e+04 -8.2700e+02  4.2449e+07 -2.6289e+07]
 [ 2.5350e+03  6.0303e+07  2.8632e+06 -2.2426e+06  1.0000e+02  3.9820e+03]
 [-1.0900e+04  2.8632e+06  1.5175e+07  1.2292e+06 -1.6851e+04  7.7600e+02]
 [-8.2700e+02 -2.2426e+06  1.2292e+06  2.5580e+06 -1.5240e+03  9.6200e+02]
 [ 4.2449e+07  1.0000e+02 -1.6851e+04 -1.5240e+03  2.3582e+07 -6.7151e+06]
 [-2.6289e+07  3.9820e+03  7.7600e+02  9.6200e+02 -6.7151e+06  1.1330e+08]]

Segment 26 [Mid-Origin:  94.82758620541145 ] [ 129134 ]

Left Timo 

[[ 1.0882e+09  9.6400e+02 -1.9765e+04 -5.8100e+02  2.3269e+07 -7.3163e+06]
 [ 9.6400e+02  3.9821e+07  2.0063e+06 -1.2299e+06  9.9000e+01  1.9970e+03]
 [-1.9765e+04  2.0063e+06  1.0017e+07  4.6394e+05 -1.0853e+04  9.1800e+02]
 [-5.8100e+02 -1.2299e+06  4.6394e+05  7.3383e+05 -5.0900e+02  3.6400e+02]
 [ 2.3269e+07  9.9000e+01 -1.0853e+04 -5.0900e+02  6.5446e+06 -2.1872e+06]
 [-7.3163e+06  1.9970e+03  9.1800e+02  3.6400e+02 -2.1872e+06  3.3895e+07]]
Right Timo 

[[ 5.6174e+08  5.4200e+02 -1.8514e+04 -6.1700e+02  9.1303e+06  1.6226e+07]
 [ 5.4200e+02  2.9322e+07  1.5158e+06 -7.5122e+05  7.5000e+01  7.4200e+02]
 [-1.8514e+04  1.5158e+06  7.7310e+06 -2.5097e+04 -4.2920e+03  7.2600e+02]
 [-6.1700e+02 -7.5122e+05 -2.5097e+04  3.0274e+05 -6.0000e+00  3.7700e+02]
 [ 9.1303e+06  7.5000e+01 -4.2920e+03 -6.0000e+00  1.8548e+06 -5.5066e+05]
 [ 1.6226e+07  7.4200e+02  7.2600e+02  3.7700e+02 -5.5066e+05  1.3673e+07]]

 Solid Taper Timo 

[[ 7.9696e+08  3.8767e+06  9.2451e+04 -1.1313e+05  1.5183e+07  7.8625e+06]
 [ 3.8767e+06  2.8804e+07  1.4214e+06 -8.3653e+05  1.9741e+05 -2.4065e+06]
 [ 9.2451e+04  1.4214e+06  6.8622e+06  1.4066e+05  5.5377e+05 -1.3688e+05]
 [-1.1313e+05 -8.3653e+05  1.4066e+05  4.6872e+05  2.1609e+04  7.3750e+04]
 [ 1.5183e+07  1.9741e+05  5.5377e+05  2.1609e+04  3.8809e+06 -1.2026e+06]
 [ 7.8625e+06 -2.4065e+06 -1.3688e+05  7.3750e+04 -1.2026e+06  2.2407e+07]]
Segment 27 [Mid-Origin:  98.27586206887338 ] [ 118286 ]

Left Timo 

[[ 5.4846e+08  6.3000e+02 -3.9530e+03 -8.6000e+02  8.8920e+06  1.6123e+07]
 [ 6.3000e+02  2.8208e+07  1.5845e+06 -7.3486e+05  2.0000e+01  1.8700e+02]
 [-3.9530e+03  1.5845e+06  1.3704e+06  6.8064e+04 -6.3000e+01  5.0500e+02]
 [-8.6000e+02 -7.3486e+05  6.8064e+04  2.2232e+05 -3.1000e+01  3.4800e+02]
 [ 8.8920e+06  2.0000e+01 -6.3000e+01 -3.1000e+01  1.8294e+06 -5.4826e+05]
 [ 1.6123e+07  1.8700e+02  5.0500e+02  3.4800e+02 -5.4826e+05  1.3502e+07]]
Right Timo 

[[ 2.5122e+08 -1.0980e+03 -1.9010e+03 -1.2100e+02  2.7738e+06  1.1843e+07]
 [-1.0980e+03  2.1393e+07  9.4137e+05 -3.3626e+05 -4.0000e+00  1.1010e+03]
 [-1.9010e+03  9.4137e+05  7.3471e+05  8.6990e+03 -4.5000e+01  1.7000e+01]
 [-1.2100e+02 -3.3626e+05  8.6990e+03  6.7612e+04 -9.0000e+00  7.3000e+01]
 [ 2.7738e+06 -4.0000e+00 -4.5000e+01 -9.0000e+00  3.6854e+05 -9.4298e+04]
 [ 1.1843e+07  1.1010e+03  1.7000e+01  7.3000e+01 -9.4298e+04  3.8057e+06]]

 Solid Taper Timo 

[[ 3.5943e+08  1.1921e+06  7.1908e+04 -4.2019e+04  4.8682e+06  1.4452e+07]
 [ 1.1921e+06  1.6856e+07  9.0733e+05 -3.6983e+05  9.6660e+04 -1.3186e+06]
 [ 7.1908e+04  9.0733e+05  7.3829e+05  2.0875e+04  1.1215e+05 -7.8510e+04]
 [-4.2019e+04 -3.6983e+05  2.0875e+04  1.2020e+05  1.1363e+04  3.0383e+04]
 [ 4.8682e+06  9.6660e+04  1.1215e+05  1.1363e+04  8.9354e+05 -2.6640e+05]
 [ 1.4452e+07 -1.3186e+06 -7.8510e+04  3.0383e+04 -2.6640e+05  7.7967e+06]]
