 ------- BEAMDYN V1.00.* INDIVIDUAL BLADE INPUT FILE --------------------------
 Test Format 1
 ---------------------- BLADE PARAMETERS --------------------------------------
29   station_total    - Number of blade input stations (-)
 1   damp_type        - Damping type: 0: no damping; 1: damped
  ---------------------- DAMPING COEFFICIENT------------------------------------
   mu1        mu2        mu3        mu4        mu5        mu6
   (-)        (-)        (-)        (-)        (-)        (-)
	 2.57593e-03 	 1.74690e-03 	 1.74690e-03 	 1.74690e-03 	 2.57593e-03 	 1.74690e-03
 ---------------------- DISTRIBUTED PROPERTIES---------------------------------
	 0.000000 
	 4.6687977950000000e+09 	 7.2172300000000000e+06 	 3.2111000000000000e+04 	 3.2519900000000000e+05 	 9.3162400000000000e+05 	 6.1754658000000000e+07
	 7.2172300000000000e+06 	 4.6860015190000000e+09 	 1.8751400000000000e+05 	 2.4281000000000000e+05 	 -5.2697300000000000e+05 	 -2.1262979000000000e+07
	 3.2111000000000000e+04 	 1.8751400000000000e+05 	 3.1999905825000000e+10 	 -1.8930885000000000e+07 	 3.5295010000000000e+06 	 2.0682000000000000e+05
	 3.2519900000000000e+05 	 2.4281000000000000e+05 	 -1.8930885000000000e+07 	 7.8134540991000000e+10 	 -3.5425707000000000e+07 	 -5.9964000000000000e+04
	 9.3162400000000000e+05 	 -5.2697300000000000e+05 	 3.5295010000000000e+06 	 -3.5425707000000000e+07 	 7.8052502001000000e+10 	 -6.3893800000000000e+05
	 6.1754658000000000e+07 	 -2.1262979000000000e+07 	 2.0682000000000000e+05 	 -5.9964000000000000e+04 	 -6.3893800000000000e+05 	 4.5619413450000000e+10

	 2.2066528811985681e+03 	 0.0000000000000000e+00 	 0.0000000000000000e+00 	 0.0000000000000000e+00 	 4.6480713817685043e-01 	 -1.0396751347901541e+00
	 0.0000000000000000e+00 	 2.2066528811985681e+03 	 0.0000000000000000e+00 	 -4.6480713817685043e-01 	 0.0000000000000000e+00 	 0.0000000000000000e+00
	 0.0000000000000000e+00 	 0.0000000000000000e+00 	 2.2066528811985681e+03 	 1.0396751347901541e+00 	 0.0000000000000000e+00 	 0.0000000000000000e+00
	 0.0000000000000000e+00 	 -4.6480713817685043e-01 	 1.0396751347901541e+00 	 1.0769882159794135e+04 	 0.0000000000000000e+00 	 0.0000000000000000e+00
	 4.6480713817685043e-01 	 0.0000000000000000e+00 	 0.0000000000000000e+00 	 0.0000000000000000e+00 	 5.3878500230304871e+03 	 2.1075439095897321e+00
	 -1.0396751347901541e+00 	 0.0000000000000000e+00 	 0.0000000000000000e+00 	 0.0000000000000000e+00 	 2.1075439095897321e+00 	 5.3820321367636489e+03

	 0.068966 
	 2.3711092710000000e+09 	 4.0921203400000000e+08 	 8.5413400000000000e+05 	 -1.8098000000000000e+06 	 -1.7322710000000000e+06 	 6.3804619900000000e+08
	 4.0921203400000000e+08 	 3.9204495920000000e+09 	 4.3882760000000000e+06 	 -8.4529200000000000e+06 	 2.7701100000000000e+06 	 1.3143977100000000e+08
	 8.5413400000000000e+05 	 4.3882760000000000e+06 	 2.3683328872000000e+10 	 -4.6910655460000000e+09 	 3.6161092700000000e+08 	 -3.8466900000000000e+05
	 -1.8098000000000000e+06 	 -8.4529200000000000e+06 	 -4.6910655460000000e+09 	 4.6876182968000000e+10 	 -7.1552762620000000e+09 	 -1.8008750000000000e+06
	 -1.7322710000000000e+06 	 2.7701100000000000e+06 	 3.6161092700000000e+08 	 -7.1552762620000000e+09 	 3.3065970995000000e+10 	 -1.1277025000000000e+07
	 6.3804619900000000e+08 	 1.3143977100000000e+08 	 -3.8466900000000000e+05 	 -1.8008750000000000e+06 	 -1.1277025000000000e+07 	 1.9647084819000000e+10

	 1.6005968290170165e+03 	 0.0000000000000000e+00 	 0.0000000000000000e+00 	 0.0000000000000000e+00 	 4.3990198014036800e+01 	 -1.5238942259279705e+02
	 0.0000000000000000e+00 	 1.6005968290170165e+03 	 0.0000000000000000e+00 	 -4.3990198014036800e+01 	 0.0000000000000000e+00 	 0.0000000000000000e+00
	 0.0000000000000000e+00 	 0.0000000000000000e+00 	 1.6005968290170165e+03 	 1.5238942259279705e+02 	 0.0000000000000000e+00 	 0.0000000000000000e+00
	 0.0000000000000000e+00 	 -4.3990198014036800e+01 	 1.5238942259279705e+02 	 5.3679033071371841e+03 	 0.0000000000000000e+00 	 0.0000000000000000e+00
	 4.3990198014036800e+01 	 0.0000000000000000e+00 	 0.0000000000000000e+00 	 0.0000000000000000e+00 	 2.1153751539023042e+03 	 -4.4364279025053423e+02
	 -1.5238942259279705e+02 	 0.0000000000000000e+00 	 0.0000000000000000e+00 	 0.0000000000000000e+00 	 -4.4364279025053423e+02 	 3.2525281532348799e+03

	 0.137931 
	 7.7596254600000000e+08 	 3.2492715000000000e+08 	 2.7956000000000000e+05 	 -9.7038100000000000e+05 	 4.7134980000000000e+06 	 6.5346291100000000e+08
	 3.2492715000000000e+08 	 1.9281904140000000e+09 	 -2.5063000000000000e+04 	 -9.1609000000000000e+04 	 -1.7110000000000000e+04 	 -3.9045533000000000e+07
	 2.7956000000000000e+05 	 -2.5063000000000000e+04 	 1.5285413428000000e+10 	 -4.5522997870000000e+09 	 6.8079177500000000e+08 	 7.3783500000000000e+05
	 -9.7038100000000000e+05 	 -9.1609000000000000e+04 	 -4.5522997870000000e+09 	 2.1610134899000000e+10 	 -3.7578284830000000e+09 	 5.4748400000000000e+05
	 4.7134980000000000e+06 	 -1.7110000000000000e+04 	 6.8079177500000000e+08 	 -3.7578284830000000e+09 	 9.5639998480000000e+09 	 3.0086410000000000e+06
	 6.5346291100000000e+08 	 -3.9045533000000000e+07 	 7.3783500000000000e+05 	 5.4748400000000000e+05 	 3.0086410000000000e+06 	 3.6192385470000000e+09

	 7.8105600528281570e+02 	 0.0000000000000000e+00 	 0.0000000000000000e+00 	 0.0000000000000000e+00 	 -1.3987784560279449e+01 	 -1.5306794627113140e+02
	 0.0000000000000000e+00 	 7.8105600528281570e+02 	 0.0000000000000000e+00 	 1.3987784560279449e+01 	 0.0000000000000000e+00 	 0.0000000000000000e+00
	 0.0000000000000000e+00 	 0.0000000000000000e+00 	 7.8105600528281570e+02 	 1.5306794627113140e+02 	 0.0000000000000000e+00 	 0.0000000000000000e+00
	 0.0000000000000000e+00 	 1.3987784560279449e+01 	 1.5306794627113140e+02 	 1.7234981710252132e+03 	 0.0000000000000000e+00 	 0.0000000000000000e+00
	 -1.3987784560279449e+01 	 0.0000000000000000e+00 	 0.0000000000000000e+00 	 0.0000000000000000e+00 	 3.9083477879317195e+02 	 -2.3382200892569520e+02
	 -1.5306794627113140e+02 	 0.0000000000000000e+00 	 0.0000000000000000e+00 	 0.0000000000000000e+00 	 -2.3382200892569520e+02 	 1.3326633922320414e+03

	 0.206897 
	 3.6249595600000000e+08 	 1.5763267900000000e+08 	 1.1550870000000000e+06 	 -9.7007600000000000e+05 	 2.2931170000000000e+06 	 2.9529291400000000e+08
	 1.5763267900000000e+08 	 1.1228347770000000e+09 	 -1.9570000000000000e+04 	 2.3400000000000000e+03 	 -8.6494000000000000e+04 	 1.6504198000000000e+07
	 1.1550870000000000e+06 	 -1.9570000000000000e+04 	 1.3582476613000000e+10 	 -4.2776838480000000e+09 	 9.8003191300000000e+08 	 1.0281530000000000e+06
	 -9.7007600000000000e+05 	 2.3400000000000000e+03 	 -4.2776838480000000e+09 	 1.4985873309000000e+10 	 -2.5223517710000000e+09 	 -6.0672400000000000e+05
	 2.2931170000000000e+06 	 -8.6494000000000000e+04 	 9.8003191300000000e+08 	 -2.5223517710000000e+09 	 5.1534990090000000e+09 	 1.7129060000000000e+06
	 2.9529291400000000e+08 	 1.6504198000000000e+07 	 1.0281530000000000e+06 	 -6.0672400000000000e+05 	 1.7129060000000000e+06 	 1.1830459080000000e+09

	 5.1321718693240041e+02 	 0.0000000000000000e+00 	 0.0000000000000000e+00 	 0.0000000000000000e+00 	 -6.6640667818865706e-01 	 -5.4983979552706337e+01
	 0.0000000000000000e+00 	 5.1321718693240041e+02 	 0.0000000000000000e+00 	 6.6640667818865706e-01 	 0.0000000000000000e+00 	 0.0000000000000000e+00
	 0.0000000000000000e+00 	 0.0000000000000000e+00 	 5.1321718693240041e+02 	 5.4983979552706337e+01 	 0.0000000000000000e+00 	 0.0000000000000000e+00
	 0.0000000000000000e+00 	 6.6640667818865706e-01 	 5.4983979552706337e+01 	 9.6851272629679102e+02 	 0.0000000000000000e+00 	 0.0000000000000000e+00
	 -6.6640667818865706e-01 	 0.0000000000000000e+00 	 0.0000000000000000e+00 	 0.0000000000000000e+00 	 1.4343382705402001e+02 	 -1.3045229027648824e+02
	 -5.4983979552706337e+01 	 0.0000000000000000e+00 	 0.0000000000000000e+00 	 0.0000000000000000e+00 	 -1.3045229027648824e+02 	 8.2507889924277106e+02

	 0.275862 
	 2.4897634400000000e+08 	 8.1205283000000000e+07 	 1.2158310000000000e+06 	 -8.5258600000000000e+05 	 1.5600980000000000e+06 	 1.8277073000000000e+08
	 8.1205283000000000e+07 	 7.7366133800000000e+08 	 -1.9803000000000000e+04 	 -6.7109000000000000e+04 	 3.1200000000000000e+02 	 4.4210170000000000e+07
	 1.2158310000000000e+06 	 -1.9803000000000000e+04 	 1.4163380059000000e+10 	 -4.9002842320000000e+09 	 1.5133629900000000e+08 	 9.2197300000000000e+05
	 -8.5258600000000000e+05 	 -6.7109000000000000e+04 	 -4.9002842320000000e+09 	 1.2533145856000000e+10 	 -1.2509960520000000e+09 	 -7.6457200000000000e+05
	 1.5600980000000000e+06 	 3.1200000000000000e+02 	 1.5133629900000000e+08 	 -1.2509960520000000e+09 	 4.0240294740000000e+09 	 1.0568430000000000e+06
	 1.8277073000000000e+08 	 4.4210170000000000e+07 	 9.2197300000000000e+05 	 -7.6457200000000000e+05 	 1.0568430000000000e+06 	 6.2069074200000000e+08

	 4.1974081356864730e+02 	 0.0000000000000000e+00 	 0.0000000000000000e+00 	 0.0000000000000000e+00 	 1.1884024867311147e+01 	 -3.5380191921421655e+01
	 0.0000000000000000e+00 	 4.1974081356864730e+02 	 0.0000000000000000e+00 	 -1.1884024867311147e+01 	 0.0000000000000000e+00 	 0.0000000000000000e+00
	 0.0000000000000000e+00 	 0.0000000000000000e+00 	 4.1974081356864730e+02 	 3.5380191921421655e+01 	 0.0000000000000000e+00 	 0.0000000000000000e+00
	 0.0000000000000000e+00 	 -1.1884024867311147e+01 	 3.5380191921421655e+01 	 7.2002749821524765e+02 	 0.0000000000000000e+00 	 0.0000000000000000e+00
	 1.1884024867311147e+01 	 0.0000000000000000e+00 	 0.0000000000000000e+00 	 0.0000000000000000e+00 	 8.6120759449674097e+01 	 -7.3621465778277738e+01
	 -3.5380191921421655e+01 	 0.0000000000000000e+00 	 0.0000000000000000e+00 	 0.0000000000000000e+00 	 -7.3621465778277738e+01 	 6.3390673876557355e+02

	 0.344828 
	 2.0360382800000000e+08 	 6.4095407000000000e+07 	 3.3333800000000000e+05 	 -2.9270900000000000e+05 	 4.2943200000000000e+05 	 1.2676870400000000e+08
	 6.4095407000000000e+07 	 7.2194469600000000e+08 	 -2.5329000000000000e+04 	 -4.5408000000000000e+04 	 3.9820000000000000e+03 	 4.8515066000000000e+07
	 3.3333800000000000e+05 	 -2.5329000000000000e+04 	 1.5319125095000000e+10 	 -5.2454535740000000e+09 	 -6.6877483000000000e+07 	 2.9734400000000000e+05
	 -2.9270900000000000e+05 	 -4.5408000000000000e+04 	 -5.2454535740000000e+09 	 1.1197244404000000e+10 	 -8.5638856300000000e+08 	 -1.8492000000000000e+05
	 4.2943200000000000e+05 	 3.9820000000000000e+03 	 -6.6877483000000000e+07 	 -8.5638856300000000e+08 	 3.5881976150000000e+09 	 2.5261900000000000e+05
	 1.2676870400000000e+08 	 4.8515066000000000e+07 	 2.9734400000000000e+05 	 -1.8492000000000000e+05 	 2.5261900000000000e+05 	 4.6014882400000000e+08

	 4.0605176240644727e+02 	 0.0000000000000000e+00 	 0.0000000000000000e+00 	 0.0000000000000000e+00 	 1.5130629743342428e+01 	 -3.0650324153666283e+01
	 0.0000000000000000e+00 	 4.0605176240644727e+02 	 0.0000000000000000e+00 	 -1.5130629743342428e+01 	 0.0000000000000000e+00 	 0.0000000000000000e+00
	 0.0000000000000000e+00 	 0.0000000000000000e+00 	 4.0605176240644727e+02 	 3.0650324153666283e+01 	 0.0000000000000000e+00 	 0.0000000000000000e+00
	 0.0000000000000000e+00 	 -1.5130629743342428e+01 	 3.0650324153666283e+01 	 6.3195735472511467e+02 	 0.0000000000000000e+00 	 0.0000000000000000e+00
	 1.5130629743342428e+01 	 0.0000000000000000e+00 	 0.0000000000000000e+00 	 0.0000000000000000e+00 	 6.8969800391118198e+01 	 -5.5224789101650529e+01
	 -3.0650324153666283e+01 	 0.0000000000000000e+00 	 0.0000000000000000e+00 	 0.0000000000000000e+00 	 -5.5224789101650529e+01 	 5.6298755433399651e+02

	 0.413793 
	 1.4398291000000000e+08 	 4.8591853000000000e+07 	 1.0338200000000000e+05 	 -1.6378200000000000e+05 	 5.8687900000000000e+05 	 8.8276910000000000e+07
	 4.8591853000000000e+07 	 6.2561533900000000e+08 	 -1.5724800000000000e+05 	 -7.6272000000000000e+04 	 1.7028000000000000e+04 	 4.1425113000000000e+07
	 1.0338200000000000e+05 	 -1.5724800000000000e+05 	 1.4743144835000000e+10 	 -4.6032225020000000e+09 	 -2.0223683200000000e+08 	 1.4249500000000000e+05
	 -1.6378200000000000e+05 	 -7.6272000000000000e+04 	 -4.6032225020000000e+09 	 8.7511324070000000e+09 	 -5.3295695400000000e+08 	 -3.1141000000000000e+04
	 5.8687900000000000e+05 	 1.7028000000000000e+04 	 -2.0223683200000000e+08 	 -5.3295695400000000e+08 	 2.9105008900000000e+09 	 3.3007800000000000e+05
	 8.8276910000000000e+07 	 4.1425113000000000e+07 	 1.4249500000000000e+05 	 -3.1141000000000000e+04 	 3.3007800000000000e+05 	 3.2330012600000000e+08

	 3.5847376062288208e+02 	 0.0000000000000000e+00 	 0.0000000000000000e+00 	 0.0000000000000000e+00 	 1.4593408181692549e+01 	 -1.6811092069404744e+01
	 0.0000000000000000e+00 	 3.5847376062288208e+02 	 0.0000000000000000e+00 	 -1.4593408181692549e+01 	 0.0000000000000000e+00 	 0.0000000000000000e+00
	 0.0000000000000000e+00 	 0.0000000000000000e+00 	 3.5847376062288208e+02 	 1.6811092069404744e+01 	 0.0000000000000000e+00 	 0.0000000000000000e+00
	 0.0000000000000000e+00 	 -1.4593408181692549e+01 	 1.6811092069404744e+01 	 4.7433233348304441e+02 	 0.0000000000000000e+00 	 0.0000000000000000e+00
	 1.4593408181692549e+01 	 0.0000000000000000e+00 	 0.0000000000000000e+00 	 0.0000000000000000e+00 	 5.1556955144970601e+01 	 -3.6767170509978762e+01
	 -1.6811092069404744e+01 	 0.0000000000000000e+00 	 0.0000000000000000e+00 	 0.0000000000000000e+00 	 -3.6767170509978762e+01 	 4.2277537833807378e+02

	 0.482759 
	 1.1873084400000000e+08 	 3.2879202000000000e+07 	 9.2441000000000000e+04 	 -1.3860500000000000e+05 	 5.3052900000000000e+05 	 6.2083369000000000e+07
	 3.2879202000000000e+07 	 5.3246833500000000e+08 	 -5.0356000000000000e+04 	 -4.2375000000000000e+04 	 9.7230000000000000e+03 	 3.0575817000000000e+07
	 9.2441000000000000e+04 	 -5.0356000000000000e+04 	 1.4134345710000000e+10 	 -4.1139853000000000e+09 	 -2.6864543300000000e+08 	 1.5196600000000000e+05
	 -1.3860500000000000e+05 	 -4.2375000000000000e+04 	 -4.1139853000000000e+09 	 6.1882752630000000e+09 	 -2.4641270800000000e+08 	 -7.2774000000000000e+04
	 5.3052900000000000e+05 	 9.7230000000000000e+03 	 -2.6864543300000000e+08 	 -2.4641270800000000e+08 	 2.0903251300000000e+09 	 3.4295700000000000e+05
	 6.2083369000000000e+07 	 3.0575817000000000e+07 	 1.5196600000000000e+05 	 -7.2774000000000000e+04 	 3.4295700000000000e+05 	 2.0151352400000000e+08

	 3.0686195430592466e+02 	 0.0000000000000000e+00 	 0.0000000000000000e+00 	 0.0000000000000000e+00 	 1.1928757687116615e+01 	 -1.1335764375936838e+01
	 0.0000000000000000e+00 	 3.0686195430592466e+02 	 0.0000000000000000e+00 	 -1.1928757687116615e+01 	 0.0000000000000000e+00 	 0.0000000000000000e+00
	 0.0000000000000000e+00 	 0.0000000000000000e+00 	 3.0686195430592466e+02 	 1.1335764375936838e+01 	 0.0000000000000000e+00 	 0.0000000000000000e+00
	 0.0000000000000000e+00 	 -1.1928757687116615e+01 	 1.1335764375936838e+01 	 3.0240941521145601e+02 	 0.0000000000000000e+00 	 0.0000000000000000e+00
	 1.1928757687116615e+01 	 0.0000000000000000e+00 	 0.0000000000000000e+00 	 0.0000000000000000e+00 	 3.3184067375294255e+01 	 -1.8838048924689872e+01
	 -1.1335764375936838e+01 	 0.0000000000000000e+00 	 0.0000000000000000e+00 	 0.0000000000000000e+00 	 -1.8838048924689872e+01 	 2.6922534783616175e+02

	 0.551724 
	 9.3177051000000000e+07 	 1.6488051000000000e+07 	 3.2909000000000000e+04 	 -7.9221000000000000e+04 	 3.9484600000000000e+05 	 3.9492795000000000e+07
	 1.6488051000000000e+07 	 3.8329864000000000e+08 	 -7.6436000000000000e+04 	 -1.0756000000000000e+04 	 8.8650000000000000e+03 	 1.9959144000000000e+07
	 3.2909000000000000e+04 	 -7.6436000000000000e+04 	 1.1970364466000000e+10 	 -2.9999203880000000e+09 	 -2.8321120200000000e+08 	 8.3031000000000000e+04
	 -7.9221000000000000e+04 	 -1.0756000000000000e+04 	 -2.9999203880000000e+09 	 4.1208641940000000e+09 	 -8.4211260000000000e+07 	 -3.7476000000000000e+04
	 3.9484600000000000e+05 	 8.8650000000000000e+03 	 -2.8321120200000000e+08 	 -8.4211260000000000e+07 	 1.3082249070000000e+09 	 2.2416400000000000e+05
	 3.9492795000000000e+07 	 1.9959144000000000e+07 	 8.3031000000000000e+04 	 -3.7476000000000000e+04 	 2.2416400000000000e+05 	 1.1462663300000000e+08

	 2.3643235861847799e+02 	 0.0000000000000000e+00 	 0.0000000000000000e+00 	 0.0000000000000000e+00 	 9.0278730890944185e+00 	 3.4960770721097378e+00
	 0.0000000000000000e+00 	 2.3643235861847799e+02 	 0.0000000000000000e+00 	 -9.0278730890944185e+00 	 0.0000000000000000e+00 	 0.0000000000000000e+00
	 0.0000000000000000e+00 	 0.0000000000000000e+00 	 2.3643235861847799e+02 	 -3.4960770721097378e+00 	 0.0000000000000000e+00 	 0.0000000000000000e+00
	 0.0000000000000000e+00 	 -9.0278730890944185e+00 	 -3.4960770721097378e+00 	 1.8389110296914805e+02 	 0.0000000000000000e+00 	 0.0000000000000000e+00
	 9.0278730890944185e+00 	 0.0000000000000000e+00 	 0.0000000000000000e+00 	 0.0000000000000000e+00 	 1.9032561420114909e+01 	 -8.6622629956574091e+00
	 3.4960770721097378e+00 	 0.0000000000000000e+00 	 0.0000000000000000e+00 	 0.0000000000000000e+00 	 -8.6622629956574091e+00 	 1.6485854154903313e+02

	 0.620690 
	 6.7053942000000000e+07 	 7.4270070000000000e+06 	 7.2735000000000000e+04 	 -5.4779000000000000e+04 	 2.1370600000000000e+05 	 1.9936239000000000e+07
	 7.4270070000000000e+06 	 2.9304443800000000e+08 	 9.3090000000000000e+03 	 -2.4160000000000000e+04 	 2.1090000000000000e+03 	 1.0596603000000000e+07
	 7.2735000000000000e+04 	 9.3090000000000000e+03 	 8.6538344380000000e+09 	 -1.9211227420000000e+09 	 -3.0590745000000000e+07 	 5.5500000000000000e+04
	 -5.4779000000000000e+04 	 -2.4160000000000000e+04 	 -1.9211227420000000e+09 	 2.1639841760000000e+09 	 -5.7690589000000000e+07 	 -2.8947000000000000e+04
	 2.1370600000000000e+05 	 2.1090000000000000e+03 	 -3.0590745000000000e+07 	 -5.7690589000000000e+07 	 6.7160705800000000e+08 	 6.9484000000000000e+04
	 1.9936239000000000e+07 	 1.0596603000000000e+07 	 5.5500000000000000e+04 	 -2.8947000000000000e+04 	 6.9484000000000000e+04 	 5.8492202000000000e+07

	 1.6429405978813389e+02 	 0.0000000000000000e+00 	 0.0000000000000000e+00 	 0.0000000000000000e+00 	 3.6355000697849720e+00 	 1.2549361727755453e+00
	 0.0000000000000000e+00 	 1.6429405978813389e+02 	 0.0000000000000000e+00 	 -3.6355000697849720e+00 	 0.0000000000000000e+00 	 0.0000000000000000e+00
	 0.0000000000000000e+00 	 0.0000000000000000e+00 	 1.6429405978813389e+02 	 -1.2549361727755453e+00 	 0.0000000000000000e+00 	 0.0000000000000000e+00
	 0.0000000000000000e+00 	 -3.6355000697849720e+00 	 -1.2549361727755453e+00 	 9.3797799248337739e+01 	 0.0000000000000000e+00 	 0.0000000000000000e+00
	 3.6355000697849720e+00 	 0.0000000000000000e+00 	 0.0000000000000000e+00 	 0.0000000000000000e+00 	 9.5317761721008143e+00 	 -3.4695574640065256e+00
	 1.2549361727755453e+00 	 0.0000000000000000e+00 	 0.0000000000000000e+00 	 0.0000000000000000e+00 	 -3.4695574640065256e+00 	 8.4266023076236920e+01

	 0.689655 
	 3.5125831000000000e+07 	 1.1981580000000000e+06 	 3.3592000000000000e+04 	 -1.9949000000000000e+04 	 7.5466000000000000e+04 	 1.0267415000000000e+07
	 1.1981580000000000e+06 	 1.9108095600000000e+08 	 -6.8758000000000000e+04 	 -5.5380000000000000e+03 	 -1.3620000000000000e+03 	 6.5148720000000000e+06
	 3.3592000000000000e+04 	 -6.8758000000000000e+04 	 6.0994146370000000e+09 	 -1.0070969610000000e+09 	 -4.8873058000000000e+07 	 2.2307000000000000e+04
	 -1.9949000000000000e+04 	 -5.5380000000000000e+03 	 -1.0070969610000000e+09 	 1.1025720460000000e+09 	 -3.7416760000000000e+06 	 -6.1390000000000000e+03
	 7.5466000000000000e+04 	 -1.3620000000000000e+03 	 -4.8873058000000000e+07 	 -3.7416760000000000e+06 	 3.2397756900000000e+08 	 2.2274000000000000e+04
	 1.0267415000000000e+07 	 6.5148720000000000e+06 	 2.2307000000000000e+04 	 -6.1390000000000000e+03 	 2.2274000000000000e+04 	 2.6484311000000000e+07

	 1.1153286029318001e+02 	 0.0000000000000000e+00 	 0.0000000000000000e+00 	 0.0000000000000000e+00 	 2.2148196865437888e+00 	 3.8485031068027560e+00
	 0.0000000000000000e+00 	 1.1153286029318001e+02 	 0.0000000000000000e+00 	 -2.2148196865437888e+00 	 0.0000000000000000e+00 	 0.0000000000000000e+00
	 0.0000000000000000e+00 	 0.0000000000000000e+00 	 1.1153286029318001e+02 	 -3.8485031068027560e+00 	 0.0000000000000000e+00 	 0.0000000000000000e+00
	 0.0000000000000000e+00 	 -2.2148196865437888e+00 	 -3.8485031068027560e+00 	 4.8153107547640190e+01 	 0.0000000000000000e+00 	 0.0000000000000000e+00
	 2.2148196865437888e+00 	 0.0000000000000000e+00 	 0.0000000000000000e+00 	 0.0000000000000000e+00 	 4.4898868636875902e+00 	 -1.0758923571098693e+00
	 3.8485031068027560e+00 	 0.0000000000000000e+00 	 0.0000000000000000e+00 	 0.0000000000000000e+00 	 -1.0758923571098693e+00 	 4.3663220683952602e+01

	 0.758621 
	 2.5391796000000000e+07 	 -2.0727680000000000e+06 	 5.1036000000000000e+04 	 -2.0392000000000000e+04 	 5.1545000000000000e+04 	 4.8115090000000000e+06
	 -2.0727680000000000e+06 	 1.0819048100000000e+08 	 -1.7870000000000000e+03 	 -6.8810000000000000e+03 	 -1.0900000000000000e+03 	 3.2807710000000000e+06
	 5.1036000000000000e+04 	 -1.7870000000000000e+03 	 3.9277422960000000e+09 	 -3.9681200100000000e+08 	 -2.6332219000000000e+07 	 2.5267000000000000e+04
	 -2.0392000000000000e+04 	 -6.8810000000000000e+03 	 -3.9681200100000000e+08 	 4.7732541000000000e+08 	 5.6684850000000000e+06 	 -8.2720000000000000e+03
	 5.1545000000000000e+04 	 -1.0900000000000000e+03 	 -2.6332219000000000e+07 	 5.6684850000000000e+06 	 1.3338386900000000e+08 	 1.0675000000000000e+04
	 4.8115090000000000e+06 	 3.2807710000000000e+06 	 2.5267000000000000e+04 	 -8.2720000000000000e+03 	 1.0675000000000000e+04 	 1.0720889000000000e+07

	 7.2598837749723032e+01 	 0.0000000000000000e+00 	 0.0000000000000000e+00 	 0.0000000000000000e+00 	 1.0306164750187865e+00 	 5.1474012740734798e+00
	 0.0000000000000000e+00 	 7.2598837749723032e+01 	 0.0000000000000000e+00 	 -1.0306164750187865e+00 	 0.0000000000000000e+00 	 0.0000000000000000e+00
	 0.0000000000000000e+00 	 0.0000000000000000e+00 	 7.2598837749723032e+01 	 -5.1474012740734798e+00 	 0.0000000000000000e+00 	 0.0000000000000000e+00
	 0.0000000000000000e+00 	 -1.0306164750187865e+00 	 -5.1474012740734798e+00 	 2.2238700437146729e+01 	 0.0000000000000000e+00 	 0.0000000000000000e+00
	 1.0306164750187865e+00 	 0.0000000000000000e+00 	 0.0000000000000000e+00 	 0.0000000000000000e+00 	 1.8232774658187969e+00 	 -5.3141639021364248e-02
	 5.1474012740734798e+00 	 0.0000000000000000e+00 	 0.0000000000000000e+00 	 0.0000000000000000e+00 	 -5.3141639021364248e-02 	 2.0415422971327931e+01

	 0.827586 
	 1.8757331000000000e+07 	 -3.4007190000000000e+06 	 -7.5480000000000000e+03 	 -1.4250000000000000e+03 	 3.1557000000000000e+04 	 2.0402100000000000e+06
	 -3.4007190000000000e+06 	 8.3233359000000000e+07 	 -7.4200000000000000e+02 	 -5.5500000000000000e+03 	 1.1600000000000000e+02 	 3.1787860000000000e+06
	 -7.5480000000000000e+03 	 -7.4200000000000000e+02 	 2.7655095700000000e+09 	 -1.2721734300000000e+08 	 -7.8129165000000000e+07 	 1.8330000000000000e+03
	 -1.4250000000000000e+03 	 -5.5500000000000000e+03 	 -1.2721734300000000e+08 	 2.0678317300000000e+08 	 1.2731967000000000e+07 	 1.4240000000000000e+03
	 3.1557000000000000e+04 	 1.1600000000000000e+02 	 -7.8129165000000000e+07 	 1.2731967000000000e+07 	 5.5392642000000000e+07 	 3.8110000000000000e+03
	 2.0402100000000000e+06 	 3.1787860000000000e+06 	 1.8330000000000000e+03 	 1.4240000000000000e+03 	 3.8110000000000000e+03 	 4.6713750000000000e+06

	 5.2846702611295257e+01 	 0.0000000000000000e+00 	 0.0000000000000000e+00 	 0.0000000000000000e+00 	 1.1281590948068867e+00 	 4.9299233800481872e+00
	 0.0000000000000000e+00 	 5.2846702611295257e+01 	 0.0000000000000000e+00 	 -1.1281590948068867e+00 	 0.0000000000000000e+00 	 0.0000000000000000e+00
	 0.0000000000000000e+00 	 0.0000000000000000e+00 	 5.2846702611295257e+01 	 -4.9299233800481872e+00 	 0.0000000000000000e+00 	 0.0000000000000000e+00
	 0.0000000000000000e+00 	 -1.1281590948068867e+00 	 -4.9299233800481872e+00 	 1.0350165825443055e+01 	 0.0000000000000000e+00 	 0.0000000000000000e+00
	 1.1281590948068867e+00 	 0.0000000000000000e+00 	 0.0000000000000000e+00 	 0.0000000000000000e+00 	 7.6896390178452190e-01 	 2.8393976768273910e-01
	 4.9299233800481872e+00 	 0.0000000000000000e+00 	 0.0000000000000000e+00 	 0.0000000000000000e+00 	 2.8393976768273910e-01 	 9.5812019236585328e+00

	 0.896552 
	 1.2537563000000000e+07 	 -2.4603990000000000e+06 	 -1.4436000000000000e+04 	 8.5000000000000000e+02 	 1.3842000000000000e+04 	 7.8211500000000000e+05
	 -2.4603990000000000e+06 	 4.9813765000000000e+07 	 -1.7520000000000000e+03 	 -3.0140000000000000e+03 	 7.0000000000000000e+01 	 1.7195120000000000e+06
	 -1.4436000000000000e+04 	 -1.7520000000000000e+03 	 1.3638784270000000e+09 	 -1.3910744000000000e+07 	 -3.2561555000000000e+07 	 -6.4800000000000000e+02
	 8.5000000000000000e+02 	 -3.0140000000000000e+03 	 -1.3910744000000000e+07 	 6.5560500000000000e+07 	 4.0687400000000000e+06 	 5.5300000000000000e+02
	 1.3842000000000000e+04 	 7.0000000000000000e+01 	 -3.2561555000000000e+07 	 4.0687400000000000e+06 	 1.3149252000000000e+07 	 9.1800000000000000e+02
	 7.8211500000000000e+05 	 1.7195120000000000e+06 	 -6.4800000000000000e+02 	 5.5300000000000000e+02 	 9.1800000000000000e+02 	 1.4449460000000000e+06

	 3.0442644975000754e+01 	 0.0000000000000000e+00 	 0.0000000000000000e+00 	 0.0000000000000000e+00 	 5.0884324965231253e-01 	 2.9768946815307027e+00
	 0.0000000000000000e+00 	 3.0442644975000754e+01 	 0.0000000000000000e+00 	 -5.0884324965231253e-01 	 0.0000000000000000e+00 	 0.0000000000000000e+00
	 0.0000000000000000e+00 	 0.0000000000000000e+00 	 3.0442644975000754e+01 	 -2.9768946815307027e+00 	 0.0000000000000000e+00 	 0.0000000000000000e+00
	 0.0000000000000000e+00 	 -5.0884324965231253e-01 	 -2.9768946815307027e+00 	 3.5472976129483840e+00 	 0.0000000000000000e+00 	 0.0000000000000000e+00
	 5.0884324965231253e-01 	 0.0000000000000000e+00 	 0.0000000000000000e+00 	 0.0000000000000000e+00 	 2.0778413351230166e-01 	 1.1939588991924403e-01
	 2.9768946815307027e+00 	 0.0000000000000000e+00 	 0.0000000000000000e+00 	 0.0000000000000000e+00 	 1.1939588991924403e-01 	 3.3395134794360821e+00

	 0.965517 
	 7.7310790000000000e+06 	 -1.5161530000000000e+06 	 -1.8545000000000000e+04 	 7.3200000000000000e+02 	 4.2920000000000000e+03 	 -2.5151000000000000e+04
	 -1.5161530000000000e+06 	 2.9324409000000000e+07 	 -5.5300000000000000e+02 	 -7.5200000000000000e+02 	 7.5000000000000000e+01 	 7.5127100000000000e+05
	 -1.8545000000000000e+04 	 -5.5300000000000000e+02 	 5.6172166700000000e+08 	 1.6219128000000000e+07 	 -9.1304530000000000e+06 	 -6.2300000000000000e+02
	 7.3200000000000000e+02 	 -7.5200000000000000e+02 	 1.6219128000000000e+07 	 1.3670020000000000e+07 	 5.5057500000000000e+05 	 3.7800000000000000e+02
	 4.2920000000000000e+03 	 7.5000000000000000e+01 	 -9.1304530000000000e+06 	 5.5057500000000000e+05 	 1.8547890000000000e+06 	 5.0000000000000000e+00
	 -2.5151000000000000e+04 	 7.5127100000000000e+05 	 -6.2300000000000000e+02 	 3.7800000000000000e+02 	 5.0000000000000000e+00 	 3.0273700000000000e+05

	 1.5353797291166947e+01 	 0.0000000000000000e+00 	 0.0000000000000000e+00 	 0.0000000000000000e+00 	 1.7859790512460250e-01 	 1.2928438101689466e+00
	 0.0000000000000000e+00 	 1.5353797291166947e+01 	 0.0000000000000000e+00 	 -1.7859790512460250e-01 	 0.0000000000000000e+00 	 0.0000000000000000e+00
	 0.0000000000000000e+00 	 0.0000000000000000e+00 	 1.5353797291166947e+01 	 -1.2928438101689466e+00 	 0.0000000000000000e+00 	 0.0000000000000000e+00
	 0.0000000000000000e+00 	 -1.7859790512460250e-01 	 -1.2928438101689466e+00 	 7.5820100660302636e-01 	 0.0000000000000000e+00 	 0.0000000000000000e+00
	 1.7859790512460250e-01 	 0.0000000000000000e+00 	 0.0000000000000000e+00 	 0.0000000000000000e+00 	 3.5592130177288898e-02 	 2.2642998261412924e-02
	 1.2928438101689466e+00 	 0.0000000000000000e+00 	 0.0000000000000000e+00 	 0.0000000000000000e+00 	 2.2642998261412924e-02 	 7.2260887642573746e-01

	 1.000000 
	 5.4462300000000000e+05 	 5.1475200000000000e+05 	 4.9560000000000000e+03 	 9.2600000000000000e+02 	 1.3500000000000000e+02 	 -2.4032000000000000e+04
	 5.1475200000000000e+05 	 1.5830200000000000e+06 	 -1.6169000000000000e+04 	 -3.2390000000000000e+03 	 -2.3900000000000000e+02 	 2.6608500000000000e+05
	 4.9560000000000000e+03 	 -1.6169000000000000e+04 	 2.7227654600000000e+08 	 1.5789244000000000e+07 	 -2.3820930000000000e+06 	 -5.9680000000000000e+03
	 9.2600000000000000e+02 	 -3.2390000000000000e+03 	 1.5789244000000000e+07 	 4.5632620000000000e+06 	 1.6649500000000000e+05 	 -1.0290000000000000e+03
	 1.3500000000000000e+02 	 -2.3900000000000000e+02 	 -2.3820930000000000e+06 	 1.6649500000000000e+05 	 3.7596100000000000e+05 	 -6.7000000000000000e+01
	 -2.4032000000000000e+04 	 2.6608500000000000e+05 	 -5.9680000000000000e+03 	 -1.0290000000000000e+03 	 -6.7000000000000000e+01 	 1.4332000000000000e+05

	 9.5486083607373189e+00 	 0.0000000000000000e+00 	 0.0000000000000000e+00 	 0.0000000000000000e+00 	 3.9991351779380790e-02 	 8.7193611392072290e-01
	 0.0000000000000000e+00 	 9.5486083607373189e+00 	 0.0000000000000000e+00 	 -3.9991351779380790e-02 	 0.0000000000000000e+00 	 0.0000000000000000e+00
	 0.0000000000000000e+00 	 0.0000000000000000e+00 	 9.5486083607373189e+00 	 -8.7193611392072290e-01 	 0.0000000000000000e+00 	 0.0000000000000000e+00
	 0.0000000000000000e+00 	 -3.9991351779380790e-02 	 -8.7193611392072290e-01 	 2.5670709199973152e-01 	 0.0000000000000000e+00 	 0.0000000000000000e+00
	 3.9991351779380790e-02 	 0.0000000000000000e+00 	 0.0000000000000000e+00 	 0.0000000000000000e+00 	 1.0240167729521257e-02 	 1.0970917006267513e-02
	 8.7193611392072290e-01 	 0.0000000000000000e+00 	 0.0000000000000000e+00 	 0.0000000000000000e+00 	 1.0970917006267513e-02 	 2.4646692427021025e-01

	 0.586207 
	 8.4522076000000000e+07 	 1.2096023000000000e+07 	 1.0652500000000000e+05 	 -9.4897000000000000e+04 	 3.2130300000000000e+05 	 3.2693651000000000e+07
	 1.2096023000000000e+07 	 3.6630399700000000e+08 	 -8.5593000000000000e+04 	 -1.1956000000000000e+04 	 2.8120000000000000e+03 	 1.4793206000000000e+07
	 1.0652500000000000e+05 	 -8.5593000000000000e+04 	 1.0915157502000000e+10 	 -2.5162933980000000e+09 	 -5.6294041000000000e+07 	 9.9480000000000000e+04
	 -9.4897000000000000e+04 	 -1.1956000000000000e+04 	 -2.5162933980000000e+09 	 3.3202907370000000e+09 	 -1.0932857100000000e+08 	 -6.0313000000000000e+04
	 3.2130300000000000e+05 	 2.8120000000000000e+03 	 -5.6294041000000000e+07 	 -1.0932857100000000e+08 	 9.9232277700000000e+08 	 1.4774800000000000e+05
	 3.2693651000000000e+07 	 1.4793206000000000e+07 	 9.9480000000000000e+04 	 -6.0313000000000000e+04 	 1.4774800000000000e+05 	 9.1804363000000000e+07

	 2.1169628549948220e+02 	 0.0000000000000000e+00 	 0.0000000000000000e+00 	 0.0000000000000000e+00 	 5.5696544048103283e+00 	 5.0658830751612802e+00
	 0.0000000000000000e+00 	 2.1169628549948220e+02 	 0.0000000000000000e+00 	 -5.5696544048103283e+00 	 0.0000000000000000e+00 	 0.0000000000000000e+00
	 0.0000000000000000e+00 	 0.0000000000000000e+00 	 2.1169628549948220e+02 	 -5.0658830751612802e+00 	 0.0000000000000000e+00 	 0.0000000000000000e+00
	 0.0000000000000000e+00 	 -5.5696544048103283e+00 	 -5.0658830751612802e+00 	 1.4516487858530067e+02 	 0.0000000000000000e+00 	 0.0000000000000000e+00
	 5.5696544048103283e+00 	 0.0000000000000000e+00 	 0.0000000000000000e+00 	 0.0000000000000000e+00 	 1.4343773129124351e+01 	 -6.4004394350262164e+00
	 5.0658830751612802e+00 	 0.0000000000000000e+00 	 0.0000000000000000e+00 	 0.0000000000000000e+00 	 -6.4004394350262164e+00 	 1.3082110545617633e+02

	 0.620690 
	 6.7053942000000000e+07 	 7.4270070000000000e+06 	 7.2735000000000000e+04 	 -5.4779000000000000e+04 	 2.1370600000000000e+05 	 1.9936239000000000e+07
	 7.4270070000000000e+06 	 2.9304443800000000e+08 	 9.3090000000000000e+03 	 -2.4160000000000000e+04 	 2.1090000000000000e+03 	 1.0596603000000000e+07
	 7.2735000000000000e+04 	 9.3090000000000000e+03 	 8.6538344380000000e+09 	 -1.9211227420000000e+09 	 -3.0590745000000000e+07 	 5.5500000000000000e+04
	 -5.4779000000000000e+04 	 -2.4160000000000000e+04 	 -1.9211227420000000e+09 	 2.1639841760000000e+09 	 -5.7690589000000000e+07 	 -2.8947000000000000e+04
	 2.1370600000000000e+05 	 2.1090000000000000e+03 	 -3.0590745000000000e+07 	 -5.7690589000000000e+07 	 6.7160705800000000e+08 	 6.9484000000000000e+04
	 1.9936239000000000e+07 	 1.0596603000000000e+07 	 5.5500000000000000e+04 	 -2.8947000000000000e+04 	 6.9484000000000000e+04 	 5.8492202000000000e+07

	 1.6429405978813446e+02 	 0.0000000000000000e+00 	 0.0000000000000000e+00 	 0.0000000000000000e+00 	 3.6355000697848867e+00 	 1.2549361727751709e+00
	 0.0000000000000000e+00 	 1.6429405978813446e+02 	 0.0000000000000000e+00 	 -3.6355000697848867e+00 	 0.0000000000000000e+00 	 0.0000000000000000e+00
	 0.0000000000000000e+00 	 0.0000000000000000e+00 	 1.6429405978813446e+02 	 -1.2549361727751709e+00 	 0.0000000000000000e+00 	 0.0000000000000000e+00
	 0.0000000000000000e+00 	 -3.6355000697848867e+00 	 -1.2549361727751709e+00 	 9.3797799248337768e+01 	 0.0000000000000000e+00 	 0.0000000000000000e+00
	 3.6355000697848867e+00 	 0.0000000000000000e+00 	 0.0000000000000000e+00 	 0.0000000000000000e+00 	 9.5317761721008232e+00 	 -3.4695574640065341e+00
	 1.2549361727751709e+00 	 0.0000000000000000e+00 	 0.0000000000000000e+00 	 0.0000000000000000e+00 	 -3.4695574640065341e+00 	 8.4266023076236948e+01

	 0.655172 
	 4.2083841000000000e+07 	 5.1052030000000000e+06 	 -2.8060000000000000e+03 	 -1.2991000000000000e+04 	 1.1105900000000000e+05 	 1.4677922000000000e+07
	 5.1052030000000000e+06 	 2.6177823900000000e+08 	 6.0320000000000000e+03 	 -2.0135000000000000e+04 	 8.0000000000000000e+00 	 1.1772492000000000e+07
	 -2.8060000000000000e+03 	 6.0320000000000000e+03 	 7.3999835420000000e+09 	 -1.4096362850000000e+09 	 -2.1087934400000000e+08 	 1.3329000000000000e+04
	 -1.2991000000000000e+04 	 -2.0135000000000000e+04 	 -1.4096362850000000e+09 	 1.6119089810000000e+09 	 1.7220821000000000e+07 	 3.7140000000000000e+03
	 1.1105900000000000e+05 	 8.0000000000000000e+00 	 -2.1087934400000000e+08 	 1.7220821000000000e+07 	 4.8410066300000000e+08 	 3.9545000000000000e+04
	 1.4677922000000000e+07 	 1.1772492000000000e+07 	 1.3329000000000000e+04 	 3.7140000000000000e+03 	 3.9545000000000000e+04 	 4.0189282000000000e+07

	 1.4137357086829923e+02 	 0.0000000000000000e+00 	 0.0000000000000000e+00 	 0.0000000000000000e+00 	 4.7464882742343857e+00 	 5.1509117927430852e+00
	 0.0000000000000000e+00 	 1.4137357086829923e+02 	 0.0000000000000000e+00 	 -4.7464882742343857e+00 	 0.0000000000000000e+00 	 0.0000000000000000e+00
	 0.0000000000000000e+00 	 0.0000000000000000e+00 	 1.4137357086829923e+02 	 -5.1509117927430852e+00 	 0.0000000000000000e+00 	 0.0000000000000000e+00
	 0.0000000000000000e+00 	 -4.7464882742343857e+00 	 -5.1509117927430852e+00 	 7.1967578981450231e+01 	 0.0000000000000000e+00 	 0.0000000000000000e+00
	 4.7464882742343857e+00 	 0.0000000000000000e+00 	 0.0000000000000000e+00 	 0.0000000000000000e+00 	 6.8540614318903614e+00 	 -1.7872696555693803e+00
	 5.1509117927430852e+00 	 0.0000000000000000e+00 	 0.0000000000000000e+00 	 0.0000000000000000e+00 	 -1.7872696555693803e+00 	 6.5113517549559873e+01

	 0.689655 
	 3.5125831000000000e+07 	 1.1981580000000000e+06 	 3.3592000000000000e+04 	 -1.9949000000000000e+04 	 7.5466000000000000e+04 	 1.0267415000000000e+07
	 1.1981580000000000e+06 	 1.9108095600000000e+08 	 -6.8758000000000000e+04 	 -5.5380000000000000e+03 	 -1.3620000000000000e+03 	 6.5148720000000000e+06
	 3.3592000000000000e+04 	 -6.8758000000000000e+04 	 6.0994146370000000e+09 	 -1.0070969610000000e+09 	 -4.8873058000000000e+07 	 2.2307000000000000e+04
	 -1.9949000000000000e+04 	 -5.5380000000000000e+03 	 -1.0070969610000000e+09 	 1.1025720460000000e+09 	 -3.7416760000000000e+06 	 -6.1390000000000000e+03
	 7.5466000000000000e+04 	 -1.3620000000000000e+03 	 -4.8873058000000000e+07 	 -3.7416760000000000e+06 	 3.2397756900000000e+08 	 2.2274000000000000e+04
	 1.0267415000000000e+07 	 6.5148720000000000e+06 	 2.2307000000000000e+04 	 -6.1390000000000000e+03 	 2.2274000000000000e+04 	 2.6484311000000000e+07

	 1.1153286029318001e+02 	 0.0000000000000000e+00 	 0.0000000000000000e+00 	 0.0000000000000000e+00 	 2.2148196865437888e+00 	 3.8485031068027542e+00
	 0.0000000000000000e+00 	 1.1153286029318001e+02 	 0.0000000000000000e+00 	 -2.2148196865437888e+00 	 0.0000000000000000e+00 	 0.0000000000000000e+00
	 0.0000000000000000e+00 	 0.0000000000000000e+00 	 1.1153286029318001e+02 	 -3.8485031068027542e+00 	 0.0000000000000000e+00 	 0.0000000000000000e+00
	 0.0000000000000000e+00 	 -2.2148196865437888e+00 	 -3.8485031068027542e+00 	 4.8153107547640197e+01 	 0.0000000000000000e+00 	 0.0000000000000000e+00
	 2.2148196865437888e+00 	 0.0000000000000000e+00 	 0.0000000000000000e+00 	 0.0000000000000000e+00 	 4.4898868636875902e+00 	 -1.0758923571098693e+00
	 3.8485031068027542e+00 	 0.0000000000000000e+00 	 0.0000000000000000e+00 	 0.0000000000000000e+00 	 -1.0758923571098693e+00 	 4.3663220683952609e+01

	 0.724138 
	 2.9124423000000000e+07 	 -6.8752000000000000e+04 	 1.1250000000000000e+03 	 -9.5800000000000000e+03 	 6.6625000000000000e+04 	 6.8497580000000000e+06
	 -6.8752000000000000e+04 	 1.2665741300000000e+08 	 1.3330000000000000e+03 	 -9.3460000000000000e+03 	 -1.0790000000000000e+03 	 5.4783680000000000e+06
	 1.1250000000000000e+03 	 1.3330000000000000e+03 	 4.8962105420000000e+09 	 -6.7243177800000000e+08 	 -1.4846383900000000e+08 	 1.4270000000000000e+04
	 -9.5800000000000000e+03 	 -9.3460000000000000e+03 	 -6.7243177800000000e+08 	 7.1449298700000000e+08 	 2.4059165000000000e+07 	 3.1100000000000000e+02
	 6.6625000000000000e+04 	 -1.0790000000000000e+03 	 -1.4846383900000000e+08 	 2.4059165000000000e+07 	 2.1962588600000000e+08 	 1.7409000000000000e+04
	 6.8497580000000000e+06 	 5.4783680000000000e+06 	 1.4270000000000000e+04 	 3.1100000000000000e+02 	 1.7409000000000000e+04 	 1.5859025000000000e+07

	 8.6462061644685932e+01 	 0.0000000000000000e+00 	 0.0000000000000000e+00 	 0.0000000000000000e+00 	 2.5356311062450620e+00 	 3.7231178783125825e+00
	 0.0000000000000000e+00 	 8.6462061644685932e+01 	 0.0000000000000000e+00 	 -2.5356311062450620e+00 	 0.0000000000000000e+00 	 0.0000000000000000e+00
	 0.0000000000000000e+00 	 0.0000000000000000e+00 	 8.6462061644685932e+01 	 -3.7231178783125825e+00 	 0.0000000000000000e+00 	 0.0000000000000000e+00
	 0.0000000000000000e+00 	 -2.5356311062450620e+00 	 -3.7231178783125825e+00 	 3.1246229329614657e+01 	 0.0000000000000000e+00 	 0.0000000000000000e+00
	 2.5356311062450620e+00 	 0.0000000000000000e+00 	 0.0000000000000000e+00 	 0.0000000000000000e+00 	 2.8976841805983256e+00 	 -2.0325426198525354e-01
	 3.7231178783125825e+00 	 0.0000000000000000e+00 	 0.0000000000000000e+00 	 0.0000000000000000e+00 	 -2.0325426198525354e-01 	 2.8348545149016331e+01

	 0.758621 
	 2.5391796000000000e+07 	 -2.0727680000000000e+06 	 5.1036000000000000e+04 	 -2.0392000000000000e+04 	 5.1545000000000000e+04 	 4.8115090000000000e+06
	 -2.0727680000000000e+06 	 1.0819048100000000e+08 	 -1.7870000000000000e+03 	 -6.8810000000000000e+03 	 -1.0900000000000000e+03 	 3.2807710000000000e+06
	 5.1036000000000000e+04 	 -1.7870000000000000e+03 	 3.9277422960000000e+09 	 -3.9681200100000000e+08 	 -2.6332219000000000e+07 	 2.5267000000000000e+04
	 -2.0392000000000000e+04 	 -6.8810000000000000e+03 	 -3.9681200100000000e+08 	 4.7732541000000000e+08 	 5.6684850000000000e+06 	 -8.2720000000000000e+03
	 5.1545000000000000e+04 	 -1.0900000000000000e+03 	 -2.6332219000000000e+07 	 5.6684850000000000e+06 	 1.3338386900000000e+08 	 1.0675000000000000e+04
