# garg caseA [0/90/0], S = a/h = 10 -- 3-D DISPLACEMENT recovery, Yu-2003 Eq. 65
# plate part u^2d from: the internal harmonic solve (theory)
# stations: U1, U2 at x = 0 (cos peak); U3 at x = a/2 (sin peak)
# 
# U_1 = U - x3 (p W) + w1 ; U_2 = V + w2 ; U_3 = W + w3   (Kirchhoff
# composition -- the raw warping tilt carries the mean shear; z*phi
# would double-count it, see msgrm_warping_at_depth)
#   plate DOF amplitudes [U, V, W, F1, F2] = [-2.65801e-22, 5.16535e-35, 9.43817e-05, -0.000160113, 5.62664e-18]
#   (rotations F1/F2 are fitted and recorded but the composition
#    needs only U, V, W; Abaqus map phi1 = UR2, phi2 = -UR1; the
#    rigid-body constants of the deck's pins are fitted out -- the
#    exact solution carries the zero-span-average gauge)
#   strain amplitudes Es = [8.35039e-22, 0, -1.62274e-34, 0.000503011, 0, -1.76766e-17]
#   warping arguments: E6,1 = p Es at x = 0 ; E6 = Es and
#   E6,11 = -p^2 Es at x = a/2
# 
# gauge check: <U1_exact> over the thickness = 3.078240e-08 vs plate u0 = -2.658013e-22
# 
# rel L2 errors vs exact 3-D [%]:  U1   1.4235   U2   0.0000 (U2_exact ~ 0: denominator floored at 1e-3 ||U1||)   U3   1.3137
# 
# columns: z[m]  U1_rec U1_exact  U2_rec U2_exact  U3_rec U3_exact  [m]
  -5.000000e-02    9.434713e-06    9.351472e-06    5.761538e-21    1.305522e-22    9.437922e-05    9.289381e-05
  -4.958333e-02    9.311679e-06    9.230272e-06    5.760937e-21    1.305525e-22    9.438027e-05    9.289762e-05
  -4.916667e-02    9.189322e-06    9.109859e-06    5.759141e-21    1.305534e-22    9.438128e-05    9.290138e-05
  -4.875000e-02    9.067638e-06    8.990224e-06    5.756160e-21    1.305548e-22    9.438224e-05    9.290509e-05
  -4.833333e-02    8.946619e-06    8.871356e-06    5.752004e-21    1.305567e-22    9.438317e-05    9.290876e-05
  -4.791667e-02    8.826262e-06    8.753246e-06    5.746683e-21    1.305592e-22    9.438405e-05    9.291238e-05
  -4.750000e-02    8.706559e-06    8.635883e-06    5.740207e-21    1.305623e-22    9.438489e-05    9.291595e-05
  -4.708333e-02    8.587505e-06    8.519256e-06    5.732586e-21    1.305659e-22    9.438570e-05    9.291948e-05
  -4.666667e-02    8.469095e-06    8.403357e-06    5.723831e-21    1.305701e-22    9.438646e-05    9.292296e-05
  -4.625000e-02    8.351322e-06    8.288175e-06    5.713950e-21    1.305749e-22    9.438719e-05    9.292640e-05
  -4.583333e-02    8.234181e-06    8.173700e-06    5.702955e-21    1.305802e-22    9.438788e-05    9.292980e-05
  -4.541667e-02    8.117667e-06    8.059923e-06    5.690855e-21    1.305861e-22    9.438853e-05    9.293315e-05
  -4.500000e-02    8.001774e-06    7.946834e-06    5.677661e-21    1.305925e-22    9.438915e-05    9.293646e-05
  -4.458333e-02    7.886495e-06    7.834423e-06    5.663381e-21    1.305995e-22    9.438973e-05    9.293974e-05
  -4.416667e-02    7.771826e-06    7.722681e-06    5.648028e-21    1.306071e-22    9.439028e-05    9.294297e-05
  -4.375000e-02    7.657760e-06    7.611598e-06    5.631609e-21    1.306152e-22    9.439079e-05    9.294616e-05
  -4.333333e-02    7.544292e-06    7.501164e-06    5.614137e-21    1.306238e-22    9.439127e-05    9.294932e-05
  -4.291667e-02    7.431416e-06    7.391370e-06    5.595619e-21    1.306331e-22    9.439172e-05    9.295243e-05
  -4.250000e-02    7.319127e-06    7.282207e-06    5.576068e-21    1.306429e-22    9.439213e-05    9.295551e-05
  -4.208333e-02    7.207419e-06    7.173666e-06    5.555492e-21    1.306532e-22    9.439251e-05    9.295855e-05
  -4.166667e-02    7.096286e-06    7.065736e-06    5.533901e-21    1.306641e-22    9.439286e-05    9.296156e-05
  -4.125000e-02    6.985722e-06    6.958410e-06    5.511307e-21    1.306756e-22    9.439318e-05    9.296453e-05
  -4.083333e-02    6.875722e-06    6.851677e-06    5.487718e-21    1.306876e-22    9.439347e-05    9.296746e-05
  -4.041667e-02    6.766280e-06    6.745529e-06    5.463145e-21    1.307002e-22    9.439373e-05    9.297036e-05
  -4.000000e-02    6.657390e-06    6.639956e-06    5.437598e-21    1.307133e-22    9.439396e-05    9.297323e-05
  -3.958333e-02    6.549047e-06    6.534950e-06    5.411086e-21    1.307270e-22    9.439416e-05    9.297606e-05
  -3.916667e-02    6.441244e-06    6.430501e-06    5.383621e-21    1.307413e-22    9.439434e-05    9.297886e-05
  -3.875000e-02    6.333978e-06    6.326601e-06    5.355211e-21    1.307561e-22    9.439449e-05    9.298163e-05
  -3.833333e-02    6.227240e-06    6.223240e-06    5.325868e-21    1.307715e-22    9.439461e-05    9.298437e-05
  -3.791667e-02    6.121027e-06    6.120410e-06    5.295601e-21    1.307875e-22    9.439470e-05    9.298708e-05
  -3.750000e-02    6.015331e-06    6.018102e-06    5.264419e-21    1.308040e-22    9.439477e-05    9.298975e-05
  -3.708333e-02    5.910148e-06    5.916307e-06    5.232334e-21    1.308211e-22    9.439481e-05    9.299240e-05
  -3.666667e-02    5.805472e-06    5.815017e-06    5.199355e-21    1.308387e-22    9.439483e-05    9.299502e-05
  -3.625000e-02    5.701297e-06    5.714223e-06    5.165493e-21    1.308569e-22    9.439483e-05    9.299761e-05
  -3.583333e-02    5.597618e-06    5.613916e-06    5.130756e-21    1.308756e-22    9.439480e-05    9.300017e-05
  -3.541667e-02    5.494428e-06    5.514088e-06    5.095156e-21    1.308949e-22    9.439475e-05    9.300270e-05
  -3.500000e-02    5.391722e-06    5.414729e-06    5.058703e-21    1.309148e-22    9.439467e-05    9.300520e-05
  -3.458333e-02    5.289494e-06    5.315832e-06    5.021405e-21    1.309352e-22    9.439458e-05    9.300768e-05
  -3.416667e-02    5.187739e-06    5.217389e-06    4.983274e-21    1.309562e-22    9.439446e-05    9.301013e-05
  -3.375000e-02    5.086451e-06    5.119390e-06    4.944320e-21    1.309778e-22    9.439432e-05    9.301256e-05
  -3.333333e-02    4.985624e-06    5.021827e-06    4.904552e-21    1.309999e-22    9.439416e-05    9.301496e-05
  -3.291667e-02    4.885253e-06    4.924692e-06    4.863981e-21    1.310226e-22    9.439398e-05    9.301733e-05
  -3.250000e-02    4.785331e-06    4.827977e-06    4.822616e-21    1.310458e-22    9.439378e-05    9.301969e-05
  -3.208333e-02    4.685854e-06    4.731673e-06    4.780468e-21    1.310696e-22    9.439357e-05    9.302201e-05
  -3.166667e-02    4.586815e-06    4.635772e-06    4.737547e-21    1.310940e-22    9.439333e-05    9.302432e-05
  -3.125000e-02    4.488209e-06    4.540266e-06    4.693863e-21    1.311189e-22    9.439307e-05    9.302660e-05
  -3.083333e-02    4.390030e-06    4.445146e-06    4.649425e-21    1.311444e-22    9.439280e-05    9.302885e-05
  -3.041667e-02    4.292272e-06    4.350405e-06    4.604244e-21    1.311704e-22    9.439251e-05    9.303109e-05
  -3.000000e-02    4.194930e-06    4.256034e-06    4.558330e-21    1.311970e-22    9.439220e-05    9.303330e-05
  -2.958333e-02    4.097998e-06    4.162026e-06    4.511693e-21    1.312242e-22    9.439188e-05    9.303549e-05
  -2.916667e-02    4.001470e-06    4.068372e-06    4.464343e-21    1.312519e-22    9.439154e-05    9.303766e-05
  -2.875000e-02    3.905341e-06    3.975064e-06    4.416290e-21    1.312802e-22    9.439118e-05    9.303981e-05
  -2.833333e-02    3.809604e-06    3.882094e-06    4.367544e-21    1.313091e-22    9.439081e-05    9.304193e-05
  -2.791667e-02    3.714255e-06    3.789454e-06    4.318115e-21    1.313385e-22    9.439042e-05    9.304404e-05
  -2.750000e-02    3.619288e-06    3.697137e-06    4.268013e-21    1.313685e-22    9.439002e-05    9.304613e-05
  -2.708333e-02    3.524696e-06    3.605134e-06    4.217248e-21    1.313990e-22    9.438960e-05    9.304819e-05
  -2.666667e-02    3.430474e-06    3.513437e-06    4.165830e-21    1.314301e-22    9.438917e-05    9.305024e-05
  -2.625000e-02    3.336617e-06    3.422039e-06    4.113770e-21    1.314618e-22    9.438873e-05    9.305227e-05
  -2.583333e-02    3.243118e-06    3.330932e-06    4.061077e-21    1.314940e-22    9.438828e-05    9.305428e-05
  -2.541667e-02    3.149973e-06    3.240107e-06    4.007762e-21    1.315268e-22    9.438781e-05    9.305627e-05
  -2.500000e-02    3.057175e-06    3.149558e-06    3.953834e-21    1.315602e-22    9.438733e-05    9.305825e-05
  -2.458333e-02    2.964718e-06    3.059276e-06    3.899303e-21    1.315941e-22    9.438683e-05    9.306020e-05
  -2.416667e-02    2.872598e-06    2.969254e-06    3.844180e-21    1.316286e-22    9.438633e-05    9.306214e-05
  -2.375000e-02    2.780807e-06    2.879483e-06    3.788474e-21    1.316636e-22    9.438581e-05    9.306406e-05
  -2.333333e-02    2.689342e-06    2.789957e-06    3.732196e-21    1.316993e-22    9.438529e-05    9.306596e-05
  -2.291667e-02    2.598195e-06    2.700667e-06    3.675355e-21    1.317354e-22    9.438475e-05    9.306785e-05
  -2.250000e-02    2.507361e-06    2.611606e-06    3.617962e-21    1.317722e-22    9.438420e-05    9.306972e-05
  -2.208333e-02    2.416835e-06    2.522766e-06    3.560027e-21    1.318095e-22    9.438364e-05    9.307157e-05
  -2.166667e-02    2.326611e-06    2.434140e-06    3.501559e-21    1.318474e-22    9.438308e-05    9.307341e-05
  -2.125000e-02    2.236682e-06    2.345720e-06    3.442570e-21    1.318858e-22    9.438250e-05    9.307523e-05
  -2.083333e-02    2.147044e-06    2.257498e-06    3.383068e-21    1.319248e-22    9.438191e-05    9.307704e-05
  -2.041667e-02    2.057691e-06    2.169467e-06    3.323064e-21    1.319644e-22    9.438132e-05    9.307883e-05
  -2.000000e-02    1.968617e-06    2.081619e-06    3.262567e-21    1.320045e-22    9.438072e-05    9.308060e-05
  -1.958333e-02    1.879816e-06    1.993946e-06    3.201589e-21    1.320452e-22    9.438011e-05    9.308236e-05
  -1.916667e-02    1.791283e-06    1.906442e-06    3.140139e-21    1.320864e-22    9.437949e-05    9.308411e-05
  -1.875000e-02    1.703011e-06    1.819099e-06    3.078227e-21    1.321283e-22    9.437886e-05    9.308584e-05
  -1.833333e-02    1.614996e-06    1.731908e-06    3.015863e-21    1.321707e-22    9.437823e-05    9.308755e-05
  -1.791667e-02    1.527232e-06    1.644863e-06    2.953057e-21    1.322136e-22    9.437758e-05    9.308925e-05
  -1.750000e-02    1.439712e-06    1.557957e-06    2.889819e-21    1.322572e-22    9.437694e-05    9.309094e-05
  -1.708333e-02    1.352432e-06    1.471181e-06    2.826159e-21    1.323013e-22    9.437628e-05    9.309261e-05
  -1.666667e-02    1.265385e-06    1.384528e-06    2.762088e-21    1.323459e-22    9.437562e-05    9.309427e-05
  -1.666667e-02    1.265385e-06    1.384528e-06    2.762088e-21    1.323459e-22    9.437562e-05    9.309427e-05
  -1.625000e-02    1.233471e-06    1.350838e-06    2.732930e-21    1.291247e-22    9.437504e-05    9.309582e-05
  -1.583333e-02    1.201578e-06    1.317156e-06    2.703615e-21    1.259034e-22    9.437448e-05    9.309737e-05
  -1.541667e-02    1.169706e-06    1.283481e-06    2.674146e-21    1.226820e-22    9.437393e-05    9.309894e-05
  -1.500000e-02    1.137854e-06    1.249814e-06    2.644528e-21    1.194605e-22    9.437340e-05    9.310052e-05
  -1.458333e-02    1.106021e-06    1.216152e-06    2.614765e-21    1.162390e-22    9.437288e-05    9.310211e-05
  -1.416667e-02    1.074208e-06    1.182497e-06    2.584861e-21    1.130174e-22    9.437237e-05    9.310371e-05
  -1.375000e-02    1.042413e-06    1.148848e-06    2.554820e-21    1.097958e-22    9.437188e-05    9.310532e-05
  -1.333333e-02    1.010636e-06    1.115204e-06    2.524645e-21    1.065741e-22    9.437140e-05    9.310694e-05
  -1.291667e-02    9.788768e-07    1.081566e-06    2.494341e-21    1.033524e-22    9.437094e-05    9.310857e-05
  -1.250000e-02    9.471342e-07    1.047932e-06    2.463913e-21    1.001307e-22    9.437050e-05    9.311021e-05
  -1.208333e-02    9.154079e-07    1.014303e-06    2.433363e-21    9.690890e-23    9.437006e-05    9.311186e-05
  -1.166667e-02    8.836974e-07    9.806787e-07    2.402696e-21    9.368709e-23    9.436965e-05    9.311352e-05
  -1.125000e-02    8.520021e-07    9.470577e-07    2.371916e-21    9.046526e-23    9.436924e-05    9.311519e-05
  -1.083333e-02    8.203215e-07    9.134403e-07    2.341027e-21    8.724341e-23    9.436885e-05    9.311688e-05
  -1.041667e-02    7.886551e-07    8.798261e-07    2.310034e-21    8.402154e-23    9.436848e-05    9.311857e-05
  -1.000000e-02    7.570023e-07    8.462147e-07    2.278939e-21    8.079966e-23    9.436812e-05    9.312027e-05
  -9.583333e-03    7.253625e-07    8.126058e-07    2.247748e-21    7.757777e-23    9.436777e-05    9.312199e-05
  -9.166667e-03    6.937352e-07    7.789991e-07    2.216464e-21    7.435589e-23    9.436744e-05    9.312371e-05
  -8.750000e-03    6.621199e-07    7.453942e-07    2.185091e-21    7.113400e-23    9.436713e-05    9.312545e-05
  -8.333333e-03    6.305160e-07    7.117907e-07    2.153633e-21    6.791213e-23    9.436683e-05    9.312719e-05
  -7.916667e-03    5.989230e-07    6.781884e-07    2.122095e-21    6.469026e-23    9.436654e-05    9.312895e-05
  -7.500000e-03    5.673404e-07    6.445869e-07    2.090480e-21    6.146841e-23    9.436627e-05    9.313071e-05
  -7.083333e-03    5.357675e-07    6.109859e-07    2.058793e-21    5.824658e-23    9.436601e-05    9.313249e-05
  -6.666667e-03    5.042039e-07    5.773849e-07    2.027036e-21    5.502478e-23    9.436577e-05    9.313428e-05
  -6.250000e-03    4.726490e-07    5.437837e-07    1.995216e-21    5.180301e-23    9.436554e-05    9.313607e-05
  -5.833333e-03    4.411023e-07    5.101820e-07    1.963334e-21    4.858127e-23    9.436533e-05    9.313788e-05
  -5.416667e-03    4.095631e-07    4.765793e-07    1.931397e-21    4.535957e-23    9.436513e-05    9.313970e-05
  -5.000000e-03    3.780311e-07    4.429754e-07    1.899406e-21    4.213792e-23    9.436495e-05    9.314153e-05
  -4.583333e-03    3.465055e-07    4.093699e-07    1.867368e-21    3.891631e-23    9.436478e-05    9.314337e-05
  -4.166667e-03    3.149860e-07    3.757625e-07    1.835285e-21    3.569476e-23    9.436462e-05    9.314522e-05
  -3.750000e-03    2.834719e-07    3.421528e-07    1.803161e-21    3.247326e-23    9.436448e-05    9.314708e-05
  -3.333333e-03    2.519627e-07    3.085405e-07    1.771002e-21    2.925183e-23    9.436436e-05    9.314895e-05
  -2.916667e-03    2.204578e-07    2.749252e-07    1.738810e-21    2.603046e-23    9.436425e-05    9.315083e-05
  -2.500000e-03    1.889568e-07    2.413067e-07    1.706590e-21    2.280916e-23    9.436415e-05    9.315272e-05
  -2.083333e-03    1.574590e-07    2.076845e-07    1.674345e-21    1.958793e-23    9.436407e-05    9.315462e-05
  -1.666667e-03    1.259639e-07    1.740583e-07    1.642081e-21    1.636679e-23    9.436401e-05    9.315654e-05
  -1.250000e-03    9.447104e-08    1.404278e-07    1.609800e-21    1.314573e-23    9.436395e-05    9.315846e-05
  -8.333333e-04    6.297979e-08    1.067927e-07    1.577507e-21    9.924760e-24    9.436392e-05    9.316039e-05
  -4.166667e-04    3.148962e-08    7.315256e-08    1.545206e-21    6.703882e-24    9.436390e-05    9.316234e-05
  -3.469447e-18   -2.638754e-21    3.950709e-08    1.512902e-21    3.483103e-24    9.436389e-05    9.316429e-05
   4.166667e-04   -3.148962e-08    5.855932e-09    1.480597e-21    2.624253e-25    9.436390e-05    9.316626e-05
   8.333333e-04   -6.297979e-08   -2.780124e-08    1.448296e-21   -2.958145e-24    9.436392e-05    9.316823e-05
   1.250000e-03   -9.447104e-08   -6.146478e-08    1.416003e-21   -6.178604e-24    9.436395e-05    9.317022e-05
   1.666667e-03   -1.259639e-07   -9.513502e-08    1.383722e-21   -9.398947e-24    9.436401e-05    9.317221e-05
   2.083333e-03   -1.574590e-07   -1.288123e-07    1.351458e-21   -1.261917e-23    9.436407e-05    9.317422e-05
   2.500000e-03   -1.889568e-07   -1.624970e-07    1.319213e-21   -1.583927e-23    9.436415e-05    9.317624e-05
   2.916667e-03   -2.204578e-07   -1.961894e-07    1.286993e-21   -1.905924e-23    9.436425e-05    9.317826e-05
   3.333333e-03   -2.519627e-07   -2.298898e-07    1.254801e-21   -2.227907e-23    9.436436e-05    9.318030e-05
   3.750000e-03   -2.834719e-07   -2.635987e-07    1.222642e-21   -2.549876e-23    9.436448e-05    9.318235e-05
   4.166667e-03   -3.149860e-07   -2.973163e-07    1.190518e-21   -2.871832e-23    9.436462e-05    9.318441e-05
   4.583333e-03   -3.465055e-07   -3.310430e-07    1.158435e-21   -3.193772e-23    9.436478e-05    9.318648e-05
   5.000000e-03   -3.780311e-07   -3.647792e-07    1.126397e-21   -3.515697e-23    9.436495e-05    9.318855e-05
   5.416667e-03   -4.095631e-07   -3.985251e-07    1.094406e-21   -3.837607e-23    9.436513e-05    9.319064e-05
   5.833333e-03   -4.411023e-07   -4.322811e-07    1.062469e-21   -4.159500e-23    9.436533e-05    9.319274e-05
   6.250000e-03   -4.726490e-07   -4.660476e-07    1.030587e-21   -4.481377e-23    9.436554e-05    9.319485e-05
   6.666667e-03   -5.042039e-07   -4.998249e-07    9.987667e-22   -4.803237e-23    9.436577e-05    9.319697e-05
   7.083333e-03   -5.357675e-07   -5.336134e-07    9.670106e-22   -5.125079e-23    9.436601e-05    9.319911e-05
   7.500000e-03   -5.673404e-07   -5.674133e-07    9.353230e-22   -5.446903e-23    9.436627e-05    9.320125e-05
   7.916667e-03   -5.989230e-07   -6.012250e-07    9.037080e-22   -5.768709e-23    9.436654e-05    9.320340e-05
   8.333333e-03   -6.305160e-07   -6.350490e-07    8.721697e-22   -6.090496e-23    9.436683e-05    9.320556e-05
   8.750000e-03   -6.621199e-07   -6.688854e-07    8.407121e-22   -6.412263e-23    9.436713e-05    9.320773e-05
   9.166667e-03   -6.937352e-07   -7.027347e-07    8.093392e-22   -6.734011e-23    9.436744e-05    9.320992e-05
   9.583333e-03   -7.253625e-07   -7.365971e-07    7.780551e-22   -7.055739e-23    9.436777e-05    9.321211e-05
   1.000000e-02   -7.570023e-07   -7.704732e-07    7.468638e-22   -7.377445e-23    9.436812e-05    9.321431e-05
   1.041667e-02   -7.886551e-07   -8.043630e-07    7.157693e-22   -7.699131e-23    9.436848e-05    9.321653e-05
   1.083333e-02   -8.203215e-07   -8.382672e-07    6.847756e-22   -8.020795e-23    9.436885e-05    9.321875e-05
   1.125000e-02   -8.520021e-07   -8.721859e-07    6.538869e-22   -8.342437e-23    9.436924e-05    9.322098e-05
   1.166667e-02   -8.836974e-07   -9.061195e-07    6.231071e-22   -8.664056e-23    9.436965e-05    9.322323e-05
   1.208333e-02   -9.154079e-07   -9.400683e-07    5.924403e-22   -8.985652e-23    9.437006e-05    9.322548e-05
   1.250000e-02   -9.471342e-07   -9.740327e-07    5.618905e-22   -9.307225e-23    9.437050e-05    9.322775e-05
   1.291667e-02   -9.788768e-07   -1.008013e-06    5.314618e-22   -9.628774e-23    9.437094e-05    9.323003e-05
   1.333333e-02   -1.010636e-06   -1.042010e-06    5.011581e-22   -9.950299e-23    9.437140e-05    9.323231e-05
   1.375000e-02   -1.042413e-06   -1.076023e-06    4.709835e-22   -1.027180e-22    9.437188e-05    9.323461e-05
   1.416667e-02   -1.074208e-06   -1.110053e-06    4.409421e-22   -1.059327e-22    9.437237e-05    9.323691e-05
   1.458333e-02   -1.106021e-06   -1.144101e-06    4.110378e-22   -1.091472e-22    9.437288e-05    9.323923e-05
   1.500000e-02   -1.137854e-06   -1.178166e-06    3.812748e-22   -1.123614e-22    9.437340e-05    9.324156e-05
   1.541667e-02   -1.169706e-06   -1.212249e-06    3.516570e-22   -1.155754e-22    9.437393e-05    9.324389e-05
   1.583333e-02   -1.201578e-06   -1.246351e-06    3.221885e-22   -1.187891e-22    9.437448e-05    9.324624e-05
   1.625000e-02   -1.233471e-06   -1.280471e-06    2.928733e-22   -1.220025e-22    9.437504e-05    9.324860e-05
   1.666667e-02   -1.265385e-06   -1.314611e-06    2.637155e-22   -1.252156e-22    9.437562e-05    9.325096e-05
   1.666667e-02   -1.265385e-06   -1.314611e-06    2.637155e-22   -1.252156e-22    9.437562e-05    9.325096e-05
   1.708333e-02   -1.352432e-06   -1.401570e-06    1.996440e-22   -1.251733e-22    9.437628e-05    9.325323e-05
   1.750000e-02   -1.439712e-06   -1.488655e-06    1.359844e-22   -1.251316e-22    9.437694e-05    9.325547e-05
   1.791667e-02   -1.527232e-06   -1.575873e-06    7.274653e-23   -1.250904e-22    9.437758e-05    9.325771e-05
   1.833333e-02   -1.614996e-06   -1.663232e-06    9.940511e-24   -1.250498e-22    9.437823e-05    9.325993e-05
   1.875000e-02   -1.703011e-06   -1.750739e-06   -5.242362e-23   -1.250097e-22    9.437886e-05    9.326213e-05
   1.916667e-02   -1.791283e-06   -1.838402e-06   -1.143358e-22   -1.249701e-22    9.437949e-05    9.326432e-05
   1.958333e-02   -1.879816e-06   -1.926229e-06   -1.757861e-22   -1.249311e-22    9.438011e-05    9.326649e-05
   2.000000e-02   -1.968617e-06   -2.014226e-06   -2.367643e-22   -1.248926e-22    9.438072e-05    9.326865e-05
   2.041667e-02   -2.057691e-06   -2.102402e-06   -2.972605e-22   -1.248546e-22    9.438132e-05    9.327080e-05
   2.083333e-02   -2.147044e-06   -2.190764e-06   -3.572645e-22   -1.248172e-22    9.438191e-05    9.327292e-05
   2.125000e-02   -2.236682e-06   -2.279319e-06   -4.167665e-22   -1.247803e-22    9.438250e-05    9.327504e-05
   2.166667e-02   -2.326611e-06   -2.368076e-06   -4.757562e-22   -1.247439e-22    9.438308e-05    9.327713e-05
   2.208333e-02   -2.416835e-06   -2.457041e-06   -5.342238e-22   -1.247081e-22    9.438364e-05    9.327921e-05
   2.250000e-02   -2.507361e-06   -2.546223e-06   -5.921590e-22   -1.246728e-22    9.438420e-05    9.328128e-05
   2.291667e-02   -2.598195e-06   -2.635629e-06   -6.495520e-22   -1.246380e-22    9.438475e-05    9.328333e-05
   2.333333e-02   -2.689342e-06   -2.725266e-06   -7.063926e-22   -1.246038e-22    9.438529e-05    9.328536e-05
   2.375000e-02   -2.780807e-06   -2.815144e-06   -7.626708e-22   -1.245701e-22    9.438581e-05    9.328737e-05
   2.416667e-02   -2.872598e-06   -2.905268e-06   -8.183765e-22   -1.245369e-22    9.438633e-05    9.328937e-05
   2.458333e-02   -2.964718e-06   -2.995647e-06   -8.734998e-22   -1.245043e-22    9.438683e-05    9.329135e-05
   2.500000e-02   -3.057175e-06   -3.086289e-06   -9.280305e-22   -1.244722e-22    9.438733e-05    9.329331e-05
   2.541667e-02   -3.149973e-06   -3.177202e-06   -9.819587e-22   -1.244406e-22    9.438781e-05    9.329525e-05
   2.583333e-02   -3.243118e-06   -3.268392e-06   -1.035274e-21   -1.244096e-22    9.438828e-05    9.329717e-05
   2.625000e-02   -3.336617e-06   -3.359869e-06   -1.087967e-21   -1.243791e-22    9.438873e-05    9.329908e-05
   2.666667e-02   -3.430474e-06   -3.451640e-06   -1.140027e-21   -1.243491e-22    9.438917e-05    9.330097e-05
   2.708333e-02   -3.524696e-06   -3.543712e-06   -1.191445e-21   -1.243197e-22    9.438960e-05    9.330283e-05
   2.750000e-02   -3.619288e-06   -3.636095e-06   -1.242210e-21   -1.242908e-22    9.439002e-05    9.330468e-05
   2.791667e-02   -3.714255e-06   -3.728795e-06   -1.292311e-21   -1.242624e-22    9.439042e-05    9.330651e-05
   2.833333e-02   -3.809604e-06   -3.821820e-06   -1.341740e-21   -1.242346e-22    9.439081e-05    9.330832e-05
   2.875000e-02   -3.905341e-06   -3.915179e-06   -1.390487e-21   -1.242073e-22    9.439118e-05    9.331011e-05
   2.916667e-02   -4.001470e-06   -4.008880e-06   -1.438540e-21   -1.241805e-22    9.439154e-05    9.331187e-05
   2.958333e-02   -4.097998e-06   -4.102930e-06   -1.485890e-21   -1.241543e-22    9.439188e-05    9.331362e-05
   3.000000e-02   -4.194930e-06   -4.197338e-06   -1.532527e-21   -1.241286e-22    9.439220e-05    9.331534e-05
   3.041667e-02   -4.292272e-06   -4.292111e-06   -1.578441e-21   -1.241034e-22    9.439251e-05    9.331704e-05
   3.083333e-02   -4.390030e-06   -4.387259e-06   -1.623622e-21   -1.240788e-22    9.439280e-05    9.331872e-05
   3.125000e-02   -4.488209e-06   -4.482788e-06   -1.668060e-21   -1.240547e-22    9.439307e-05    9.332038e-05
   3.166667e-02   -4.586815e-06   -4.578708e-06   -1.711744e-21   -1.240311e-22    9.439333e-05    9.332202e-05
   3.208333e-02   -4.685854e-06   -4.675026e-06   -1.754665e-21   -1.240081e-22    9.439357e-05    9.332363e-05
   3.250000e-02   -4.785331e-06   -4.771751e-06   -1.796813e-21   -1.239855e-22    9.439378e-05    9.332521e-05
   3.291667e-02   -4.885253e-06   -4.868891e-06   -1.838178e-21   -1.239635e-22    9.439398e-05    9.332677e-05
   3.333333e-02   -4.985624e-06   -4.966455e-06   -1.878749e-21   -1.239421e-22    9.439416e-05    9.332831e-05
   3.375000e-02   -5.086451e-06   -5.064450e-06   -1.918517e-21   -1.239212e-22    9.439432e-05    9.332982e-05
   3.416667e-02   -5.187739e-06   -5.162885e-06   -1.957471e-21   -1.239008e-22    9.439446e-05    9.333131e-05
   3.458333e-02   -5.289494e-06   -5.261768e-06   -1.995602e-21   -1.238809e-22    9.439458e-05    9.333277e-05
   3.500000e-02   -5.391722e-06   -5.361109e-06   -2.032900e-21   -1.238616e-22    9.439467e-05    9.333420e-05
   3.541667e-02   -5.494428e-06   -5.460915e-06   -2.069353e-21   -1.238428e-22    9.439475e-05    9.333561e-05
   3.583333e-02   -5.597618e-06   -5.561195e-06   -2.104953e-21   -1.238245e-22    9.439480e-05    9.333699e-05
   3.625000e-02   -5.701297e-06   -5.661958e-06   -2.139690e-21   -1.238068e-22    9.439483e-05    9.333834e-05
   3.666667e-02   -5.805472e-06   -5.763212e-06   -2.173552e-21   -1.237896e-22    9.439483e-05    9.333966e-05
   3.708333e-02   -5.910148e-06   -5.864966e-06   -2.206531e-21   -1.237729e-22    9.439481e-05    9.334096e-05
   3.750000e-02   -6.015331e-06   -5.967229e-06   -2.238616e-21   -1.237567e-22    9.439477e-05    9.334222e-05
   3.791667e-02   -6.121027e-06   -6.070009e-06   -2.269798e-21   -1.237411e-22    9.439470e-05    9.334346e-05
   3.833333e-02   -6.227240e-06   -6.173315e-06   -2.300065e-21   -1.237260e-22    9.439461e-05    9.334466e-05
   3.875000e-02   -6.333978e-06   -6.277156e-06   -2.329408e-21   -1.237115e-22    9.439449e-05    9.334583e-05
   3.916667e-02   -6.441244e-06   -6.381541e-06   -2.357818e-21   -1.236974e-22    9.439434e-05    9.334697e-05
   3.958333e-02   -6.549047e-06   -6.486479e-06   -2.385283e-21   -1.236839e-22    9.439416e-05    9.334808e-05
   4.000000e-02   -6.657390e-06   -6.591979e-06   -2.411794e-21   -1.236710e-22    9.439396e-05    9.334916e-05
   4.041667e-02   -6.766280e-06   -6.698050e-06   -2.437342e-21   -1.236585e-22    9.439373e-05    9.335020e-05
   4.083333e-02   -6.875722e-06   -6.804701e-06   -2.461915e-21   -1.236466e-22    9.439347e-05    9.335121e-05
   4.125000e-02   -6.985722e-06   -6.911940e-06   -2.485504e-21   -1.236352e-22    9.439318e-05    9.335219e-05
   4.166667e-02   -7.096286e-06   -7.019778e-06   -2.508098e-21   -1.236244e-22    9.439286e-05    9.335312e-05
   4.208333e-02   -7.207419e-06   -7.128224e-06   -2.529689e-21   -1.236141e-22    9.439251e-05    9.335403e-05
   4.250000e-02   -7.319127e-06   -7.237286e-06   -2.550265e-21   -1.236043e-22    9.439213e-05    9.335489e-05
   4.291667e-02   -7.431416e-06   -7.346974e-06   -2.569816e-21   -1.235950e-22    9.439172e-05    9.335572e-05
   4.333333e-02   -7.544292e-06   -7.457298e-06   -2.588334e-21   -1.235863e-22    9.439127e-05    9.335652e-05
   4.375000e-02   -7.657760e-06   -7.568267e-06   -2.605806e-21   -1.235781e-22    9.439079e-05    9.335727e-05
   4.416667e-02   -7.771826e-06   -7.679890e-06   -2.622225e-21   -1.235704e-22    9.439028e-05    9.335799e-05
   4.458333e-02   -7.886495e-06   -7.792177e-06   -2.637578e-21   -1.235633e-22    9.438973e-05    9.335866e-05
   4.500000e-02   -8.001774e-06   -7.905137e-06   -2.651858e-21   -1.235567e-22    9.438915e-05    9.335930e-05
   4.541667e-02   -8.117667e-06   -8.018781e-06   -2.665052e-21   -1.235506e-22    9.438853e-05    9.335989e-05
   4.583333e-02   -8.234181e-06   -8.133117e-06   -2.677152e-21   -1.235450e-22    9.438788e-05    9.336044e-05
   4.625000e-02   -8.351322e-06   -8.248156e-06   -2.688147e-21   -1.235400e-22    9.438719e-05    9.336095e-05
   4.666667e-02   -8.469095e-06   -8.363908e-06   -2.698028e-21   -1.235355e-22    9.438646e-05    9.336142e-05
   4.708333e-02   -8.587505e-06   -8.480382e-06   -2.706783e-21   -1.235315e-22    9.438570e-05    9.336184e-05
   4.750000e-02   -8.706559e-06   -8.597588e-06   -2.714404e-21   -1.235281e-22    9.438489e-05    9.336222e-05
   4.791667e-02   -8.826262e-06   -8.715536e-06   -2.720880e-21   -1.235252e-22    9.438405e-05    9.336255e-05
   4.833333e-02   -8.946619e-06   -8.834237e-06   -2.726201e-21   -1.235228e-22    9.438317e-05    9.336284e-05
   4.875000e-02   -9.067638e-06   -8.953700e-06   -2.730357e-21   -1.235209e-22    9.438224e-05    9.336308e-05
   4.916667e-02   -9.189322e-06   -9.073937e-06   -2.733338e-21   -1.235196e-22    9.438128e-05    9.336327e-05
   4.958333e-02   -9.311679e-06   -9.194956e-06   -2.735134e-21   -1.235188e-22    9.438027e-05    9.336341e-05
   5.000000e-02   -9.434713e-06   -9.316768e-06   -2.735735e-21   -1.235186e-22    9.437922e-05    9.336351e-05
