# garg caseA [0/90/0], S = a/h = 10 -- FULL-FIELD recovery vs exact Pagano (all 6 stresses + 3 disp)
# u^2d from: Abaqus RM shell (fit residual 3.0e-08)
# stations: s11/s22/s12/s33/U3 at x = a/2; s13/s23/U1/U2 at x = 0
# face load ladders: qt = 1 q0 (top), qb = 0 q0 (bottom)
# s33 = equilibrium integration (plotted); DIRECT Eq.-66 route with
# the load columns: faces machine-exact (bottom -4.44e-08, top 1e+04 target
#   0 / 1e+04), interior rel-L2 15.060%
# 
# rel L2 errors vs exact [%] (near-zero exact fields floored):
#   s11   1.997  s22   5.596  s12   0.000  s13   4.521  s23   0.000  s33   1.286
#   U1   1.475  U2   0.000  U3   1.292
# 
# columns: z[m]  then (rec, exact) pairs for s11 s22 s12 s13 s23 s33 U1 U2 U3
  -5.000000e-02   -7.514457e+05   -7.363036e+05   -7.514457e+03   -7.363036e+03   -2.283141e-12   -2.050710e-13    1.984571e-06    2.298654e-06    1.685189e-26    6.442484e-25    0.000000e+00    1.457162e-09    9.407544e-06    9.351472e-06    1.354058e-22    1.305522e-22    9.411440e-05    9.289381e-05
  -4.958333e-02   -7.416929e+05   -7.267605e+05   -7.421411e+03   -7.267448e+03   -2.285684e-12   -2.050714e-13    8.234834e+02    9.575665e+02    8.035383e-18    2.684375e-16    5.389686e-01    6.280885e-01    9.284731e-06    9.230272e-06    1.354058e-22    1.305525e-22    9.411828e-05    9.289762e-05
  -4.916667e-02   -7.319931e+05   -7.172791e+05   -7.328628e+03   -7.172165e+03   -2.288228e-12   -2.050727e-13    1.640075e+03    1.902682e+03    1.607077e-17    5.368761e-16    2.151363e+00    2.501470e+00    9.162596e-06    9.109859e-06    1.354059e-22    1.305534e-22    9.412211e-05    9.290138e-05
  -4.875000e-02   -7.223458e+05   -7.078584e+05   -7.236106e+03   -7.077183e+03   -2.290771e-12   -2.050749e-13    2.449774e+03    2.835425e+03    2.410615e-17    8.053170e-16    4.828163e+00    5.603899e+00    9.041135e-06    8.990224e-06    1.354059e-22    1.305548e-22    9.412588e-05    9.290509e-05
  -4.833333e-02   -7.127507e+05   -6.984978e+05   -7.143841e+03   -6.982499e+03   -2.293315e-12   -2.050780e-13    3.252580e+03    3.755877e+03    3.214153e-17    1.073761e-15    8.560345e+00    9.919233e+00    8.920342e-06    8.871356e-06    1.354060e-22    1.305567e-22    9.412959e-05    9.290876e-05
  -4.791667e-02   -7.032073e+05   -6.891965e+05   -7.051832e+03   -6.888107e+03   -2.295858e-12   -2.050820e-13    4.048495e+03    4.664114e+03    4.017692e-17    1.342210e-15    1.333889e+01    1.543143e+01    8.800210e-06    8.753246e-06    1.354060e-22    1.305592e-22    9.413325e-05    9.291238e-05
  -4.750000e-02   -6.937151e+05   -6.799536e+05   -6.960076e+03   -6.794005e+03   -2.298402e-12   -2.050868e-13    4.837518e+03    5.560215e+03    4.821230e-17    1.610665e-15    1.915477e+01    2.212456e+01    8.680735e-06    8.635883e-06    1.354061e-22    1.305623e-22    9.413686e-05    9.291595e-05
  -4.708333e-02   -6.842737e+05   -6.707684e+05   -6.868572e+03   -6.700188e+03   -2.300945e-12   -2.050925e-13    5.619648e+03    6.444254e+03    5.624768e-17    1.879127e-15    2.599897e+01    2.998278e+01    8.561910e-06    8.519256e-06    1.354062e-22    1.305659e-22    9.414041e-05    9.291948e-05
  -4.666667e-02   -6.748826e+05   -6.616400e+05   -6.777317e+03   -6.606653e+03   -2.303489e-12   -2.050991e-13    6.394886e+03    7.316307e+03    6.428306e-17    2.147596e-15    3.386246e+01    3.899035e+01    8.443730e-06    8.403357e-06    1.354064e-22    1.305701e-22    9.414390e-05    9.292296e-05
  -4.625000e-02   -6.655414e+05   -6.525678e+05   -6.686308e+03   -6.513395e+03   -2.306032e-12   -2.051066e-13    7.163232e+03    8.176448e+03    7.231845e-17    2.416075e-15    4.273623e+01    4.913163e+01    8.326188e-06    8.288175e-06    1.354065e-22    1.305749e-22    9.414735e-05    9.292640e-05
  -4.583333e-02   -6.562496e+05   -6.435509e+05   -6.595545e+03   -6.420412e+03   -2.308576e-12   -2.051149e-13    7.924686e+03    9.024750e+03    8.035383e-17    2.684565e-15    5.261125e+01    6.039107e+01    8.209280e-06    8.173700e-06    1.354067e-22    1.305802e-22    9.415074e-05    9.292980e-05
  -4.541667e-02   -6.470069e+05   -6.345886e+05   -6.505023e+03   -6.327698e+03   -2.311119e-12   -2.051241e-13    8.679247e+03    9.861284e+03    8.838921e-17    2.953065e-15    6.347850e+01    7.275323e+01    8.093000e-06    8.059923e-06    1.354068e-22    1.305861e-22    9.415408e-05    9.293315e-05
  -4.500000e-02   -6.378127e+05   -6.256802e+05   -6.414742e+03   -6.235251e+03   -2.313663e-12   -2.051342e-13    9.426917e+03    1.068612e+04    9.642460e-17    3.221579e-15    7.532895e+01    8.620275e+01    7.977341e-06    7.946834e-06    1.354070e-22    1.305925e-22    9.415737e-05    9.293646e-05
  -4.458333e-02   -6.286666e+05   -6.168248e+05   -6.324699e+03   -6.143066e+03   -2.316206e-12   -2.051452e-13    1.016769e+04    1.149933e+04    1.044600e-16    3.490106e-15    8.815360e+01    1.007244e+02    7.862298e-06    7.834423e-06    1.354073e-22    1.305995e-22    9.416061e-05    9.293974e-05
  -4.416667e-02   -6.195682e+05   -6.080217e+05   -6.234892e+03   -6.051141e+03   -2.318750e-12   -2.051571e-13    1.090158e+04    1.230099e+04    1.124954e-16    3.758648e-15    1.019434e+02    1.163029e+02    7.747866e-06    7.722681e-06    1.354075e-22    1.306071e-22    9.416380e-05    9.294297e-05
  -4.375000e-02   -6.105170e+05   -5.992701e+05   -6.145318e+03   -5.959470e+03   -2.321293e-12   -2.051698e-13    1.162857e+04    1.309115e+04    1.205307e-16    4.027206e-15    1.166894e+02    1.329233e+02    7.634038e-06    7.611598e-06    1.354077e-22    1.306152e-22    9.416694e-05    9.294616e-05
  -4.333333e-02   -6.015125e+05   -5.905694e+05   -6.055976e+03   -5.868051e+03   -2.323837e-12   -2.051834e-13    1.234867e+04    1.386990e+04    1.285661e-16    4.295782e-15    1.323824e+02    1.505705e+02    7.520809e-06    7.501164e-06    1.354080e-22    1.306238e-22    9.417004e-05    9.294932e-05
  -4.291667e-02   -5.925544e+05   -5.819188e+05   -5.966863e+03   -5.776880e+03   -2.326380e-12   -2.051979e-13    1.306188e+04    1.463728e+04    1.366015e-16    4.564376e-15    1.490136e+02    1.692296e+02    7.408174e-06    7.391370e-06    1.354083e-22    1.306331e-22    9.417308e-05    9.295243e-05
  -4.250000e-02   -5.836422e+05   -5.733175e+05   -5.877977e+03   -5.685953e+03   -2.328924e-12   -2.052133e-13    1.376820e+04    1.539338e+04    1.446369e-16    4.832989e-15    1.665738e+02    1.888859e+02    7.296125e-06    7.282207e-06    1.354085e-22    1.306429e-22    9.417608e-05    9.295551e-05
  -4.208333e-02   -5.747755e+05   -5.647648e+05   -5.789315e+03   -5.595267e+03   -2.331468e-12   -2.052296e-13    1.446762e+04    1.613825e+04    1.526723e-16    5.101623e-15    1.850541e+02    2.095245e+02    7.184659e-06    7.173666e-06    1.354089e-22    1.306532e-22    9.417903e-05    9.295855e-05
  -4.166667e-02   -5.659537e+05   -5.562601e+05   -5.700876e+03   -5.504818e+03   -2.334011e-12   -2.052467e-13    1.516015e+04    1.687195e+04    1.607077e-16    5.370279e-15    2.044455e+02    2.311308e+02    7.073768e-06    7.065736e-06    1.354092e-22    1.306641e-22    9.418194e-05    9.296156e-05
  -4.125000e-02   -5.571764e+05   -5.478025e+05   -5.612658e+03   -5.414602e+03   -2.336555e-12   -2.052647e-13    1.584579e+04    1.759455e+04    1.687430e-16    5.638958e-15    2.247388e+02    2.536903e+02    6.963448e-06    6.958410e-06    1.354095e-22    1.306756e-22    9.418480e-05    9.296453e-05
  -4.083333e-02   -5.484433e+05   -5.393913e+05   -5.524657e+03   -5.324616e+03   -2.339098e-12   -2.052836e-13    1.652454e+04    1.830611e+04    1.767784e-16    5.907661e-15    2.459252e+02    2.771884e+02    6.853692e-06    6.851677e-06    1.354099e-22    1.306876e-22    9.418761e-05    9.296746e-05
  -4.041667e-02   -5.397538e+05   -5.310259e+05   -5.436873e+03   -5.234856e+03   -2.341642e-12   -2.053034e-13    1.719640e+04    1.900669e+04    1.848138e-16    6.176390e-15    2.679955e+02    3.016108e+02    6.744495e-06    6.745529e-06    1.354103e-22    1.307002e-22    9.419038e-05    9.297036e-05
  -4.000000e-02   -5.311075e+05   -5.227055e+05   -5.349302e+03   -5.145319e+03   -2.344185e-12   -2.053240e-13    1.786136e+04    1.969636e+04    1.928492e-16    6.445145e-15    2.909407e+02    3.269431e+02    6.635851e-06    6.639956e-06    1.354107e-22    1.307133e-22    9.419311e-05    9.297323e-05
  -3.958333e-02   -5.225040e+05   -5.144295e+05   -5.261942e+03   -5.056002e+03   -2.346729e-12   -2.053456e-13    1.851943e+04    2.037515e+04    2.008846e-16    6.713927e-15    3.147519e+02    3.531710e+02    6.527754e-06    6.534950e-06    1.354111e-22    1.307270e-22    9.419580e-05    9.297606e-05
  -3.916667e-02   -5.139428e+05   -5.061970e+05   -5.174792e+03   -4.966900e+03   -2.349272e-12   -2.053680e-13    1.917061e+04    2.104315e+04    2.089200e-16    6.982738e-15    3.394200e+02    3.802804e+02    6.420199e-06    6.430501e-06    1.354115e-22    1.307413e-22    9.419844e-05    9.297886e-05
  -3.875000e-02   -5.054235e+05   -4.980075e+05   -5.087849e+03   -4.878011e+03   -2.351816e-12   -2.053913e-13    1.981490e+04    2.170039e+04    2.169553e-16    7.251580e-15    3.649359e+02    4.082571e+02    6.313179e-06    6.326601e-06    1.354119e-22    1.307561e-22    9.420104e-05    9.298163e-05
  -3.833333e-02   -4.969456e+05   -4.898602e+05   -5.001110e+03   -4.789330e+03   -2.354359e-12   -2.054154e-13    2.045229e+04    2.234695e+04    2.249907e-16    7.520452e-15    3.912907e+02    4.370872e+02    6.206690e-06    6.223240e-06    1.354124e-22    1.307715e-22    9.420360e-05    9.298437e-05
  -3.791667e-02   -4.885087e+05   -4.817544e+05   -4.914574e+03   -4.700855e+03   -2.356903e-12   -2.054405e-13    2.108280e+04    2.298286e+04    2.330261e-16    7.789356e-15    4.184754e+02    4.667567e+02    6.100726e-06    6.120410e-06    1.354129e-22    1.307875e-22    9.420612e-05    9.298708e-05
  -3.750000e-02   -4.801123e+05   -4.736895e+05   -4.828239e+03   -4.612582e+03   -2.359446e-12   -2.054664e-13    2.170641e+04    2.360819e+04    2.410615e-16    8.058294e-15    4.464808e+02    4.972516e+02    5.995279e-06    6.018102e-06    1.354134e-22    1.308040e-22    9.420860e-05    9.298975e-05
  -3.708333e-02   -4.717560e+05   -4.656647e+05   -4.742102e+03   -4.524507e+03   -2.361990e-12   -2.054932e-13    2.232312e+04    2.422300e+04    2.490969e-16    8.327267e-15    4.752981e+02    5.285582e+02    5.890346e-06    5.916307e-06    1.354139e-22    1.308211e-22    9.421104e-05    9.299240e-05
  -3.666667e-02   -4.634394e+05   -4.576794e+05   -4.656160e+03   -4.436628e+03   -2.364533e-12   -2.055209e-13    2.293295e+04    2.482732e+04    2.571323e-16    8.596275e-15    5.049181e+02    5.606627e+02    5.785920e-06    5.815017e-06    1.354144e-22    1.308387e-22    9.421343e-05    9.299502e-05
  -3.625000e-02   -4.551619e+05   -4.497329e+05   -4.570413e+03   -4.348941e+03   -2.367077e-12   -2.055495e-13    2.353588e+04    2.542121e+04    2.651676e-16    8.865319e-15    5.353319e+02    5.935514e+02    5.681996e-06    5.714223e-06    1.354150e-22    1.308569e-22    9.421580e-05    9.299761e-05
  -3.583333e-02   -4.469233e+05   -4.418245e+05   -4.484857e+03   -4.261442e+03   -2.369620e-12   -2.055789e-13    2.413193e+04    2.600473e+04    2.732030e-16    9.134402e-15    5.665304e+02    6.272107e+02    5.578567e-06    5.613916e-06    1.354155e-22    1.308756e-22    9.421812e-05    9.300017e-05
  -3.541667e-02   -4.387229e+05   -4.339536e+05   -4.399490e+03   -4.174129e+03   -2.372164e-12   -2.056093e-13    2.472107e+04    2.657792e+04    2.812384e-16    9.403524e-15    5.985046e+02    6.616271e+02    5.475629e-06    5.514088e-06    1.354161e-22    1.308949e-22    9.422040e-05    9.300270e-05
  -3.500000e-02   -4.305604e+05   -4.261194e+05   -4.314310e+03   -4.086997e+03   -2.374707e-12   -2.056405e-13    2.530333e+04    2.714084e+04    2.892738e-16    9.672686e-15    6.312455e+02    6.967871e+02    5.373174e-06    5.414729e-06    1.354167e-22    1.309148e-22    9.422265e-05    9.300520e-05
  -3.458333e-02   -4.224353e+05   -4.183213e+05   -4.229316e+03   -4.000044e+03   -2.377251e-12   -2.056726e-13    2.587870e+04    2.769352e+04    2.973092e-16    9.941890e-15    6.647441e+02    7.326772e+02    5.271198e-06    5.315832e-06    1.354173e-22    1.309352e-22    9.422486e-05    9.300768e-05
  -3.416667e-02   -4.143472e+05   -4.105587e+05   -4.144504e+03   -3.913266e+03   -2.379794e-12   -2.057056e-13    2.644717e+04    2.823602e+04    3.053446e-16    1.021114e-14    6.989913e+02    7.692841e+02    5.169695e-06    5.217389e-06    1.354179e-22    1.309562e-22    9.422703e-05    9.301013e-05
  -3.375000e-02   -4.062956e+05   -4.028309e+05   -4.059872e+03   -3.826661e+03   -2.382338e-12   -2.057394e-13    2.700875e+04    2.876837e+04    3.133799e-16    1.048043e-14    7.339781e+02    8.065945e+02    5.068660e-06    5.119390e-06    1.354186e-22    1.309778e-22    9.422917e-05    9.301256e-05
  -3.333333e-02   -3.982801e+05   -3.951373e+05   -3.975419e+03   -3.740224e+03   -2.384881e-12   -2.057742e-13    2.756344e+04    2.929064e+04    3.214153e-16    1.074976e-14    7.696955e+02    8.445951e+02    4.968085e-06    5.021827e-06    1.354192e-22    1.309999e-22    9.423128e-05    9.301496e-05
  -3.291667e-02   -3.903002e+05   -3.874771e+05   -3.891142e+03   -3.653953e+03   -2.387425e-12   -2.058098e-13    2.811124e+04    2.980286e+04    3.294507e-16    1.101914e-14    8.061345e+02    8.832728e+02    4.867966e-06    4.924692e-06    1.354199e-22    1.310226e-22    9.423334e-05    9.301733e-05
  -3.250000e-02   -3.823555e+05   -3.798497e+05   -3.807038e+03   -3.567844e+03   -2.389968e-12   -2.058463e-13    2.865214e+04    3.030507e+04    3.374861e-16    1.128857e-14    8.432861e+02    9.226145e+02    4.768297e-06    4.827977e-06    1.354206e-22    1.310458e-22    9.423538e-05    9.301969e-05
  -3.208333e-02   -3.744456e+05   -3.722545e+05   -3.723106e+03   -3.481894e+03   -2.392512e-12   -2.058837e-13    2.918615e+04    3.079731e+04    3.455215e-16    1.155805e-14    8.811411e+02    9.626069e+02    4.669073e-06    4.731673e-06    1.354213e-22    1.310696e-22    9.423738e-05    9.302201e-05
  -3.166667e-02   -3.665700e+05   -3.646909e+05   -3.639344e+03   -3.396100e+03   -2.395055e-12   -2.059219e-13    2.971327e+04    3.127964e+04    3.535569e-16    1.182757e-14    9.196907e+02    1.003237e+03    4.570287e-06    4.635772e-06    1.354220e-22    1.310940e-22    9.423935e-05    9.302432e-05
  -3.125000e-02   -3.587282e+05   -3.571581e+05   -3.555749e+03   -3.310458e+03   -2.397599e-12   -2.059611e-13    3.023350e+04    3.175209e+04    3.615922e-16    1.209715e-14    9.589258e+02    1.044493e+03    4.471933e-06    4.540266e-06    1.354228e-22    1.311189e-22    9.424128e-05    9.302660e-05
  -3.083333e-02   -3.509198e+05   -3.496556e+05   -3.472319e+03   -3.224966e+03   -2.400142e-12   -2.060011e-13    3.074684e+04    3.221469e+04    3.696276e-16    1.236678e-14    9.988373e+02    1.086360e+03    4.374007e-06    4.445146e-06    1.354235e-22    1.311444e-22    9.424318e-05    9.302885e-05
  -3.041667e-02   -3.431444e+05   -3.421827e+05   -3.389051e+03   -3.139621e+03   -2.402686e-12   -2.060420e-13    3.125328e+04    3.266749e+04    3.776630e-16    1.263646e-14    1.039416e+03    1.128826e+03    4.276501e-06    4.350405e-06    1.354243e-22    1.311704e-22    9.424505e-05    9.303109e-05
  -3.000000e-02   -3.354015e+05   -3.347388e+05   -3.305944e+03   -3.054418e+03   -2.405229e-12   -2.060838e-13    3.175283e+04    3.311054e+04    3.856984e-16    1.290620e-14    1.080654e+03    1.171879e+03    4.179412e-06    4.256034e-06    1.354251e-22    1.311970e-22    9.424689e-05    9.303330e-05
  -2.958333e-02   -3.276907e+05   -3.273232e+05   -3.222996e+03   -2.969356e+03   -2.407773e-12   -2.061265e-13    3.224549e+04    3.354385e+04    3.937338e-16    1.317599e-14    1.122541e+03    1.215505e+03    4.082732e-06    4.162026e-06    1.354259e-22    1.312242e-22    9.424870e-05    9.303549e-05
  -2.916667e-02   -3.200115e+05   -3.199354e+05   -3.140203e+03   -2.884431e+03   -2.410316e-12   -2.061700e-13    3.273126e+04    3.396748e+04    4.017692e-16    1.344583e-14    1.165068e+03    1.259692e+03    3.986456e-06    4.068372e-06    1.354268e-22    1.312519e-22    9.425047e-05    9.303766e-05
  -2.875000e-02   -3.123635e+05   -3.125746e+05   -3.057565e+03   -2.799639e+03   -2.412860e-12   -2.062145e-13    3.321013e+04    3.438145e+04    4.098045e-16    1.371574e-14    1.208226e+03    1.304428e+03    3.890579e-06    3.975064e-06    1.354276e-22    1.312802e-22    9.425222e-05    9.303981e-05
  -2.833333e-02   -3.047462e+05   -3.052403e+05   -2.975078e+03   -2.714978e+03   -2.415403e-12   -2.062598e-13    3.368211e+04    3.478581e+04    4.178399e-16    1.398570e-14    1.252007e+03    1.349698e+03    3.795094e-06    3.882094e-06    1.354285e-22    1.313091e-22    9.425393e-05    9.304193e-05
  -2.791667e-02   -2.971592e+05   -2.979318e+05   -2.892740e+03   -2.630445e+03   -2.417947e-12   -2.063060e-13    3.414720e+04    3.518058e+04    4.258753e-16    1.425573e-14    1.296401e+03    1.395492e+03    3.699997e-06    3.789454e-06    1.354293e-22    1.313385e-22    9.425562e-05    9.304404e-05
  -2.750000e-02   -2.896021e+05   -2.906485e+05   -2.810550e+03   -2.546036e+03   -2.420490e-12   -2.063531e-13    3.460540e+04    3.556580e+04    4.339107e-16    1.452581e-14    1.341400e+03    1.441797e+03    3.605280e-06    3.697137e-06    1.354302e-22    1.313685e-22    9.425727e-05    9.304613e-05
  -2.708333e-02   -2.820744e+05   -2.833898e+05   -2.728505e+03   -2.461749e+03   -2.423034e-12   -2.064011e-13    3.505671e+04    3.594151e+04    4.419461e-16    1.479596e-14    1.386994e+03    1.488599e+03    3.510939e-06    3.605134e-06    1.354312e-22    1.313990e-22    9.425890e-05    9.304819e-05
  -2.666667e-02   -2.745756e+05   -2.761551e+05   -2.646603e+03   -2.377580e+03   -2.425578e-12   -2.064499e-13    3.550112e+04    3.630773e+04    4.499814e-16    1.506617e-14    1.433174e+03    1.535887e+03    3.416967e-06    3.513437e-06    1.354321e-22    1.314301e-22    9.426050e-05    9.305024e-05
  -2.625000e-02   -2.671053e+05   -2.689438e+05   -2.564842e+03   -2.293526e+03   -2.428121e-12   -2.064997e-13    3.593864e+04    3.666449e+04    4.580168e-16    1.533644e-14    1.479931e+03    1.583649e+03    3.323360e-06    3.422039e-06    1.354330e-22    1.314618e-22    9.426207e-05    9.305227e-05
  -2.583333e-02   -2.596631e+05   -2.617552e+05   -2.483218e+03   -2.209584e+03   -2.430665e-12   -2.065503e-13    3.636927e+04    3.701183e+04    4.660522e-16    1.560678e-14    1.527256e+03    1.631871e+03    3.230111e-06    3.330932e-06    1.354340e-22    1.314940e-22    9.426361e-05    9.305428e-05
  -2.541667e-02   -2.522485e+05   -2.545887e+05   -2.401731e+03   -2.125752e+03   -2.433208e-12   -2.066018e-13    3.679301e+04    3.734977e+04    4.740876e-16    1.587719e-14    1.575141e+03    1.680541e+03    3.137214e-06    3.240107e-06    1.354350e-22    1.315268e-22    9.426513e-05    9.305627e-05
  -2.500000e-02   -2.448611e+05   -2.474438e+05   -2.320379e+03   -2.042026e+03   -2.435752e-12   -2.066542e-13    3.720986e+04    3.767835e+04    4.821230e-16    1.614767e-14    1.623576e+03    1.729648e+03    3.044664e-06    3.149558e-06    1.354360e-22    1.315602e-22    9.426662e-05    9.305825e-05
  -2.458333e-02   -2.375004e+05   -2.403198e+05   -2.239157e+03   -1.958403e+03   -2.438295e-12   -2.067075e-13    3.761981e+04    3.799759e+04    4.901584e-16    1.641821e-14    1.672551e+03    1.779179e+03    2.952456e-06    3.059276e-06    1.354370e-22    1.315941e-22    9.426808e-05    9.306020e-05
  -2.416667e-02   -2.301660e+05   -2.332161e+05   -2.158066e+03   -1.874881e+03   -2.440839e-12   -2.067617e-13    3.802287e+04    3.830751e+04    4.981937e-16    1.668883e-14    1.722059e+03    1.829121e+03    2.860582e-06    2.969254e-06    1.354380e-22    1.316286e-22    9.426952e-05    9.306214e-05
  -2.375000e-02   -2.228574e+05   -2.261321e+05   -2.077102e+03   -1.791455e+03   -2.443382e-12   -2.068168e-13    3.841904e+04    3.860816e+04    5.062291e-16    1.695951e-14    1.772091e+03    1.879464e+03    2.769038e-06    2.879483e-06    1.354391e-22    1.316636e-22    9.427093e-05    9.306406e-05
  -2.333333e-02   -2.155743e+05   -2.190672e+05   -1.996262e+03   -1.708124e+03   -2.445926e-12   -2.068727e-13    3.880832e+04    3.889954e+04    5.142645e-16    1.723027e-14    1.822636e+03    1.930193e+03    2.677818e-06    2.789957e-06    1.354401e-22    1.316993e-22    9.427231e-05    9.306596e-05
  -2.291667e-02   -2.083160e+05   -2.120208e+05   -1.915546e+03   -1.624883e+03   -2.448469e-12   -2.069295e-13    3.919070e+04    3.918168e+04    5.222999e-16    1.750110e-14    1.873686e+03    1.981298e+03    2.586917e-06    2.700667e-06    1.354412e-22    1.317354e-22    9.427367e-05    9.306785e-05
  -2.250000e-02   -2.010823e+05   -2.049923e+05   -1.834951e+03   -1.541731e+03   -2.451013e-12   -2.069872e-13    3.956619e+04    3.945461e+04    5.303353e-16    1.777201e-14    1.925232e+03    2.032767e+03    2.496327e-06    2.611606e-06    1.354423e-22    1.317722e-22    9.427501e-05    9.306972e-05
  -2.208333e-02   -1.938726e+05   -1.979811e+05   -1.754474e+03   -1.458665e+03   -2.453556e-12   -2.070458e-13    3.993479e+04    3.971836e+04    5.383707e-16    1.804299e-14    1.977266e+03    2.084586e+03    2.406045e-06    2.522766e-06    1.354434e-22    1.318095e-22    9.427632e-05    9.307157e-05
  -2.166667e-02   -1.866865e+05   -1.909867e+05   -1.674113e+03   -1.375680e+03   -2.456100e-12   -2.071053e-13    4.029650e+04    3.997293e+04    5.464060e-16    1.831406e-14    2.029777e+03    2.136745e+03    2.316063e-06    2.434140e-06    1.354445e-22    1.318474e-22    9.427760e-05    9.307341e-05
  -2.125000e-02   -1.795236e+05   -1.840083e+05   -1.593867e+03   -1.292775e+03   -2.458643e-12   -2.071657e-13    4.065132e+04    4.021837e+04    5.544414e-16    1.858520e-14    2.082757e+03    2.189231e+03    2.226377e-06    2.345720e-06    1.354457e-22    1.318858e-22    9.427886e-05    9.307523e-05
  -2.083333e-02   -1.723834e+05   -1.770454e+05   -1.513732e+03   -1.209946e+03   -2.461187e-12   -2.072270e-13    4.099924e+04    4.045467e+04    5.624768e-16    1.885642e-14    2.136197e+03    2.242032e+03    2.136980e-06    2.257498e-06    1.354469e-22    1.319248e-22    9.428010e-05    9.307704e-05
  -2.041667e-02   -1.652655e+05   -1.700975e+05   -1.433707e+03   -1.127191e+03   -2.463730e-12   -2.072891e-13    4.134027e+04    4.068188e+04    5.705122e-16    1.912772e-14    2.190088e+03    2.295137e+03    2.047867e-06    2.169467e-06    1.354480e-22    1.319644e-22    9.428132e-05    9.307883e-05
  -2.000000e-02   -1.581694e+05   -1.631639e+05   -1.353789e+03   -1.044506e+03   -2.466274e-12   -2.073522e-13    4.167441e+04    4.089999e+04    5.785476e-16    1.939910e-14    2.244421e+03    2.348533e+03    1.959032e-06    2.081619e-06    1.354492e-22    1.320045e-22    9.428251e-05    9.308060e-05
  -1.958333e-02   -1.510947e+05   -1.562441e+05   -1.273977e+03   -9.618887e+02   -2.468817e-12   -2.074161e-13    4.200166e+04    4.110904e+04    5.865830e-16    1.967056e-14    2.299187e+03    2.402209e+03    1.870469e-06    1.993946e-06    1.354504e-22    1.320452e-22    9.428368e-05    9.308236e-05
  -1.916667e-02   -1.440409e+05   -1.493374e+05   -1.194267e+03   -8.793359e+02   -2.471361e-12   -2.074809e-13    4.232201e+04    4.130904e+04    5.946183e-16    1.994211e-14    2.354377e+03    2.456153e+03    1.782173e-06    1.906442e-06    1.354517e-22    1.320864e-22    9.428482e-05    9.308411e-05
  -1.875000e-02   -1.370077e+05   -1.424433e+05   -1.114659e+03   -7.968449e+02   -2.473904e-12   -2.075466e-13    4.263547e+04    4.150001e+04    6.026537e-16    2.021375e-14    2.409981e+03    2.510352e+03    1.694138e-06    1.819099e-06    1.354529e-22    1.321283e-22    9.428595e-05    9.308584e-05
  -1.833333e-02   -1.299944e+05   -1.355612e+05   -1.035149e+03   -7.144126e+02   -2.476448e-12   -2.076132e-13    4.294204e+04    4.168197e+04    6.106891e-16    2.048547e-14    2.465992e+03    2.564796e+03    1.606358e-06    1.731908e-06    1.354542e-22    1.321707e-22    9.428705e-05    9.308755e-05
  -1.791667e-02   -1.230008e+05   -1.286904e+05   -9.557349e+02   -6.320363e+02   -2.478991e-12   -2.076807e-13    4.324172e+04    4.185492e+04    6.187245e-16    2.075728e-14    2.522399e+03    2.619471e+03    1.518827e-06    1.644863e-06    1.354555e-22    1.322136e-22    9.428813e-05    9.308925e-05
  -1.750000e-02   -1.160263e+05   -1.218305e+05   -8.764154e+02   -5.497129e+02   -2.481535e-12   -2.077491e-13    4.353451e+04    4.201888e+04    6.267599e-16    2.102917e-14    2.579194e+03    2.674368e+03    1.431540e-06    1.557957e-06    1.354568e-22    1.322572e-22    9.428919e-05    9.309094e-05
  -1.708333e-02   -1.090705e+05   -1.149808e+05   -7.971878e+02   -4.674395e+02   -2.484078e-12   -2.078183e-13    4.382040e+04    4.217387e+04    6.347953e-16    2.130116e-14    2.636367e+03    2.729473e+03    1.344491e-06    1.471181e-06    1.354581e-22    1.323013e-22    9.429022e-05    9.309261e-05
  -1.666667e-02   -1.021330e+05   -1.081407e+05   -7.180500e+02   -3.852134e+02   -2.486622e-12   -2.078885e-13    4.409940e+04    4.231990e+04    6.428306e-16    2.157324e-14    2.693911e+03    2.784775e+03    1.257675e-06    1.384528e-06    1.354594e-22    1.323459e-22    9.429124e-05    9.309427e-05
  -1.666667e-02   -3.793441e+03   -3.655607e+03   -6.450803e+02   -2.177081e+02   -2.544297e-12   -2.637155e-13    4.409940e+04    4.231990e+04    6.428306e-16    2.157324e-14    2.693911e+03    2.784775e+03    1.257675e-06    1.384528e-06    1.354594e-22    1.323459e-22    9.429124e-05    9.309427e-05
  -1.625000e-02   -3.666307e+03   -3.535479e+03   -5.898490e+02   -1.738261e+02   -2.539638e-12   -2.568435e-13    4.411107e+04    4.232461e+04    7.993181e-16    2.191395e-14    2.751644e+03    2.840174e+03    1.226107e-06    1.350838e-06    1.320842e-22    1.291247e-22    9.429216e-05    9.309582e-05
  -1.583333e-02   -3.539236e+03   -3.415373e+03   -5.346296e+02   -1.299483e+02   -2.534978e-12   -2.499718e-13    4.412246e+04    4.232916e+04    9.514370e-16    2.224566e-14    2.809393e+03    2.895580e+03    1.194561e-06    1.317156e-06    1.287082e-22    1.259034e-22    9.429310e-05    9.309737e-05
  -1.541667e-02   -3.412226e+03   -3.295289e+03   -4.794219e+02   -8.607428e+01   -2.530318e-12   -2.431002e-13    4.413355e+04    4.233355e+04    1.099187e-15    2.256837e-14    2.867157e+03    2.950992e+03    1.163035e-06    1.283481e-06    1.253315e-22    1.226820e-22    9.429406e-05    9.309894e-05
  -1.500000e-02   -3.285275e+03   -3.175225e+03   -4.242255e+02   -4.220398e+01   -2.525658e-12   -2.362289e-13    4.414435e+04    4.233779e+04    1.242569e-15    2.288209e-14    2.924934e+03    3.006409e+03    1.131529e-06    1.249814e-06    1.219540e-22    1.194605e-22    9.429506e-05    9.310052e-05
  -1.458333e-02   -3.158383e+03   -3.055180e+03   -3.690402e+02    1.662835e+00   -2.520998e-12   -2.293578e-13    4.415487e+04    4.234187e+04    1.381582e-15    2.318682e-14    2.982726e+03    3.061832e+03    1.100043e-06    1.216152e-06    1.185759e-22    1.162390e-22    9.429608e-05    9.310211e-05
  -1.416667e-02   -3.031547e+03   -2.935154e+03   -3.138655e+02    4.552638e+01   -2.516338e-12   -2.224868e-13    4.416509e+04    4.234579e+04    1.516227e-15    2.348255e-14    3.040531e+03    3.117260e+03    1.068575e-06    1.182497e-06    1.151971e-22    1.130174e-22    9.429712e-05    9.310371e-05
  -1.375000e-02   -2.904767e+03   -2.815145e+03   -2.587011e+02    8.938684e+01   -2.511678e-12   -2.156161e-13    4.417503e+04    4.234955e+04    1.646503e-15    2.376929e-14    3.098350e+03    3.172693e+03    1.037126e-06    1.148848e-06    1.118176e-22    1.097958e-22    9.429819e-05    9.310532e-05
  -1.333333e-02   -2.778039e+03   -2.695153e+03   -2.035469e+02    1.332444e+02   -2.507017e-12   -2.087455e-13    4.418468e+04    4.235316e+04    1.772410e-15    2.404703e-14    3.156181e+03    3.228130e+03    1.005694e-06    1.115204e-06    1.084375e-22    1.065741e-22    9.429929e-05    9.310694e-05
  -1.291667e-02   -2.651363e+03   -2.575175e+03   -1.484023e+02    1.770994e+02   -2.502357e-12   -2.018751e-13    4.419404e+04    4.235661e+04    1.893949e-15    2.431578e-14    3.214025e+03    3.283573e+03    9.742790e-07    1.081566e-06    1.050567e-22    1.033524e-22    9.430041e-05    9.310857e-05
  -1.250000e-02   -2.524737e+03   -2.455212e+03   -9.326721e+01    2.209519e+02   -2.497697e-12   -1.950048e-13    4.420311e+04    4.235990e+04    2.011120e-15    2.457554e-14    3.271881e+03    3.339020e+03    9.428806e-07    1.047932e-06    1.016754e-22    1.001307e-22    9.430155e-05    9.311021e-05
  -1.208333e-02   -2.398159e+03   -2.335263e+03   -3.814117e+01    2.648021e+02   -2.493036e-12   -1.881347e-13    4.421189e+04    4.236303e+04    2.123922e-15    2.482630e-14    3.329748e+03    3.394471e+03    9.114980e-07    1.014303e-06    9.829343e-23    9.690890e-23    9.430273e-05    9.311186e-05
  -1.166667e-02   -2.271629e+03   -2.215325e+03    1.697610e+01    3.086502e+02   -2.488375e-12   -1.812647e-13    4.422039e+04    4.236601e+04    2.232355e-15    2.506807e-14    3.387627e+03    3.449926e+03    8.801306e-07    9.806787e-07    9.491092e-23    9.368709e-23    9.430393e-05    9.311352e-05
  -1.125000e-02   -2.145143e+03   -2.095399e+03    7.208491e+01    3.524965e+02   -2.483714e-12   -1.743949e-13    4.422859e+04    4.236883e+04    2.336420e-15    2.530085e-14    3.445517e+03    3.505385e+03    8.487779e-07    9.470577e-07    9.152786e-23    9.046526e-23    9.430515e-05    9.311519e-05
  -1.083333e-02   -2.018700e+03   -1.975482e+03    1.271856e+02    3.963412e+02   -2.479053e-12   -1.675252e-13    4.423651e+04    4.237150e+04    2.436116e-15    2.552464e-14    3.503417e+03    3.560847e+03    8.174392e-07    9.134403e-07    8.814427e-23    8.724341e-23    9.430640e-05    9.311688e-05
  -1.041667e-02   -1.892300e+03   -1.855575e+03    1.822785e+02    4.401844e+02   -2.474393e-12   -1.606556e-13    4.424414e+04    4.237400e+04    2.531443e-15    2.573943e-14    3.561327e+03    3.616313e+03    7.861139e-07    8.798261e-07    8.476016e-23    8.402154e-23    9.430768e-05    9.311857e-05
  -1.000000e-02   -1.765940e+03   -1.735676e+03    2.373639e+02    4.840264e+02   -2.469731e-12   -1.537861e-13    4.425147e+04    4.237635e+04    2.622402e-15    2.594523e-14    3.619248e+03    3.671782e+03    7.548015e-07    8.462147e-07    8.137556e-23    8.079966e-23    9.430898e-05    9.312027e-05
  -9.583333e-03   -1.639618e+03   -1.615784e+03    2.924421e+02    5.278674e+02   -2.465070e-12   -1.469167e-13    4.425852e+04    4.237855e+04    2.708993e-15    2.614204e-14    3.677177e+03    3.727254e+03    7.235014e-07    8.126058e-07    7.799049e-23    7.757777e-23    9.431030e-05    9.312199e-05
  -9.166667e-03   -1.513334e+03   -1.495899e+03    3.475134e+02    5.717075e+02   -2.460409e-12   -1.400474e-13    4.426528e+04    4.238059e+04    2.791215e-15    2.632986e-14    3.735116e+03    3.782729e+03    6.922129e-07    7.789991e-07    7.460495e-23    7.435589e-23    9.431166e-05    9.312371e-05
  -8.750000e-03   -1.387084e+03   -1.376018e+03    4.025782e+02    6.155470e+02   -2.455748e-12   -1.331781e-13    4.427176e+04    4.238246e+04    2.869068e-15    2.650869e-14    3.793063e+03    3.838206e+03    6.609355e-07    7.453942e-07    7.121898e-23    7.113400e-23    9.431304e-05    9.312545e-05
  -8.333333e-03   -1.260869e+03   -1.256141e+03    4.576369e+02    6.593861e+02   -2.451087e-12   -1.263090e-13    4.427794e+04    4.238419e+04    2.942553e-15    2.667852e-14    3.851019e+03    3.893686e+03    6.296685e-07    7.117907e-07    6.783258e-23    6.791213e-23    9.431444e-05    9.312719e-05
  -7.916667e-03   -1.134685e+03   -1.136268e+03    5.126896e+02    7.032249e+02   -2.446425e-12   -1.194399e-13    4.428383e+04    4.238575e+04    3.011669e-15    2.683936e-14    3.908982e+03    3.949167e+03    5.984115e-07    6.781884e-07    6.444578e-23    6.469026e-23    9.431587e-05    9.312895e-05
  -7.500000e-03   -1.008533e+03   -1.016396e+03    5.677367e+02    7.470638e+02   -2.441764e-12   -1.125709e-13    4.428944e+04    4.238716e+04    3.076417e-15    2.699121e-14    3.966954e+03    4.004651e+03    5.671637e-07    6.445869e-07    6.105860e-23    6.146841e-23    9.431733e-05    9.313071e-05
  -7.083333e-03   -8.824084e+02   -8.965255e+02    6.227786e+02    7.909028e+02   -2.437102e-12   -1.057019e-13    4.429476e+04    4.238841e+04    3.136796e-15    2.713407e-14    4.024932e+03    4.060137e+03    5.359246e-07    6.109859e-07    5.767105e-23    5.824658e-23    9.431881e-05    9.313249e-05
  -6.666667e-03   -7.563116e+02   -7.766549e+02    6.778156e+02    8.347422e+02   -2.432441e-12   -9.883296e-14    4.429978e+04    4.238951e+04    3.192806e-15    2.726794e-14    4.082917e+03    4.115624e+03    5.046936e-07    5.773849e-07    5.428315e-23    5.502478e-23    9.432032e-05    9.313428e-05
  -6.250000e-03   -6.302403e+02   -6.567832e+02    7.328479e+02    8.785822e+02   -2.427779e-12   -9.196405e-14    4.430452e+04    4.239045e+04    3.244448e-15    2.739282e-14    4.140908e+03    4.171112e+03    4.734701e-07    5.437837e-07    5.089493e-23    5.180301e-23    9.432185e-05    9.313607e-05
  -5.833333e-03   -5.041931e+02   -5.369094e+02    7.878760e+02    9.224230e+02   -2.423117e-12   -8.509516e-14    4.430897e+04    4.239123e+04    3.291722e-15    2.750870e-14    4.198905e+03    4.226602e+03    4.422536e-07    5.101820e-07    4.750639e-23    4.858127e-23    9.432341e-05    9.313788e-05
  -5.416667e-03   -3.781681e+02   -4.170325e+02    8.429000e+02    9.662649e+02   -2.418456e-12   -7.822629e-14    4.431313e+04    4.239185e+04    3.334626e-15    2.761560e-14    4.256909e+03    4.282092e+03    4.110433e-07    4.765793e-07    4.411757e-23    4.535957e-23    9.432500e-05    9.313970e-05
  -5.000000e-03   -2.521639e+02   -2.971515e+02    8.979204e+02    1.010108e+03   -2.413794e-12   -7.135742e-14    4.431701e+04    4.239232e+04    3.373163e-15    2.771350e-14    4.314917e+03    4.337583e+03    3.798388e-07    4.429754e-07    4.072847e-23    4.213792e-23    9.432661e-05    9.314153e-05
  -4.583333e-03   -1.261789e+02   -1.772654e+02    9.529375e+02    1.053952e+03   -2.409132e-12   -6.448855e-14    4.432059e+04    4.239263e+04    3.407330e-15    2.780241e-14    4.372930e+03    4.393075e+03    3.486394e-07    4.093699e-07    3.733911e-23    3.891631e-23    9.432824e-05    9.314337e-05
  -4.166667e-03   -2.112431e-01   -5.737308e+01    1.007952e+03    1.097798e+03   -2.404470e-12   -5.761968e-14    4.432389e+04    4.239278e+04    3.437129e-15    2.788233e-14    4.430948e+03    4.448567e+03    3.174445e-07    3.757625e-07    3.394952e-23    3.569476e-23    9.432991e-05    9.314522e-05
  -3.750000e-03    1.257405e+02    6.252639e+01    1.062963e+03    1.141646e+03   -2.399808e-12   -5.075078e-14    4.432689e+04    4.239278e+04    3.462560e-15    2.795326e-14    4.488969e+03    4.504059e+03    2.862536e-07    3.421528e-07    3.055971e-23    3.247326e-23    9.433160e-05    9.314708e-05
  -3.333333e-03    2.516781e+02    1.824341e+02    1.117972e+03    1.185496e+03   -2.395146e-12   -4.388185e-14    4.432961e+04    4.239262e+04    3.483622e-15    2.801519e-14    4.546995e+03    4.559551e+03    2.550660e-07    3.085405e-07    2.716970e-23    2.925183e-23    9.433331e-05    9.314895e-05
  -2.916667e-03    3.776030e+02    3.023509e+02    1.172979e+03    1.229348e+03   -2.390484e-12   -3.701289e-14    4.433204e+04    4.239230e+04    3.500316e-15    2.806814e-14    4.605024e+03    4.615042e+03    2.238812e-07    2.749252e-07    2.377950e-23    2.603046e-23    9.433505e-05    9.315083e-05
  -2.500000e-03    5.035170e+02    4.222781e+02    1.227984e+03    1.273203e+03   -2.385822e-12   -3.014388e-14    4.433418e+04    4.239183e+04    3.512640e-15    2.811209e-14    4.663056e+03    4.670533e+03    1.926985e-07    2.413067e-07    2.038915e-23    2.280916e-23    9.433682e-05    9.315272e-05
  -2.083333e-03    6.294216e+02    5.422165e+02    1.282988e+03    1.317060e+03   -2.381160e-12   -2.327483e-14    4.433603e+04    4.239120e+04    3.520597e-15    2.814706e-14    4.721090e+03    4.726024e+03    1.615174e-07    2.076845e-07    1.699865e-23    1.958793e-23    9.433861e-05    9.315462e-05
  -1.666667e-03    7.553185e+02    6.621672e+02    1.337991e+03    1.360920e+03   -2.376498e-12   -1.640571e-14    4.433759e+04    4.239041e+04    3.524185e-15    2.817303e-14    4.779127e+03    4.781513e+03    1.303373e-07    1.740583e-07    1.360803e-23    1.636679e-23    9.434043e-05    9.315654e-05
  -1.250000e-03    8.812093e+02    7.821311e+02    1.392992e+03    1.404783e+03   -2.371836e-12   -9.536517e-15    4.433886e+04    4.238946e+04    3.523404e-15    2.819001e-14    4.837166e+03    4.837002e+03    9.915750e-08    1.404278e-07    1.021730e-23    1.314573e-23    9.434227e-05    9.315846e-05
  -8.333333e-04    1.007096e+03    9.021095e+02    1.447994e+03    1.448649e+03   -2.367174e-12   -2.667250e-15    4.433985e+04    4.238836e+04    3.518254e-15    2.819799e-14    4.895206e+03    4.892489e+03    6.797752e-08    1.067927e-07    6.826475e-24    9.924760e-24    9.434414e-05    9.316039e-05
  -4.166667e-04    1.132979e+03    1.022103e+03    1.502995e+03    1.492519e+03   -2.362512e-12    4.202103e-15    4.434054e+04    4.238710e+04    3.508736e-15    2.819699e-14    4.953247e+03    4.947974e+03    3.679674e-08    7.315256e-08    3.435584e-24    6.703882e-24    9.434604e-05    9.316234e-05
  -3.469447e-18    1.258861e+03    1.142113e+03    1.557997e+03    1.536393e+03   -2.357850e-12    1.107155e-14    4.434095e+04    4.238569e+04    3.494850e-15    2.818699e-14    5.011289e+03    5.003458e+03    5.614543e-09    3.950709e-08    4.464102e-26    3.483103e-24    9.434796e-05    9.316429e-05
   4.166667e-04    1.384744e+03    1.262141e+03    1.612999e+03    1.580270e+03   -2.353188e-12    1.794110e-14    4.434107e+04    4.238411e+04    3.476595e-15    2.816800e-14    5.069331e+03    5.058939e+03   -2.556965e-08    5.855932e-09   -3.346335e-24    2.624253e-25    9.434991e-05    9.316626e-05
   8.333333e-04    1.510629e+03    1.382186e+03    1.668002e+03    1.624151e+03   -2.348526e-12    2.481076e-14    4.434090e+04    4.238238e+04    3.453971e-15    2.814002e-14    5.127373e+03    5.114419e+03   -5.675643e-08   -2.780124e-08   -6.737327e-24   -2.958145e-24    9.435188e-05    9.316823e-05
   1.250000e-03    1.636517e+03    1.502252e+03    1.723005e+03    1.668037e+03   -2.343864e-12    3.168055e-14    4.434044e+04    4.238049e+04    3.426979e-15    2.810305e-14    5.185415e+03    5.169896e+03   -8.794641e-08   -6.146478e-08   -1.012831e-23   -6.178604e-24    9.435388e-05    9.317022e-05
   1.666667e-03    1.762411e+03    1.622337e+03    1.778011e+03    1.711927e+03   -2.339202e-12    3.855046e-14    4.433969e+04    4.237845e+04    3.395618e-15    2.805708e-14    5.243456e+03    5.225371e+03   -1.191402e-07   -9.513502e-08   -1.351928e-23   -9.398947e-24    9.435590e-05    9.317221e-05
   2.083333e-03    1.888311e+03    1.742445e+03    1.833018e+03    1.755822e+03   -2.334540e-12    4.542051e-14    4.433865e+04    4.237625e+04    3.359889e-15    2.800212e-14    5.301496e+03    5.280843e+03   -1.503383e-07   -1.288123e-07   -1.691021e-23   -1.261917e-23    9.435795e-05    9.317422e-05
   2.500000e-03    2.014220e+03    1.862574e+03    1.888027e+03    1.799721e+03   -2.329878e-12    5.229070e-14    4.433733e+04    4.237389e+04    3.319791e-15    2.793817e-14    5.359534e+03    5.336311e+03   -1.815414e-07   -1.624970e-07   -2.030107e-23   -1.583927e-23    9.436003e-05    9.317624e-05
   2.916667e-03    2.140140e+03    1.982728e+03    1.943039e+03    1.843626e+03   -2.325216e-12    5.916104e-14    4.433571e+04    4.237137e+04    3.275325e-15    2.786523e-14    5.417571e+03    5.391777e+03   -2.127500e-07   -1.961894e-07   -2.369186e-23   -1.905924e-23    9.436213e-05    9.317826e-05
   3.333333e-03    2.266071e+03    2.102905e+03    1.998054e+03    1.887536e+03   -2.320554e-12    6.603155e-14    4.433381e+04    4.236870e+04    3.226490e-15    2.778329e-14    5.475605e+03    5.447239e+03   -2.439649e-07   -2.298898e-07   -2.708256e-23   -2.227907e-23    9.436426e-05    9.318030e-05
   3.750000e-03    2.392015e+03    2.223109e+03    2.053071e+03    1.931452e+03   -2.315892e-12    7.290223e-14    4.433162e+04    4.236587e+04    3.173286e-15    2.769236e-14    5.533636e+03    5.502698e+03   -2.751864e-07   -2.635987e-07   -3.047314e-23   -2.549876e-23    9.436642e-05    9.318235e-05
   4.166667e-03    2.517974e+03    2.343339e+03    2.108092e+03    1.975373e+03   -2.311230e-12    7.977309e-14    4.432913e+04    4.236288e+04    3.115714e-15    2.759243e-14    5.591664e+03    5.558153e+03   -3.064153e-07   -2.973163e-07   -3.386358e-23   -2.871832e-23    9.436860e-05    9.318441e-05
   4.583333e-03    2.643951e+03    2.463596e+03    2.163117e+03    2.019300e+03   -2.306568e-12    8.664413e-14    4.432636e+04    4.235973e+04    3.053773e-15    2.748351e-14    5.649689e+03    5.613604e+03   -3.376522e-07   -3.310430e-07   -3.725388e-23   -3.193772e-23    9.437080e-05    9.318648e-05
   5.000000e-03    2.769945e+03    2.583882e+03    2.218145e+03    2.063233e+03   -2.301906e-12    9.351537e-14    4.432331e+04    4.235643e+04    2.987464e-15    2.736560e-14    5.707710e+03    5.669050e+03   -3.688976e-07   -3.647792e-07   -4.064401e-23   -3.515697e-23    9.437304e-05    9.318855e-05
   5.416667e-03    2.895959e+03    2.704198e+03    2.273178e+03    2.107173e+03   -2.297244e-12    1.003868e-13    4.431996e+04    4.235297e+04    2.916786e-15    2.723869e-14    5.765727e+03    5.724492e+03   -4.001521e-07   -3.985251e-07   -4.403394e-23   -3.837607e-23    9.437529e-05    9.319064e-05
   5.833333e-03    3.021995e+03    2.824545e+03    2.328216e+03    2.151119e+03   -2.292582e-12    1.072585e-13    4.431632e+04    4.234935e+04    2.841740e-15    2.710279e-14    5.823740e+03    5.779930e+03   -4.314163e-07   -4.322811e-07   -4.742367e-23   -4.159500e-23    9.437758e-05    9.319274e-05
   6.250000e-03    3.148054e+03    2.944923e+03    2.383258e+03    2.195071e+03   -2.287920e-12    1.141303e-13    4.431240e+04    4.234557e+04    2.762325e-15    2.695789e-14    5.881747e+03    5.835363e+03   -4.626909e-07   -4.660476e-07   -5.081318e-23   -4.481377e-23    9.437989e-05    9.319485e-05
   6.666667e-03    3.274138e+03    3.065334e+03    2.438306e+03    2.239031e+03   -2.283258e-12    1.210024e-13    4.430818e+04    4.234164e+04    2.678542e-15    2.680399e-14    5.939749e+03    5.890790e+03   -4.939763e-07   -4.998249e-07   -5.420244e-23   -4.803237e-23    9.438222e-05    9.319697e-05
   7.083333e-03    3.400248e+03    3.185779e+03    2.493360e+03    2.282998e+03   -2.278597e-12    1.278748e-13    4.430368e+04    4.233755e+04    2.590390e-15    2.664110e-14    5.997745e+03    5.946213e+03   -5.252733e-07   -5.336134e-07   -5.759144e-23   -5.125079e-23    9.438458e-05    9.319911e-05
   7.500000e-03    3.526386e+03    3.306259e+03    2.548419e+03    2.326972e+03   -2.273935e-12    1.347474e-13    4.429889e+04    4.233330e+04    2.497869e-15    2.646922e-14    6.055735e+03    6.001630e+03   -5.565823e-07   -5.674133e-07   -6.098016e-23   -5.446903e-23    9.438697e-05    9.320125e-05
   7.916667e-03    3.652554e+03    3.426774e+03    2.603485e+03    2.370954e+03   -2.269273e-12    1.416202e-13    4.429381e+04    4.232889e+04    2.400980e-15    2.628834e-14    6.113719e+03    6.057041e+03   -5.879041e-07   -6.012250e-07   -6.436859e-23   -5.768709e-23    9.438938e-05    9.320340e-05
   8.333333e-03    3.778754e+03    3.547326e+03    2.658557e+03    2.414943e+03   -2.264612e-12    1.484933e-13    4.428844e+04    4.232433e+04    2.299722e-15    2.609846e-14    6.171696e+03    6.112446e+03   -6.192391e-07   -6.350490e-07   -6.775669e-23   -6.090496e-23    9.439182e-05    9.320556e-05
   8.750000e-03    3.904986e+03    3.667916e+03    2.713636e+03    2.458941e+03   -2.259950e-12    1.553667e-13    4.428278e+04    4.231960e+04    2.194096e-15    2.589958e-14    6.229666e+03    6.167846e+03   -6.505880e-07   -6.688854e-07   -7.114446e-23   -6.412263e-23    9.439429e-05    9.320773e-05
   9.166667e-03    4.031252e+03    3.788545e+03    2.768723e+03    2.502946e+03   -2.255288e-12    1.622404e-13    4.427683e+04    4.231472e+04    2.084101e-15    2.569171e-14    6.287628e+03    6.223239e+03   -6.819514e-07   -7.027347e-07   -7.453187e-23   -6.734011e-23    9.439678e-05    9.320992e-05
   9.583333e-03    4.157555e+03    3.909214e+03    2.823816e+03    2.546960e+03   -2.250627e-12    1.691143e-13    4.427060e+04    4.230969e+04    1.969738e-15    2.547484e-14    6.345582e+03    6.278625e+03   -7.133299e-07   -7.365971e-07   -7.791891e-23   -7.055739e-23    9.439929e-05    9.321211e-05
   1.000000e-02    4.283896e+03    4.029924e+03    2.878918e+03    2.590982e+03   -2.245966e-12    1.759885e-13    4.426407e+04    4.230449e+04    1.851006e-15    2.524897e-14    6.403528e+03    6.334005e+03   -7.447240e-07   -7.704732e-07   -8.130556e-23   -7.377445e-23    9.440184e-05    9.321431e-05
   1.041667e-02    4.410276e+03    4.150676e+03    2.934028e+03    2.635013e+03   -2.241304e-12    1.828631e-13    4.425726e+04    4.229913e+04    1.727905e-15    2.501410e-14    6.461465e+03    6.389378e+03   -7.761343e-07   -8.043630e-07   -8.469181e-23   -7.699131e-23    9.440440e-05    9.321653e-05
   1.083333e-02    4.536697e+03    4.271471e+03    2.989147e+03    2.679054e+03   -2.236643e-12    1.897379e-13    4.425016e+04    4.229362e+04    1.600436e-15    2.477023e-14    6.519393e+03    6.444744e+03   -8.075615e-07   -8.382672e-07   -8.807762e-23   -8.020795e-23    9.440700e-05    9.321875e-05
   1.125000e-02    4.663161e+03    4.392309e+03    3.044274e+03    2.723103e+03   -2.231982e-12    1.966131e-13    4.424277e+04    4.228795e+04    1.468598e-15    2.451737e-14    6.577312e+03    6.500103e+03   -8.390062e-07   -8.721859e-07   -9.146298e-23   -8.342437e-23    9.440962e-05    9.322098e-05
   1.166667e-02    4.789669e+03    4.513193e+03    3.099410e+03    2.767162e+03   -2.227321e-12    2.034886e-13    4.423509e+04    4.228212e+04    1.332392e-15    2.425550e-14    6.635220e+03    6.555454e+03   -8.704689e-07   -9.061195e-07   -9.484788e-23   -8.664056e-23    9.441226e-05    9.322323e-05
   1.208333e-02    4.916223e+03    4.634123e+03    3.154556e+03    2.811230e+03   -2.222660e-12    2.103645e-13    4.422712e+04    4.227614e+04    1.191817e-15    2.398463e-14    6.693119e+03    6.610797e+03   -9.019502e-07   -9.400683e-07   -9.823230e-23   -8.985652e-23    9.441493e-05    9.322548e-05
   1.250000e-02    5.042824e+03    4.755100e+03    3.209712e+03    2.855308e+03   -2.217999e-12    2.172407e-13    4.421886e+04    4.226999e+04    1.046874e-15    2.370477e-14    6.751006e+03    6.666132e+03   -9.334507e-07   -9.740327e-07   -1.016162e-22   -9.307225e-23    9.441763e-05    9.322775e-05
   1.291667e-02    5.169475e+03    4.876125e+03    3.264877e+03    2.899396e+03   -2.213338e-12    2.241172e-13    4.421031e+04    4.226369e+04    8.975619e-16    2.341590e-14    6.808883e+03    6.721459e+03   -9.649711e-07   -1.008013e-06   -1.049996e-22   -9.628774e-23    9.442035e-05    9.323003e-05
   1.333333e-02    5.296176e+03    4.997200e+03    3.320053e+03    2.943495e+03   -2.208677e-12    2.309941e-13    4.420148e+04    4.225723e+04    7.438815e-16    2.311803e-14    6.866748e+03    6.776778e+03   -9.965119e-07   -1.042010e-06   -1.083825e-22   -9.950299e-23    9.442310e-05    9.323231e-05
   1.375000e-02    5.422930e+03    5.118324e+03    3.375240e+03    2.987603e+03   -2.204016e-12    2.378714e-13    4.419235e+04    4.225061e+04    5.858324e-16    2.281116e-14    6.924602e+03    6.832088e+03   -1.028074e-06   -1.076023e-06   -1.117648e-22   -1.027180e-22    9.442588e-05    9.323461e-05
   1.416667e-02    5.549738e+03    5.239500e+03    3.430438e+03    3.031723e+03   -2.199356e-12    2.447491e-13    4.418294e+04    4.224383e+04    4.234148e-16    2.249528e-14    6.982444e+03    6.887390e+03   -1.059657e-06   -1.110053e-06   -1.151465e-22   -1.059327e-22    9.442868e-05    9.323691e-05
   1.458333e-02    5.676602e+03    5.360728e+03    3.485647e+03    3.075853e+03   -2.194695e-12    2.516271e-13    4.417324e+04    4.223689e+04    2.566286e-16    2.217041e-14    7.040273e+03    6.942682e+03   -1.091263e-06   -1.144101e-06   -1.185276e-22   -1.091472e-22    9.443150e-05    9.323923e-05
   1.500000e-02    5.803523e+03    5.482010e+03    3.540868e+03    3.119994e+03   -2.190035e-12    2.585055e-13    4.416325e+04    4.222979e+04    8.547391e-17    2.183653e-14    7.098089e+03    6.997966e+03   -1.122891e-06   -1.178166e-06   -1.219081e-22   -1.123614e-22    9.443435e-05    9.324156e-05
   1.541667e-02    5.930503e+03    5.603345e+03    3.596101e+03    3.164146e+03   -2.185374e-12    2.653844e-13    4.415297e+04    4.222254e+04   -9.004938e-17    2.149364e-14    7.155891e+03    7.053240e+03   -1.154543e-06   -1.212249e-06   -1.252880e-22   -1.155754e-22    9.443723e-05    9.324389e-05
   1.583333e-02    6.057543e+03    5.724736e+03    3.651347e+03    3.208310e+03   -2.180714e-12    2.722637e-13    4.414240e+04    4.221512e+04   -2.699412e-16    2.114175e-14    7.213681e+03    7.108504e+03   -1.186218e-06   -1.246351e-06   -1.286672e-22   -1.187891e-22    9.444013e-05    9.324624e-05
   1.625000e-02    6.184646e+03    5.846184e+03    3.706605e+03    3.252486e+03   -2.176054e-12    2.791433e-13    4.413155e+04    4.220755e+04   -4.542017e-16    2.078086e-14    7.271456e+03    7.163759e+03   -1.217919e-06   -1.280471e-06   -1.320458e-22   -1.220025e-22    9.444306e-05    9.324860e-05
   1.666667e-02    6.311812e+03    5.967688e+03    3.761876e+03    3.296673e+03   -2.171394e-12    2.860235e-13    4.412040e+04    4.219982e+04   -6.428306e-16    2.041095e-14    7.329217e+03    7.219003e+03   -1.249644e-06   -1.314611e-06   -1.354237e-22   -1.252156e-22    9.444601e-05    9.325096e-05
   1.666667e-02    1.052498e+05    1.057696e+05    3.236421e+03    2.862447e+03   -2.265712e-12    1.966882e-13    4.412040e+04    4.219982e+04   -6.428306e-16    2.041095e-14    7.329217e+03    7.219003e+03   -1.249644e-06   -1.314611e-06   -1.354237e-22   -1.252156e-22    9.444601e-05    9.325096e-05
   1.708333e-02    1.121874e+05    1.126338e+05    3.315640e+03    2.944875e+03   -2.268256e-12    1.966218e-13    4.384114e+04    4.205687e+04   -6.347953e-16    2.015353e-14    7.386787e+03    7.274150e+03   -1.336650e-06   -1.401570e-06   -1.354250e-22   -1.251733e-22    9.444887e-05    9.325323e-05
   1.750000e-02    1.191433e+05    1.195078e+05    3.394952e+03    3.027354e+03   -2.270799e-12    1.965563e-13    4.355498e+04    4.190494e+04   -6.267599e-16    1.989620e-14    7.443988e+03    7.329104e+03   -1.423893e-06   -1.488655e-06   -1.354263e-22   -1.251316e-22    9.445170e-05    9.325547e-05
   1.791667e-02    1.261179e+05    1.263922e+05    3.474358e+03    3.109885e+03   -2.273343e-12    1.964916e-13    4.326193e+04    4.174400e+04   -6.187245e-16    1.963895e-14    7.500809e+03    7.383853e+03   -1.511379e-06   -1.575873e-06   -1.354276e-22   -1.250904e-22    9.445451e-05    9.325771e-05
   1.833333e-02    1.331116e+05    1.332876e+05    3.553859e+03    3.192473e+03   -2.275886e-12    1.964278e-13    4.296199e+04    4.157404e+04   -6.106891e-16    1.938179e-14    7.557243e+03    7.438385e+03   -1.599115e-06   -1.663232e-06   -1.354289e-22   -1.250498e-22    9.445730e-05    9.325993e-05
   1.875000e-02    1.401250e+05    1.401947e+05    3.633459e+03    3.275119e+03   -2.278430e-12    1.963648e-13    4.265516e+04    4.139505e+04   -6.026537e-16    1.912470e-14    7.613279e+03    7.492690e+03   -1.687105e-06   -1.750739e-06   -1.354302e-22   -1.250097e-22    9.446007e-05    9.326213e-05
   1.916667e-02    1.471584e+05    1.471139e+05    3.713160e+03    3.357828e+03   -2.280973e-12    1.963026e-13    4.234143e+04    4.120700e+04   -5.946183e-16    1.886770e-14    7.668909e+03    7.546753e+03   -1.775355e-06   -1.838402e-06   -1.354314e-22   -1.249701e-22    9.446282e-05    9.326432e-05
   1.958333e-02    1.542123e+05    1.540460e+05    3.792964e+03    3.440601e+03   -2.283517e-12    1.962413e-13    4.202082e+04    4.100990e+04   -5.865830e-16    1.861078e-14    7.724124e+03    7.600565e+03   -1.863872e-06   -1.926229e-06   -1.354327e-22   -1.249311e-22    9.446554e-05    9.326649e-05
   2.000000e-02    1.612871e+05    1.609913e+05    3.872872e+03    3.523442e+03   -2.286060e-12    1.961808e-13    4.169331e+04    4.080371e+04   -5.785476e-16    1.835394e-14    7.778915e+03    7.654113e+03   -1.952661e-06   -2.014226e-06   -1.354339e-22   -1.248926e-22    9.446825e-05    9.326865e-05
   2.041667e-02    1.683833e+05    1.679507e+05    3.952888e+03    3.606353e+03   -2.288604e-12    1.961211e-13    4.135890e+04    4.058842e+04   -5.705122e-16    1.809718e-14    7.833273e+03    7.707385e+03   -2.041727e-06   -2.102402e-06   -1.354351e-22   -1.248546e-22    9.447093e-05    9.327080e-05
   2.083333e-02    1.755014e+05    1.749246e+05    4.033014e+03    3.689338e+03   -2.291147e-12    1.960623e-13    4.101761e+04    4.036401e+04   -5.624768e-16    1.784050e-14    7.887188e+03    7.760369e+03   -2.131077e-06   -2.190764e-06   -1.354362e-22   -1.248172e-22    9.447358e-05    9.327292e-05
   2.125000e-02    1.826417e+05    1.819137e+05    4.113251e+03    3.772400e+03   -2.293691e-12    1.960044e-13    4.066942e+04    4.013046e+04   -5.544414e-16    1.758389e-14    7.940652e+03    7.813054e+03   -2.220716e-06   -2.279319e-06   -1.354374e-22   -1.247803e-22    9.447622e-05    9.327504e-05
   2.166667e-02    1.898047e+05    1.889185e+05    4.193601e+03    3.855541e+03   -2.296234e-12    1.959473e-13    4.031435e+04    3.988775e+04   -5.464060e-16    1.732736e-14    7.993656e+03    7.865427e+03   -2.310649e-06   -2.368076e-06   -1.354386e-22   -1.247439e-22    9.447883e-05    9.327713e-05
   2.208333e-02    1.969909e+05    1.959396e+05    4.274068e+03    3.938765e+03   -2.298778e-12    1.958910e-13    3.995238e+04    3.963586e+04   -5.383707e-16    1.707090e-14    8.046190e+03    7.917476e+03   -2.400884e-06   -2.457041e-06   -1.354397e-22   -1.247081e-22    9.448141e-05    9.327921e-05
   2.250000e-02    2.042007e+05    2.029777e+05    4.354654e+03    4.022074e+03   -2.301321e-12    1.958355e-13    3.958351e+04    3.937478e+04   -5.303353e-16    1.681452e-14    8.098246e+03    7.969189e+03   -2.491424e-06   -2.546223e-06   -1.354408e-22   -1.246728e-22    9.448398e-05    9.328128e-05
   2.291667e-02    2.114346e+05    2.100333e+05    4.435359e+03    4.105472e+03   -2.303865e-12    1.957809e-13    3.920776e+04    3.910446e+04   -5.222999e-16    1.655821e-14    8.149815e+03    8.020555e+03   -2.582276e-06   -2.635629e-06   -1.354419e-22   -1.246380e-22    9.448651e-05    9.328333e-05
   2.333333e-02    2.186930e+05    2.171071e+05    4.516188e+03    4.188961e+03   -2.306408e-12    1.957271e-13    3.882511e+04    3.882490e+04   -5.142645e-16    1.630197e-14    8.200887e+03    8.071560e+03   -2.673447e-06   -2.725266e-06   -1.354430e-22   -1.246038e-22    9.448903e-05    9.328536e-05
   2.375000e-02    2.259763e+05    2.241995e+05    4.597141e+03    4.272544e+03   -2.308952e-12    1.956742e-13    3.843557e+04    3.853607e+04   -5.062291e-16    1.604579e-14    8.251454e+03    8.122194e+03   -2.764940e-06   -2.815144e-06   -1.354440e-22   -1.245701e-22    9.449151e-05    9.328737e-05
   2.416667e-02    2.332850e+05    2.313114e+05    4.678222e+03    4.356225e+03   -2.311495e-12    1.956221e-13    3.803914e+04    3.823794e+04   -4.981937e-16    1.578969e-14    8.301507e+03    8.172443e+03   -2.856763e-06   -2.905268e-06   -1.354451e-22   -1.245369e-22    9.449398e-05    9.328937e-05
   2.458333e-02    2.406196e+05    2.384432e+05    4.759432e+03    4.440006e+03   -2.314039e-12    1.955709e-13    3.763582e+04    3.793049e+04   -4.901584e-16    1.553366e-14    8.351036e+03    8.222297e+03   -2.948921e-06   -2.995647e-06   -1.354461e-22   -1.245043e-22    9.449641e-05    9.329135e-05
   2.500000e-02    2.479804e+05    2.455955e+05    4.840774e+03    4.523890e+03   -2.316582e-12    1.955205e-13    3.722560e+04    3.761369e+04   -4.821230e-16    1.527769e-14    8.400033e+03    8.271741e+03   -3.041420e-06   -3.086289e-06   -1.354471e-22   -1.244722e-22    9.449882e-05    9.329331e-05
   2.541667e-02    2.553680e+05    2.527690e+05    4.922249e+03    4.607881e+03   -2.319126e-12    1.954709e-13    3.680850e+04    3.728751e+04   -4.740876e-16    1.502178e-14    8.448488e+03    8.320765e+03   -3.134264e-06   -3.177202e-06   -1.354481e-22   -1.244406e-22    9.450121e-05    9.329525e-05
   2.583333e-02    2.627827e+05    2.599643e+05    5.003861e+03    4.691982e+03   -2.321669e-12    1.954221e-13    3.638450e+04    3.695193e+04   -4.660522e-16    1.476595e-14    8.496393e+03    8.369356e+03   -3.227461e-06   -3.268392e-06   -1.354491e-22   -1.244096e-22    9.450356e-05    9.329717e-05
   2.625000e-02    2.702251e+05    2.671819e+05    5.085610e+03    4.776195e+03   -2.324213e-12    1.953742e-13    3.595360e+04    3.660692e+04   -4.580168e-16    1.451017e-14    8.543738e+03    8.417501e+03   -3.321016e-06   -3.359869e-06   -1.354501e-22   -1.243791e-22    9.450590e-05    9.329908e-05
   2.666667e-02    2.776955e+05    2.744226e+05    5.167500e+03    4.860523e+03   -2.326756e-12    1.953272e-13    3.551582e+04    3.625244e+04   -4.499814e-16    1.425446e-14    8.590515e+03    8.465188e+03   -3.414935e-06   -3.451640e-06   -1.354510e-22   -1.243491e-22    9.450820e-05    9.330097e-05
   2.708333e-02    2.851945e+05    2.816869e+05    5.249533e+03    4.944970e+03   -2.329300e-12    1.952809e-13    3.507114e+04    3.588847e+04   -4.419461e-16    1.399880e-14    8.636714e+03    8.512405e+03   -3.509222e-06   -3.543712e-06   -1.354519e-22   -1.243197e-22    9.451047e-05    9.330283e-05
   2.750000e-02    2.927224e+05    2.889754e+05    5.331711e+03    5.029539e+03   -2.331843e-12    1.952356e-13    3.461958e+04    3.551498e+04   -4.339107e-16    1.374321e-14    8.682326e+03    8.559140e+03   -3.603885e-06   -3.636095e-06   -1.354529e-22   -1.242908e-22    9.451272e-05    9.330468e-05
   2.791667e-02    3.002797e+05    2.962887e+05    5.414036e+03    5.114232e+03   -2.334387e-12    1.951910e-13    3.416111e+04    3.513192e+04   -4.258753e-16    1.348768e-14    8.727343e+03    8.605379e+03   -3.698929e-06   -3.728795e-06   -1.354538e-22   -1.242624e-22    9.451494e-05    9.330651e-05
   2.833333e-02    3.078668e+05    3.036276e+05    5.496510e+03    5.199054e+03   -2.336931e-12    1.951473e-13    3.369576e+04    3.473928e+04   -4.178399e-16    1.323220e-14    8.771755e+03    8.651111e+03   -3.794359e-06   -3.821820e-06   -1.354546e-22   -1.242346e-22    9.451713e-05    9.330832e-05
   2.875000e-02    3.154843e+05    3.109925e+05    5.579135e+03    5.284006e+03   -2.339474e-12    1.951044e-13    3.322352e+04    3.433702e+04   -4.098045e-16    1.297678e-14    8.815554e+03    8.696322e+03   -3.890181e-06   -3.915179e-06   -1.354555e-22   -1.242073e-22    9.451929e-05    9.331011e-05
   2.916667e-02    3.231324e+05    3.183842e+05    5.661914e+03    5.369092e+03   -2.342018e-12    1.950623e-13    3.274438e+04    3.392509e+04   -4.017692e-16    1.272142e-14    8.858730e+03    8.741001e+03   -3.986401e-06   -4.008880e-06   -1.354563e-22   -1.241805e-22    9.452142e-05    9.331187e-05
   2.958333e-02    3.308118e+05    3.258032e+05    5.744850e+03    5.454316e+03   -2.344561e-12    1.950211e-13    3.225835e+04    3.350348e+04   -3.937338e-16    1.246611e-14    8.901274e+03    8.785134e+03   -4.083025e-06   -4.102930e-06   -1.354572e-22   -1.241543e-22    9.452352e-05    9.331362e-05
   3.000000e-02    3.385228e+05    3.332502e+05    5.827943e+03    5.539679e+03   -2.347105e-12    1.949808e-13    3.176543e+04    3.307213e+04   -3.856984e-16    1.221086e-14    8.943177e+03    8.828708e+03   -4.180058e-06   -4.197338e-06   -1.354580e-22   -1.241286e-22    9.452558e-05    9.331534e-05
   3.041667e-02    3.462659e+05    3.407259e+05    5.911197e+03    5.625187e+03   -2.349648e-12    1.949412e-13    3.126561e+04    3.263102e+04   -3.776630e-16    1.195565e-14    8.984431e+03    8.871712e+03   -4.277507e-06   -4.292111e-06   -1.354588e-22   -1.241034e-22    9.452762e-05    9.331704e-05
   3.083333e-02    3.540415e+05    3.482307e+05    5.994613e+03    5.710840e+03   -2.352192e-12    1.949025e-13    3.075891e+04    3.218010e+04   -3.696276e-16    1.170050e-14    9.025026e+03    8.914132e+03   -4.375376e-06   -4.387259e-06   -1.354596e-22   -1.240788e-22    9.452963e-05    9.331872e-05
   3.125000e-02    3.618500e+05    3.557655e+05    6.078194e+03    5.796644e+03   -2.354735e-12    1.948646e-13    3.024531e+04    3.171934e+04   -3.615922e-16    1.144540e-14    9.064953e+03    8.955955e+03   -4.473672e-06   -4.482788e-06   -1.354603e-22   -1.240547e-22    9.453160e-05    9.332038e-05
   3.166667e-02    3.696920e+05    3.633308e+05    6.161942e+03    5.882601e+03   -2.357279e-12    1.948276e-13    2.972482e+04    3.124869e+04   -3.535569e-16    1.119035e-14    9.104203e+03    8.997169e+03   -4.572400e-06   -4.578708e-06   -1.354611e-22   -1.240311e-22    9.453355e-05    9.332202e-05
   3.208333e-02    3.775678e+05    3.709273e+05    6.245859e+03    5.968713e+03   -2.359822e-12    1.947914e-13    2.919744e+04    3.076813e+04   -3.455215e-16    1.093534e-14    9.142768e+03    9.037760e+03   -4.671566e-06   -4.675026e-06   -1.354618e-22   -1.240081e-22    9.453546e-05    9.332363e-05
   3.250000e-02    3.854779e+05    3.785557e+05    6.329948e+03    6.054985e+03   -2.362366e-12    1.947560e-13    2.866316e+04    3.027760e+04   -3.374861e-16    1.068038e-14    9.180638e+03    9.077715e+03   -4.771176e-06   -4.771751e-06   -1.354625e-22   -1.239855e-22    9.453733e-05    9.332521e-05
   3.291667e-02    3.934228e+05    3.862164e+05    6.414210e+03    6.141420e+03   -2.364909e-12    1.947215e-13    2.812200e+04    2.977706e+04   -3.294507e-16    1.042547e-14    9.217803e+03    9.117022e+03   -4.871236e-06   -4.868891e-06   -1.354632e-22   -1.239635e-22    9.453918e-05    9.332677e-05
   3.333333e-02    4.014029e+05    3.939104e+05    6.498649e+03    6.228020e+03   -2.367453e-12    1.946878e-13    2.757394e+04    2.926647e+04   -3.214153e-16    1.017060e-14    9.254256e+03    9.155667e+03   -4.971750e-06   -4.966455e-06   -1.354639e-22   -1.239421e-22    9.454098e-05    9.332831e-05
   3.375000e-02    4.094186e+05    4.016381e+05    6.583265e+03    6.314790e+03   -2.369996e-12    1.946549e-13    2.701899e+04    2.874579e+04   -3.133799e-16    9.915779e-15    9.289987e+03    9.193637e+03   -5.072726e-06   -5.064450e-06   -1.354645e-22   -1.239212e-22    9.454276e-05    9.332982e-05
   3.416667e-02    4.174704e+05    4.094002e+05    6.668061e+03    6.401731e+03   -2.372540e-12    1.946229e-13    2.645714e+04    2.821497e+04   -3.053446e-16    9.660997e-15    9.324987e+03    9.230919e+03   -5.174169e-06   -5.162885e-06   -1.354652e-22   -1.239008e-22    9.454450e-05    9.333131e-05
   3.458333e-02    4.255587e+05    4.171974e+05    6.753040e+03    6.488849e+03   -2.375083e-12    1.945917e-13    2.588841e+04    2.767396e+04   -2.973092e-16    9.406257e-15    9.359247e+03    9.267499e+03   -5.276083e-06   -5.261768e-06   -1.354658e-22   -1.238809e-22    9.454620e-05    9.333277e-05
   3.500000e-02    4.336840e+05    4.250304e+05    6.838204e+03    6.576145e+03   -2.377627e-12    1.945613e-13    2.531278e+04    2.712273e+04   -2.892738e-16    9.151557e-15    9.392759e+03    9.303364e+03   -5.378476e-06   -5.361109e-06   -1.354664e-22   -1.238616e-22    9.454787e-05    9.333420e-05
   3.541667e-02    4.418467e+05    4.328998e+05    6.923555e+03    6.663623e+03   -2.380170e-12    1.945318e-13    2.473026e+04    2.656122e+04   -2.812384e-16    8.896896e-15    9.425512e+03    9.338502e+03   -5.481353e-06   -5.460915e-06   -1.354670e-22   -1.238428e-22    9.454950e-05    9.333561e-05
   3.583333e-02    4.500473e+05    4.408063e+05    7.009095e+03    6.751287e+03   -2.382714e-12    1.945031e-13    2.414085e+04    2.598939e+04   -2.732030e-16    8.642274e-15    9.457498e+03    9.372897e+03   -5.584720e-06   -5.561195e-06   -1.354676e-22   -1.238245e-22    9.455109e-05    9.333699e-05
   3.625000e-02    4.582862e+05    4.487506e+05    7.094826e+03    6.839140e+03   -2.385257e-12    1.944752e-13    2.354454e+04    2.540718e+04   -2.651676e-16    8.387688e-15    9.488708e+03    9.406537e+03   -5.688581e-06   -5.661958e-06   -1.354681e-22   -1.238068e-22    9.455265e-05    9.333834e-05
   3.666667e-02    4.665639e+05    4.567333e+05    7.180751e+03    6.927185e+03   -2.387801e-12    1.944482e-13    2.294135e+04    2.481454e+04   -2.571323e-16    8.133139e-15    9.519133e+03    9.439408e+03   -5.792944e-06   -5.763212e-06   -1.354687e-22   -1.237896e-22    9.455417e-05    9.333966e-05
   3.708333e-02    4.748807e+05    4.647551e+05    7.266871e+03    7.015425e+03   -2.390344e-12    1.944220e-13    2.233126e+04    2.421144e+04   -2.490969e-16    7.878624e-15    9.548764e+03    9.471497e+03   -5.897814e-06   -5.864966e-06   -1.354692e-22   -1.237729e-22    9.455565e-05    9.334096e-05
   3.750000e-02    4.832372e+05    4.728167e+05    7.353190e+03    7.103864e+03   -2.392888e-12    1.943966e-13    2.171428e+04    2.359780e+04   -2.410615e-16    7.624143e-15    9.577591e+03    9.502789e+03   -6.003196e-06   -5.967229e-06   -1.354697e-22   -1.237567e-22    9.455709e-05    9.334222e-05
   3.791667e-02    4.916338e+05    4.809188e+05    7.439708e+03    7.192506e+03   -2.395431e-12    1.943721e-13    2.109041e+04    2.297359e+04   -2.330261e-16    7.369694e-15    9.605607e+03    9.533271e+03   -6.109097e-06   -6.070009e-06   -1.354702e-22   -1.237411e-22    9.455849e-05    9.334346e-05
   3.833333e-02    5.000710e+05    4.890621e+05    7.526429e+03    7.281353e+03   -2.397975e-12    1.943484e-13    2.045964e+04    2.233874e+04   -2.249907e-16    7.115277e-15    9.632801e+03    9.562929e+03   -6.215521e-06   -6.173315e-06   -1.354707e-22   -1.237260e-22    9.455986e-05    9.334466e-05
   3.875000e-02    5.085491e+05    4.972472e+05    7.613355e+03    7.370409e+03   -2.400518e-12    1.943255e-13    1.982198e+04    2.169321e+04   -2.169553e-16    6.860891e-15    9.659166e+03    9.591749e+03   -6.322475e-06   -6.277156e-06   -1.354712e-22   -1.237115e-22    9.456118e-05    9.334583e-05
   3.916667e-02    5.170687e+05    5.054749e+05    7.700488e+03    7.459679e+03   -2.403062e-12    1.943035e-13    1.917744e+04    2.103693e+04   -2.089200e-16    6.606534e-15    9.684691e+03    9.619717e+03   -6.429965e-06   -6.381541e-06   -1.354716e-22   -1.236974e-22    9.456246e-05    9.334697e-05
   3.958333e-02    5.256301e+05    5.137459e+05    7.787829e+03    7.549164e+03   -2.405605e-12    1.942823e-13    1.852599e+04    2.036986e+04   -2.008846e-16    6.352205e-15    9.709367e+03    9.646819e+03   -6.537996e-06   -6.486479e-06   -1.354720e-22   -1.236839e-22    9.456370e-05    9.334808e-05
   4.000000e-02    5.342339e+05    5.220608e+05    7.875382e+03    7.638868e+03   -2.408149e-12    1.942619e-13    1.786766e+04    1.969193e+04   -1.928492e-16    6.097904e-15    9.733187e+03    9.673041e+03   -6.646573e-06   -6.591979e-06   -1.354724e-22   -1.236710e-22    9.456489e-05    9.334916e-05
   4.041667e-02    5.428804e+05    5.304204e+05    7.963148e+03    7.728796e+03   -2.410692e-12    1.942424e-13    1.720243e+04    1.900309e+04   -1.848138e-16    5.843628e-15    9.756140e+03    9.698368e+03   -6.755704e-06   -6.698050e-06   -1.354728e-22   -1.236585e-22    9.456605e-05    9.335020e-05
   4.083333e-02    5.515701e+05    5.388254e+05    8.051130e+03    7.818950e+03   -2.413236e-12    1.942237e-13    1.653032e+04    1.830327e+04   -1.767784e-16    5.589378e-15    9.778218e+03    9.722786e+03   -6.865392e-06   -6.804701e-06   -1.354732e-22   -1.236466e-22    9.456716e-05    9.335121e-05
   4.125000e-02    5.603035e+05    5.472764e+05    8.139330e+03    7.909334e+03   -2.415779e-12    1.942058e-13    1.585131e+04    1.759242e+04   -1.687430e-16    5.335152e-15    9.799412e+03    9.746281e+03   -6.975645e-06   -6.911940e-06   -1.354736e-22   -1.236352e-22    9.456823e-05    9.335219e-05
   4.166667e-02    5.690810e+05    5.557743e+05    8.227750e+03    7.999953e+03   -2.418323e-12    1.941888e-13    1.516540e+04    1.687048e+04   -1.607077e-16    5.080948e-15    9.819713e+03    9.768838e+03   -7.086468e-06   -7.019778e-06   -1.354739e-22   -1.236244e-22    9.456925e-05    9.335312e-05
   4.208333e-02    5.779030e+05    5.643197e+05    8.316393e+03    8.090808e+03   -2.420866e-12    1.941725e-13    1.447261e+04    1.613739e+04   -1.526723e-16    4.826766e-15    9.839111e+03    9.790443e+03   -7.197866e-06   -7.128224e-06   -1.354742e-22   -1.236141e-22    9.457023e-05    9.335403e-05
   4.250000e-02    5.867701e+05    5.729134e+05    8.405260e+03    8.181904e+03   -2.423410e-12    1.941572e-13    1.377292e+04    1.539308e+04   -1.446369e-16    4.572605e-15    9.857597e+03    9.811080e+03   -7.309845e-06   -7.237286e-06   -1.354746e-22   -1.236043e-22    9.457116e-05    9.335489e-05
   4.291667e-02    5.956825e+05    5.815560e+05    8.494353e+03    8.273244e+03   -2.425953e-12    1.941426e-13    1.306634e+04    1.463748e+04   -1.366015e-16    4.318464e-15    9.875164e+03    9.830737e+03   -7.422411e-06   -7.346974e-06   -1.354748e-22   -1.235950e-22    9.457204e-05    9.335572e-05
   4.333333e-02    6.046409e+05    5.902484e+05    8.583676e+03    8.364833e+03   -2.428497e-12    1.941289e-13    1.235287e+04    1.387055e+04   -1.285661e-16    4.064341e-15    9.891800e+03    9.849396e+03   -7.535571e-06   -7.457298e-06   -1.354751e-22   -1.235863e-22    9.457288e-05    9.335652e-05
   4.375000e-02    6.136456e+05    5.989912e+05    8.673230e+03    8.456673e+03   -2.431041e-12    1.941160e-13    1.163251e+04    1.309220e+04   -1.205307e-16    3.810235e-15    9.907499e+03    9.867045e+03   -7.649328e-06   -7.568267e-06   -1.354754e-22   -1.235781e-22    9.457367e-05    9.335727e-05
   4.416667e-02    6.226970e+05    6.077852e+05    8.763017e+03    8.548769e+03   -2.433584e-12    1.941040e-13    1.090525e+04    1.230237e+04   -1.124954e-16    3.556146e-15    9.922250e+03    9.883667e+03   -7.763690e-06   -7.679890e-06   -1.354756e-22   -1.235704e-22    9.457442e-05    9.335799e-05
   4.458333e-02    6.317957e+05    6.166312e+05    8.853040e+03    8.641124e+03   -2.436128e-12    1.940927e-13    1.017111e+04    1.150100e+04   -1.044600e-16    3.302072e-15    9.936044e+03    9.899247e+03   -7.878662e-06   -7.792177e-06   -1.354758e-22   -1.235633e-22    9.457511e-05    9.335866e-05
   4.500000e-02    6.409421e+05    6.255299e+05    8.943301e+03    8.733742e+03   -2.438671e-12    1.940823e-13    9.430066e+03    1.068801e+04   -9.642460e-17    3.048012e-15    9.948873e+03    9.913771e+03   -7.994249e-06   -7.905137e-06   -1.354761e-22   -1.235567e-22    9.457576e-05    9.335930e-05
   4.541667e-02    6.501366e+05    6.344820e+05    9.033802e+03    8.826626e+03   -2.441215e-12    1.940728e-13    8.682134e+03    9.863339e+03   -8.838921e-17    2.793965e-15    9.960727e+03    9.927223e+03   -8.110458e-06   -8.018781e-06   -1.354763e-22   -1.235506e-22    9.457635e-05    9.335989e-05
   4.583333e-02    6.593796e+05    6.434884e+05    9.124544e+03    8.919781e+03   -2.443758e-12    1.940641e-13    7.927310e+03    9.026915e+03   -8.035383e-17    2.539930e-15    9.971598e+03    9.939588e+03   -8.227293e-06   -8.133117e-06   -1.354764e-22   -1.235450e-22    9.457690e-05    9.336044e-05
   4.625000e-02    6.686716e+05    6.525497e+05    9.215532e+03    9.013209e+03   -2.446302e-12    1.940562e-13    7.165594e+03    8.178666e+03   -7.231845e-17    2.285906e-15    9.981477e+03    9.950850e+03   -8.344762e-06   -8.248156e-06   -1.354766e-22   -1.235400e-22    9.457739e-05    9.336095e-05
   4.666667e-02    6.780131e+05    6.616667e+05    9.306766e+03    9.106916e+03   -2.448845e-12    1.940491e-13    6.396986e+03    7.318520e+03   -6.428306e-17    2.031892e-15    9.990353e+03    9.960995e+03   -8.462869e-06   -8.363908e-06   -1.354767e-22   -1.235355e-22    9.457784e-05    9.336142e-05
   4.708333e-02    6.874044e+05    6.708403e+05    9.398249e+03    9.200905e+03   -2.451389e-12    1.940429e-13    5.621485e+03    6.446402e+03   -5.624768e-17    1.777886e-15    9.998219e+03    9.970005e+03   -8.581621e-06   -8.480382e-06   -1.354769e-22   -1.235315e-22    9.457823e-05    9.336184e-05
   4.750000e-02    6.968462e+05    6.800712e+05    9.489983e+03    9.295179e+03   -2.453932e-12    1.940375e-13    4.839092e+03    5.562239e+03   -4.821230e-17    1.523888e-15    1.000507e+04    9.977866e+03   -8.701022e-06   -8.597588e-06   -1.354770e-22   -1.235281e-22    9.457856e-05    9.336222e-05
   4.791667e-02    7.063386e+05    6.893602e+05    9.581971e+03    9.389742e+03   -2.456476e-12    1.940329e-13    4.049807e+03    4.665954e+03   -4.017692e-17    1.269897e-15    1.001088e+04    9.984562e+03   -8.821079e-06   -8.715536e-06   -1.354771e-22   -1.235252e-22    9.457885e-05    9.336255e-05
   4.833333e-02    7.158824e+05    6.987080e+05    9.674214e+03    9.484599e+03   -2.459019e-12    1.940292e-13    3.253630e+03    3.757472e+03   -3.214153e-17    1.015911e-15    1.001566e+04    9.990076e+03   -8.941798e-06   -8.834237e-06   -1.354771e-22   -1.235228e-22    9.457908e-05    9.336284e-05
   4.875000e-02    7.254778e+05    7.081155e+05    9.766714e+03    9.579754e+03   -2.461563e-12    1.940262e-13    2.450561e+03    2.836715e+03   -2.410615e-17    7.619295e-16    1.001940e+04    9.994393e+03   -9.063184e-06   -8.953700e-06   -1.354772e-22   -1.235209e-22    9.457925e-05    9.336308e-05
   4.916667e-02    7.351253e+05    7.175835e+05    9.859475e+03    9.675209e+03   -2.464106e-12    1.940242e-13    1.640599e+03    1.903604e+03   -1.607077e-17    5.079512e-16    1.002207e+04    9.997497e+03   -9.185243e-06   -9.073937e-06   -1.354772e-22   -1.235196e-22    9.457937e-05    9.336327e-05
   4.958333e-02    7.448254e+05    7.271127e+05    9.952498e+03    9.770970e+03   -2.466650e-12    1.940229e-13    8.237458e+02    9.580590e+02   -8.035383e-18    2.539750e-16    1.002369e+04    9.999372e+03   -9.307980e-06   -9.194956e-06   -1.354773e-22   -1.235188e-22    9.457943e-05    9.336341e-05
   5.000000e-02    7.545785e+05    7.367040e+05    1.004578e+04    9.867040e+03   -2.469193e-12    1.940225e-13    1.985043e-06    2.299790e-06   -9.629650e-27    6.095259e-25    1.002423e+04    1.000000e+04   -9.431402e-06   -9.316768e-06   -1.354773e-22   -1.235186e-22    9.457944e-05    9.336351e-05
