# garg caseA [0/90/0], S = a/h = 10 -- IN-PLANE stress recovery at the sin-peak station x = a/2
# reference surface: MID-SURFACE (fraction = 0.5); plies (bottom->top): pagano(0.03333m/0), pagano(0.03333m/90), pagano(0.03333m/0)
# 
# MSG-RM: Yu-2003 Eq.-66 recovery with E6 = Es and E6,11 = -p^2 Es
#   (at the sin peak E6,1 = 0, so the SECOND gradient carries all of
#    the gradient content -- a first-order-only recovery loses it)
#   plate DOF amplitudes [U, V, W, F1, F2] = [-2.65801e-22, 5.16535e-35, 9.43817e-05, -0.000160113, 5.62664e-18]
#   strain amplitudes Es = [8.35039e-22, 0, -1.62274e-34, 0.000503011, 0, -1.76766e-17]
# 
# FSDT/CLT standalone: classical ABD + Whitney-1973 k1^2 = 0.582778,
#   its own harmonic plate solve, stresses = Qbar(z) (e0 + z k).
#   (a single scalar k is used for both shear terms; the in-plane
#    stresses are insensitive to it for these laminates)
#   strain amplitudes Es_fsdt = [3.33141e-57, 0, 1.65715e-38, 0.000503011, 0, 8.54158e-21]
# 
# rel L2 errors vs exact 3-D [%] (floored components: s12 -- exact field < 1% of ||s11||, error normalized by 1e-2 ||s11|| instead):
#   MSG-RM   s11   2.0083   s22   5.6036   s12   0.0000
#   FSDT/CLT s11  14.0833   s22  35.3614   s12   0.0000
# 
# columns: z[m]  s11_msg s11_exact s11_fsdt  s22_msg s22_exact s22_fsdt  s12_msg s12_exact s12_fsdt  [Pa]
  -5.000000e-02   -7.515384e+05   -7.363036e+05   -6.303392e+05   -7.515384e+03   -7.363036e+03   -6.303392e+03    4.402084e-10   -2.050710e-13   -2.135396e-13
  -4.958333e-02   -7.417844e+05   -7.267605e+05   -6.250863e+05   -7.422328e+03   -7.267448e+03   -6.250863e+03    4.364655e-10   -2.050714e-13   -2.117601e-13
  -4.916667e-02   -7.320834e+05   -7.172791e+05   -6.198335e+05   -7.329535e+03   -7.172165e+03   -6.198335e+03    4.327245e-10   -2.050727e-13   -2.099806e-13
  -4.875000e-02   -7.224350e+05   -7.078584e+05   -6.145807e+05   -7.237002e+03   -7.077183e+03   -6.145807e+03    4.289853e-10   -2.050749e-13   -2.082011e-13
  -4.833333e-02   -7.128387e+05   -6.984978e+05   -6.093279e+05   -7.144727e+03   -6.982499e+03   -6.093279e+03    4.252481e-10   -2.050780e-13   -2.064216e-13
  -4.791667e-02   -7.032941e+05   -6.891965e+05   -6.040750e+05   -7.052708e+03   -6.888107e+03   -6.040750e+03    4.215126e-10   -2.050820e-13   -2.046421e-13
  -4.750000e-02   -6.938007e+05   -6.799536e+05   -5.988222e+05   -6.960943e+03   -6.794005e+03   -5.988222e+03    4.177789e-10   -2.050868e-13   -2.028626e-13
  -4.708333e-02   -6.843581e+05   -6.707684e+05   -5.935694e+05   -6.869428e+03   -6.700188e+03   -5.935694e+03    4.140471e-10   -2.050925e-13   -2.010831e-13
  -4.666667e-02   -6.749659e+05   -6.616400e+05   -5.883166e+05   -6.778163e+03   -6.606653e+03   -5.883166e+03    4.103170e-10   -2.050991e-13   -1.993036e-13
  -4.625000e-02   -6.656235e+05   -6.525678e+05   -5.830637e+05   -6.687145e+03   -6.513395e+03   -5.830637e+03    4.065887e-10   -2.051066e-13   -1.975241e-13
  -4.583333e-02   -6.563306e+05   -6.435509e+05   -5.778109e+05   -6.596371e+03   -6.420412e+03   -5.778109e+03    4.028622e-10   -2.051149e-13   -1.957446e-13
  -4.541667e-02   -6.470867e+05   -6.345886e+05   -5.725581e+05   -6.505840e+03   -6.327698e+03   -5.725581e+03    3.991374e-10   -2.051241e-13   -1.939651e-13
  -4.500000e-02   -6.378914e+05   -6.256802e+05   -5.673052e+05   -6.415549e+03   -6.235251e+03   -5.673052e+03    3.954143e-10   -2.051342e-13   -1.921856e-13
  -4.458333e-02   -6.287442e+05   -6.168248e+05   -5.620524e+05   -6.325496e+03   -6.143066e+03   -5.620524e+03    3.916929e-10   -2.051452e-13   -1.904061e-13
  -4.416667e-02   -6.196446e+05   -6.080217e+05   -5.567996e+05   -6.235679e+03   -6.051141e+03   -5.567996e+03    3.879732e-10   -2.051571e-13   -1.886266e-13
  -4.375000e-02   -6.105923e+05   -5.992701e+05   -5.515468e+05   -6.146096e+03   -5.959470e+03   -5.515468e+03    3.842551e-10   -2.051698e-13   -1.868471e-13
  -4.333333e-02   -6.015868e+05   -5.905694e+05   -5.462939e+05   -6.056744e+03   -5.868051e+03   -5.462939e+03    3.805388e-10   -2.051834e-13   -1.850676e-13
  -4.291667e-02   -5.926276e+05   -5.819188e+05   -5.410411e+05   -5.967621e+03   -5.776880e+03   -5.410411e+03    3.768240e-10   -2.051979e-13   -1.832881e-13
  -4.250000e-02   -5.837143e+05   -5.733175e+05   -5.357883e+05   -5.878725e+03   -5.685953e+03   -5.357883e+03    3.731109e-10   -2.052133e-13   -1.815087e-13
  -4.208333e-02   -5.748464e+05   -5.647648e+05   -5.305355e+05   -5.790054e+03   -5.595267e+03   -5.305355e+03    3.693994e-10   -2.052296e-13   -1.797292e-13
  -4.166667e-02   -5.660235e+05   -5.562601e+05   -5.252826e+05   -5.701606e+03   -5.504818e+03   -5.252826e+03    3.656895e-10   -2.052467e-13   -1.779497e-13
  -4.125000e-02   -5.572452e+05   -5.478025e+05   -5.200298e+05   -5.613377e+03   -5.414602e+03   -5.200298e+03    3.619812e-10   -2.052647e-13   -1.761702e-13
  -4.083333e-02   -5.485110e+05   -5.393913e+05   -5.147770e+05   -5.525367e+03   -5.324616e+03   -5.147770e+03    3.582744e-10   -2.052836e-13   -1.743907e-13
  -4.041667e-02   -5.398204e+05   -5.310259e+05   -5.095242e+05   -5.437573e+03   -5.234856e+03   -5.095242e+03    3.545692e-10   -2.053034e-13   -1.726112e-13
  -4.000000e-02   -5.311731e+05   -5.227055e+05   -5.042713e+05   -5.349993e+03   -5.145319e+03   -5.042713e+03    3.508655e-10   -2.053240e-13   -1.708317e-13
  -3.958333e-02   -5.225685e+05   -5.144295e+05   -4.990185e+05   -5.262624e+03   -5.056002e+03   -4.990185e+03    3.471633e-10   -2.053456e-13   -1.690522e-13
  -3.916667e-02   -5.140063e+05   -5.061970e+05   -4.937657e+05   -5.175464e+03   -4.966900e+03   -4.937657e+03    3.434626e-10   -2.053680e-13   -1.672727e-13
  -3.875000e-02   -5.054859e+05   -4.980075e+05   -4.885128e+05   -5.088511e+03   -4.878011e+03   -4.885128e+03    3.397634e-10   -2.053913e-13   -1.654932e-13
  -3.833333e-02   -4.970070e+05   -4.898602e+05   -4.832600e+05   -5.001763e+03   -4.789330e+03   -4.832600e+03    3.360657e-10   -2.054154e-13   -1.637137e-13
  -3.791667e-02   -4.885690e+05   -4.817544e+05   -4.780072e+05   -4.915218e+03   -4.700855e+03   -4.780072e+03    3.323694e-10   -2.054405e-13   -1.619342e-13
  -3.750000e-02   -4.801716e+05   -4.736895e+05   -4.727544e+05   -4.828873e+03   -4.612582e+03   -4.727544e+03    3.286746e-10   -2.054664e-13   -1.601547e-13
  -3.708333e-02   -4.718143e+05   -4.656647e+05   -4.675015e+05   -4.742727e+03   -4.524507e+03   -4.675015e+03    3.249812e-10   -2.054932e-13   -1.583752e-13
  -3.666667e-02   -4.634966e+05   -4.576794e+05   -4.622487e+05   -4.656776e+03   -4.436628e+03   -4.622487e+03    3.212892e-10   -2.055209e-13   -1.565957e-13
  -3.625000e-02   -4.552182e+05   -4.497329e+05   -4.569959e+05   -4.571019e+03   -4.348941e+03   -4.569959e+03    3.175985e-10   -2.055495e-13   -1.548162e-13
  -3.583333e-02   -4.469785e+05   -4.418245e+05   -4.517431e+05   -4.485454e+03   -4.261442e+03   -4.517431e+03    3.139093e-10   -2.055789e-13   -1.530367e-13
  -3.541667e-02   -4.387771e+05   -4.339536e+05   -4.464902e+05   -4.400078e+03   -4.174129e+03   -4.464902e+03    3.102214e-10   -2.056093e-13   -1.512572e-13
  -3.500000e-02   -4.306136e+05   -4.261194e+05   -4.412374e+05   -4.314889e+03   -4.086997e+03   -4.412374e+03    3.065348e-10   -2.056405e-13   -1.494777e-13
  -3.458333e-02   -4.224875e+05   -4.183213e+05   -4.359846e+05   -4.229885e+03   -4.000044e+03   -4.359846e+03    3.028496e-10   -2.056726e-13   -1.476982e-13
  -3.416667e-02   -4.143984e+05   -4.105587e+05   -4.307318e+05   -4.145064e+03   -3.913266e+03   -4.307318e+03    2.991656e-10   -2.057056e-13   -1.459187e-13
  -3.375000e-02   -4.063458e+05   -4.028309e+05   -4.254789e+05   -4.060423e+03   -3.826661e+03   -4.254789e+03    2.954830e-10   -2.057394e-13   -1.441392e-13
  -3.333333e-02   -3.983293e+05   -3.951373e+05   -4.202261e+05   -3.975961e+03   -3.740224e+03   -4.202261e+03    2.918017e-10   -2.057742e-13   -1.423597e-13
  -3.291667e-02   -3.903484e+05   -3.874771e+05   -4.149733e+05   -3.891675e+03   -3.653953e+03   -4.149733e+03    2.881216e-10   -2.058098e-13   -1.405802e-13
  -3.250000e-02   -3.824028e+05   -3.798497e+05   -4.097205e+05   -3.807562e+03   -3.567844e+03   -4.097205e+03    2.844427e-10   -2.058463e-13   -1.388007e-13
  -3.208333e-02   -3.744919e+05   -3.722545e+05   -4.044676e+05   -3.723621e+03   -3.481894e+03   -4.044676e+03    2.807651e-10   -2.058837e-13   -1.370212e-13
  -3.166667e-02   -3.666153e+05   -3.646909e+05   -3.992148e+05   -3.639850e+03   -3.396100e+03   -3.992148e+03    2.770887e-10   -2.059219e-13   -1.352417e-13
  -3.125000e-02   -3.587725e+05   -3.571581e+05   -3.939620e+05   -3.556246e+03   -3.310458e+03   -3.939620e+03    2.734135e-10   -2.059611e-13   -1.334622e-13
  -3.083333e-02   -3.509632e+05   -3.496556e+05   -3.887091e+05   -3.472806e+03   -3.224966e+03   -3.887091e+03    2.697395e-10   -2.060011e-13   -1.316827e-13
  -3.041667e-02   -3.431868e+05   -3.421827e+05   -3.834563e+05   -3.389530e+03   -3.139621e+03   -3.834563e+03    2.660666e-10   -2.060420e-13   -1.299033e-13
  -3.000000e-02   -3.354430e+05   -3.347388e+05   -3.782035e+05   -3.306414e+03   -3.054418e+03   -3.782035e+03    2.623949e-10   -2.060838e-13   -1.281238e-13
  -2.958333e-02   -3.277312e+05   -3.273232e+05   -3.729507e+05   -3.223457e+03   -2.969356e+03   -3.729507e+03    2.587244e-10   -2.061265e-13   -1.263443e-13
  -2.916667e-02   -3.200511e+05   -3.199354e+05   -3.676978e+05   -3.140655e+03   -2.884431e+03   -3.676978e+03    2.550549e-10   -2.061700e-13   -1.245648e-13
  -2.875000e-02   -3.124021e+05   -3.125746e+05   -3.624450e+05   -3.058008e+03   -2.799639e+03   -3.624450e+03    2.513866e-10   -2.062145e-13   -1.227853e-13
  -2.833333e-02   -3.047839e+05   -3.052403e+05   -3.571922e+05   -2.975512e+03   -2.714978e+03   -3.571922e+03    2.477193e-10   -2.062598e-13   -1.210058e-13
  -2.791667e-02   -2.971960e+05   -2.979318e+05   -3.519394e+05   -2.893166e+03   -2.630445e+03   -3.519394e+03    2.440532e-10   -2.063060e-13   -1.192263e-13
  -2.750000e-02   -2.896379e+05   -2.906485e+05   -3.466865e+05   -2.810967e+03   -2.546036e+03   -3.466865e+03    2.403880e-10   -2.063531e-13   -1.174468e-13
  -2.708333e-02   -2.821093e+05   -2.833898e+05   -3.414337e+05   -2.728913e+03   -2.461749e+03   -3.414337e+03    2.367240e-10   -2.064011e-13   -1.156673e-13
  -2.666667e-02   -2.746096e+05   -2.761551e+05   -3.361809e+05   -2.647002e+03   -2.377580e+03   -3.361809e+03    2.330609e-10   -2.064499e-13   -1.138878e-13
  -2.625000e-02   -2.671384e+05   -2.689438e+05   -3.309281e+05   -2.565232e+03   -2.293526e+03   -3.309281e+03    2.293989e-10   -2.064997e-13   -1.121083e-13
  -2.583333e-02   -2.596953e+05   -2.617552e+05   -3.256752e+05   -2.483600e+03   -2.209584e+03   -3.256752e+03    2.257378e-10   -2.065503e-13   -1.103288e-13
  -2.541667e-02   -2.522798e+05   -2.545887e+05   -3.204224e+05   -2.402104e+03   -2.125752e+03   -3.204224e+03    2.220777e-10   -2.066018e-13   -1.085493e-13
  -2.500000e-02   -2.448914e+05   -2.474438e+05   -3.151696e+05   -2.320742e+03   -2.042026e+03   -3.151696e+03    2.184186e-10   -2.066542e-13   -1.067698e-13
  -2.458333e-02   -2.375298e+05   -2.403198e+05   -3.099168e+05   -2.239512e+03   -1.958403e+03   -3.099168e+03    2.147605e-10   -2.067075e-13   -1.049903e-13
  -2.416667e-02   -2.301945e+05   -2.332161e+05   -3.046639e+05   -2.158412e+03   -1.874881e+03   -3.046639e+03    2.111032e-10   -2.067617e-13   -1.032108e-13
  -2.375000e-02   -2.228850e+05   -2.261321e+05   -2.994111e+05   -2.077439e+03   -1.791455e+03   -2.994111e+03    2.074469e-10   -2.068168e-13   -1.014313e-13
  -2.333333e-02   -2.156010e+05   -2.190672e+05   -2.941583e+05   -1.996591e+03   -1.708124e+03   -2.941583e+03    2.037915e-10   -2.068727e-13   -9.965181e-14
  -2.291667e-02   -2.083418e+05   -2.120208e+05   -2.889054e+05   -1.915867e+03   -1.624883e+03   -2.889054e+03    2.001369e-10   -2.069295e-13   -9.787231e-14
  -2.250000e-02   -2.011072e+05   -2.049923e+05   -2.836526e+05   -1.835263e+03   -1.541731e+03   -2.836526e+03    1.964833e-10   -2.069872e-13   -9.609282e-14
  -2.208333e-02   -1.938966e+05   -1.979811e+05   -2.783998e+05   -1.754777e+03   -1.458665e+03   -2.783998e+03    1.928305e-10   -2.070458e-13   -9.431332e-14
  -2.166667e-02   -1.867097e+05   -1.909867e+05   -2.731470e+05   -1.674408e+03   -1.375680e+03   -2.731470e+03    1.891785e-10   -2.071053e-13   -9.253382e-14
  -2.125000e-02   -1.795459e+05   -1.840083e+05   -2.678941e+05   -1.594152e+03   -1.292775e+03   -2.678941e+03    1.855273e-10   -2.071657e-13   -9.075433e-14
  -2.083333e-02   -1.724048e+05   -1.770454e+05   -2.626413e+05   -1.514009e+03   -1.209946e+03   -2.626413e+03    1.818770e-10   -2.072270e-13   -8.897483e-14
  -2.041667e-02   -1.652860e+05   -1.700975e+05   -2.573885e+05   -1.433975e+03   -1.127191e+03   -2.573885e+03    1.782274e-10   -2.072891e-13   -8.719533e-14
  -2.000000e-02   -1.581891e+05   -1.631639e+05   -2.521357e+05   -1.354049e+03   -1.044506e+03   -2.521357e+03    1.745786e-10   -2.073522e-13   -8.541584e-14
  -1.958333e-02   -1.511135e+05   -1.562441e+05   -2.468828e+05   -1.274228e+03   -9.618887e+02   -2.468828e+03    1.709306e-10   -2.074161e-13   -8.363634e-14
  -1.916667e-02   -1.440588e+05   -1.493374e+05   -2.416300e+05   -1.194510e+03   -8.793359e+02   -2.416300e+03    1.672833e-10   -2.074809e-13   -8.185684e-14
  -1.875000e-02   -1.370247e+05   -1.424433e+05   -2.363772e+05   -1.114893e+03   -7.968449e+02   -2.363772e+03    1.636367e-10   -2.075466e-13   -8.007735e-14
  -1.833333e-02   -1.300106e+05   -1.355612e+05   -2.311244e+05   -1.035375e+03   -7.144126e+02   -2.311244e+03    1.599908e-10   -2.076132e-13   -7.829785e-14
  -1.791667e-02   -1.230161e+05   -1.286904e+05   -2.258715e+05   -9.559523e+02   -6.320363e+02   -2.258715e+03    1.563457e-10   -2.076807e-13   -7.651835e-14
  -1.750000e-02   -1.160407e+05   -1.218305e+05   -2.206187e+05   -8.766243e+02   -5.497129e+02   -2.206187e+03    1.527012e-10   -2.077491e-13   -7.473886e-14
  -1.708333e-02   -1.090841e+05   -1.149808e+05   -2.153659e+05   -7.973882e+02   -4.674395e+02   -2.153659e+03    1.490574e-10   -2.078183e-13   -7.295936e-14
  -1.666667e-02   -1.021457e+05   -1.081407e+05   -2.101131e+05   -7.182419e+02   -3.852134e+02   -2.101131e+03    1.454142e-10   -2.078885e-13   -7.117986e-14
  -1.666667e-02   -3.794013e+03   -3.655607e+03   -8.404522e+03   -6.452878e+02   -2.177081e+02   -2.101131e+03    1.453565e-10   -2.637155e-13   -1.985504e-13
  -1.625000e-02   -3.666864e+03   -3.535479e+03   -8.194409e+03   -5.900513e+02   -1.738261e+02   -2.048602e+03    1.416604e-10   -2.568435e-13   -1.935867e-13
  -1.583333e-02   -3.539778e+03   -3.415373e+03   -7.984296e+03   -5.348267e+02   -1.299483e+02   -1.996074e+03    1.379645e-10   -2.499718e-13   -1.886229e-13
  -1.541667e-02   -3.412754e+03   -3.295289e+03   -7.774183e+03   -4.796138e+02   -8.607428e+01   -1.943546e+03    1.342689e-10   -2.431002e-13   -1.836591e-13
  -1.500000e-02   -3.285789e+03   -3.175225e+03   -7.564070e+03   -4.244122e+02   -4.220398e+01   -1.891017e+03    1.305735e-10   -2.362289e-13   -1.786954e-13
  -1.458333e-02   -3.158883e+03   -3.055180e+03   -7.353957e+03   -3.692216e+02    1.662835e+00   -1.838489e+03    1.268784e-10   -2.293578e-13   -1.737316e-13
  -1.416667e-02   -3.032033e+03   -2.935154e+03   -7.143844e+03   -3.140418e+02    4.552638e+01   -1.785961e+03    1.231834e-10   -2.224868e-13   -1.687679e-13
  -1.375000e-02   -2.905237e+03   -2.815145e+03   -6.933731e+03   -2.588722e+02    8.938684e+01   -1.733433e+03    1.194887e-10   -2.156161e-13   -1.638041e-13
  -1.333333e-02   -2.778496e+03   -2.695153e+03   -6.723618e+03   -2.037128e+02    1.332444e+02   -1.680904e+03    1.157942e-10   -2.087455e-13   -1.588403e-13
  -1.291667e-02   -2.651805e+03   -2.575175e+03   -6.513505e+03   -1.485630e+02    1.770994e+02   -1.628376e+03    1.120999e-10   -2.018751e-13   -1.538766e-13
  -1.250000e-02   -2.525165e+03   -2.455212e+03   -6.303392e+03   -9.342272e+01    2.209519e+02   -1.575848e+03    1.084057e-10   -1.950048e-13   -1.489128e-13
  -1.208333e-02   -2.398573e+03   -2.335263e+03   -6.093279e+03   -3.829148e+01    2.648021e+02   -1.523320e+03    1.047118e-10   -1.881347e-13   -1.439491e-13
  -1.166667e-02   -2.272028e+03   -2.215325e+03   -5.883166e+03    1.683098e+01    3.086502e+02   -1.470791e+03    1.010181e-10   -1.812647e-13   -1.389853e-13
  -1.125000e-02   -2.145528e+03   -2.095399e+03   -5.673052e+03    7.194499e+01    3.524965e+02   -1.418263e+03    9.732449e-11   -1.743949e-13   -1.340215e-13
  -1.083333e-02   -2.019071e+03   -1.975482e+03   -5.462939e+03    1.270509e+02    3.963412e+02   -1.365735e+03    9.363109e-11   -1.675252e-13   -1.290578e-13
  -1.041667e-02   -1.892656e+03   -1.855575e+03   -5.252826e+03    1.821489e+02    4.401844e+02   -1.313207e+03    8.993786e-11   -1.606556e-13   -1.240940e-13
  -1.000000e-02   -1.766282e+03   -1.735676e+03   -5.042713e+03    2.372395e+02    4.840264e+02   -1.260678e+03    8.624478e-11   -1.537861e-13   -1.191303e-13
  -9.583333e-03   -1.639946e+03   -1.615784e+03   -4.832600e+03    2.923229e+02    5.278674e+02   -1.208150e+03    8.255185e-11   -1.469167e-13   -1.141665e-13
  -9.166667e-03   -1.513647e+03   -1.495899e+03   -4.622487e+03    3.473994e+02    5.717075e+02   -1.155622e+03    7.885907e-11   -1.400474e-13   -1.092027e-13
  -8.750000e-03   -1.387384e+03   -1.376018e+03   -4.412374e+03    4.024695e+02    6.155470e+02   -1.103094e+03    7.516643e-11   -1.331781e-13   -1.042390e-13
  -8.333333e-03   -1.261154e+03   -1.256141e+03   -4.202261e+03    4.575332e+02    6.593861e+02   -1.050565e+03    7.147392e-11   -1.263090e-13   -9.927522e-14
  -7.916667e-03   -1.134956e+03   -1.136268e+03   -3.992148e+03    5.125912e+02    7.032249e+02   -9.980370e+02    6.778154e-11   -1.194399e-13   -9.431145e-14
  -7.500000e-03   -1.008789e+03   -1.016396e+03   -3.782035e+03    5.676435e+02    7.470638e+02   -9.455087e+02    6.408928e-11   -1.125709e-13   -8.934769e-14
  -7.083333e-03   -8.826506e+02   -8.965255e+02   -3.571922e+03    6.226906e+02    7.909028e+02   -8.929805e+02    6.039713e-11   -1.057019e-13   -8.438393e-14
  -6.666667e-03   -7.565394e+02   -7.766549e+02   -3.361809e+03    6.777327e+02    8.347422e+02   -8.404522e+02    5.670509e-11   -9.883296e-14   -7.942017e-14
  -6.250000e-03   -6.304539e+02   -6.567832e+02   -3.151696e+03    7.327702e+02    8.785822e+02   -7.879240e+02    5.301314e-11   -9.196405e-14   -7.445641e-14
  -5.833333e-03   -5.043924e+02   -5.369094e+02   -2.941583e+03    7.878034e+02    9.224230e+02   -7.353957e+02    4.932130e-11   -8.509516e-14   -6.949265e-14
  -5.416667e-03   -3.783532e+02   -4.170325e+02   -2.731470e+03    8.428327e+02    9.662649e+02   -6.828674e+02    4.562954e-11   -7.822629e-14   -6.452889e-14
  -5.000000e-03   -2.523348e+02   -2.971515e+02   -2.521357e+03    8.978583e+02    1.010108e+03   -6.303392e+02    4.193786e-11   -7.135742e-14   -5.956513e-14
  -4.583333e-03   -1.263355e+02   -1.772654e+02   -2.311244e+03    9.528806e+02    1.053952e+03   -5.778109e+02    3.824626e-11   -6.448855e-14   -5.460137e-14
  -4.166667e-03   -3.536004e-01   -5.737308e+01   -2.101131e+03    1.007900e+03    1.097798e+03   -5.252826e+02    3.455473e-11   -5.761968e-14   -4.963761e-14
  -3.750000e-03    1.256124e+02    6.252639e+01   -1.891017e+03    1.062916e+03    1.141646e+03   -4.727544e+02    3.086327e-11   -5.075078e-14   -4.467385e-14
  -3.333333e-03    2.515642e+02    1.824341e+02   -1.680904e+03    1.117931e+03    1.185496e+03   -4.202261e+02    2.717185e-11   -4.388185e-14   -3.971009e-14
  -2.916667e-03    3.775034e+02    3.023509e+02   -1.470791e+03    1.172943e+03    1.229348e+03   -3.676978e+02    2.348049e-11   -3.701289e-14   -3.474633e-14
  -2.500000e-03    5.034316e+02    4.222781e+02   -1.260678e+03    1.227953e+03    1.273203e+03   -3.151696e+02    1.978918e-11   -3.014388e-14   -2.978256e-14
  -2.083333e-03    6.293504e+02    5.422165e+02   -1.050565e+03    1.282962e+03    1.317060e+03   -2.626413e+02    1.609790e-11   -2.327483e-14   -2.481880e-14
  -1.666667e-03    7.552616e+02    6.621672e+02   -8.404522e+02    1.337970e+03    1.360920e+03   -2.101131e+02    1.240665e-11   -1.640571e-14   -1.985504e-14
  -1.250000e-03    8.811666e+02    7.821311e+02   -6.303392e+02    1.392977e+03    1.404783e+03   -1.575848e+02    8.715432e-12   -9.536517e-15   -1.489128e-14
  -8.333333e-04    1.007067e+03    9.021095e+02   -4.202261e+02    1.447984e+03    1.448649e+03   -1.050565e+02    5.024230e-12   -2.667250e-15   -9.927522e-15
  -4.166667e-04    1.132965e+03    1.022103e+03   -2.101131e+02    1.502990e+03    1.492519e+03   -5.252826e+01    1.333040e-12    4.202103e-15   -4.963761e-15
  -3.469447e-18    1.258861e+03    1.142113e+03   -1.749543e-12    1.557997e+03    1.536393e+03   -4.373857e-13   -2.358143e-12    1.107155e-14   -3.304588e-29
   4.166667e-04    1.384758e+03    1.262141e+03    2.101131e+02    1.613004e+03    1.580270e+03    5.252826e+01   -6.049327e-12    1.794110e-14    4.963761e-15
   8.333333e-04    1.510657e+03    1.382186e+03    4.202261e+02    1.668012e+03    1.624151e+03    1.050565e+02   -9.740517e-12    2.481076e-14    9.927522e-15
   1.250000e-03    1.636560e+03    1.502252e+03    6.303392e+02    1.723021e+03    1.668037e+03    1.575848e+02   -1.343172e-11    3.168055e-14    1.489128e-14
   1.666667e-03    1.762468e+03    1.622337e+03    8.404522e+02    1.778032e+03    1.711927e+03    2.101131e+02   -1.712294e-11    3.855046e-14    1.985504e-14
   2.083333e-03    1.888382e+03    1.742445e+03    1.050565e+03    1.833044e+03    1.755822e+03    2.626413e+02   -2.081419e-11    4.542051e-14    2.481880e-14
   2.500000e-03    2.014306e+03    1.862574e+03    1.260678e+03    1.888058e+03    1.799721e+03    3.151696e+02   -2.450546e-11    5.229070e-14    2.978256e-14
   2.916667e-03    2.140239e+03    1.982728e+03    1.470791e+03    1.943075e+03    1.843626e+03    3.676978e+02   -2.819678e-11    5.916104e-14    3.474633e-14
   3.333333e-03    2.266184e+03    2.102905e+03    1.680904e+03    1.998095e+03    1.887536e+03    4.202261e+02   -3.188814e-11    6.603155e-14    3.971009e-14
   3.750000e-03    2.392143e+03    2.223109e+03    1.891017e+03    2.053118e+03    1.931452e+03    4.727544e+02   -3.557955e-11    7.290223e-14    4.467385e-14
   4.166667e-03    2.518117e+03    2.343339e+03    2.101131e+03    2.108144e+03    1.975373e+03    5.252826e+02   -3.927102e-11    7.977309e-14    4.963761e-14
   4.583333e-03    2.644107e+03    2.463596e+03    2.311244e+03    2.163174e+03    2.019300e+03    5.778109e+02   -4.296255e-11    8.664413e-14    5.460137e-14
   5.000000e-03    2.770116e+03    2.583882e+03    2.521357e+03    2.218207e+03    2.063233e+03    6.303392e+02   -4.665415e-11    9.351537e-14    5.956513e-14
   5.416667e-03    2.896144e+03    2.704198e+03    2.731470e+03    2.273245e+03    2.107173e+03    6.828674e+02   -5.034583e-11    1.003868e-13    6.452889e-14
   5.833333e-03    3.022194e+03    2.824545e+03    2.941583e+03    2.328288e+03    2.151119e+03    7.353957e+02   -5.403758e-11    1.072585e-13    6.949265e-14
   6.250000e-03    3.148268e+03    2.944923e+03    3.151696e+03    2.383336e+03    2.195071e+03    7.879240e+02   -5.772943e-11    1.141303e-13    7.445641e-14
   6.666667e-03    3.274366e+03    3.065334e+03    3.361809e+03    2.438389e+03    2.239031e+03    8.404522e+02   -6.142137e-11    1.210024e-13    7.942017e-14
   7.083333e-03    3.400490e+03    3.185779e+03    3.571922e+03    2.493448e+03    2.282998e+03    8.929805e+02   -6.511341e-11    1.278748e-13    8.438393e-14
   7.500000e-03    3.526643e+03    3.306259e+03    3.782035e+03    2.548512e+03    2.326972e+03    9.455087e+02   -6.880556e-11    1.347474e-13    8.934769e-14
   7.916667e-03    3.652825e+03    3.426774e+03    3.992148e+03    2.603583e+03    2.370954e+03    9.980370e+02   -7.249782e-11    1.416202e-13    9.431145e-14
   8.333333e-03    3.779038e+03    3.547326e+03    4.202261e+03    2.658661e+03    2.414943e+03    1.050565e+03   -7.619021e-11    1.484933e-13    9.927522e-14
   8.750000e-03    3.905285e+03    3.667916e+03    4.412374e+03    2.713745e+03    2.458941e+03    1.103094e+03   -7.988272e-11    1.553667e-13    1.042390e-13
   9.166667e-03    4.031566e+03    3.788545e+03    4.622487e+03    2.768837e+03    2.502946e+03    1.155622e+03   -8.357536e-11    1.622404e-13    1.092027e-13
   9.583333e-03    4.157883e+03    3.909214e+03    4.832600e+03    2.823936e+03    2.546960e+03    1.208150e+03   -8.726814e-11    1.691143e-13    1.141665e-13
   1.000000e-02    4.284238e+03    4.029924e+03    5.042713e+03    2.879043e+03    2.590982e+03    1.260678e+03   -9.096106e-11    1.759885e-13    1.191303e-13
   1.041667e-02    4.410632e+03    4.150676e+03    5.252826e+03    2.934158e+03    2.635013e+03    1.313207e+03   -9.465414e-11    1.828631e-13    1.240940e-13
   1.083333e-02    4.537068e+03    4.271471e+03    5.462939e+03    2.989281e+03    2.679054e+03    1.365735e+03   -9.834738e-11    1.897379e-13    1.290578e-13
   1.125000e-02    4.663546e+03    4.392309e+03    5.673052e+03    3.044414e+03    2.723103e+03    1.418263e+03   -1.020408e-10    1.966131e-13    1.340215e-13
   1.166667e-02    4.790068e+03    4.513193e+03    5.883166e+03    3.099555e+03    2.767162e+03    1.470791e+03   -1.057343e-10    2.034886e-13    1.389853e-13
   1.208333e-02    4.916636e+03    4.634123e+03    6.093279e+03    3.154706e+03    2.811230e+03    1.523320e+03   -1.094281e-10    2.103645e-13    1.439491e-13
   1.250000e-02    5.043252e+03    4.755100e+03    6.303392e+03    3.209867e+03    2.855308e+03    1.575848e+03   -1.131220e-10    2.172407e-13    1.489128e-13
   1.291667e-02    5.169917e+03    4.876125e+03    6.513505e+03    3.265038e+03    2.899396e+03    1.628376e+03   -1.168161e-10    2.241172e-13    1.538766e-13
   1.333333e-02    5.296633e+03    4.997200e+03    6.723618e+03    3.320219e+03    2.943495e+03    1.680904e+03   -1.205105e-10    2.309941e-13    1.588403e-13
   1.375000e-02    5.423401e+03    5.118324e+03    6.933731e+03    3.375411e+03    2.987603e+03    1.733433e+03   -1.242050e-10    2.378714e-13    1.638041e-13
   1.416667e-02    5.550223e+03    5.239500e+03    7.143844e+03    3.430615e+03    3.031723e+03    1.785961e+03   -1.278997e-10    2.447491e-13    1.687679e-13
   1.458333e-02    5.677101e+03    5.360728e+03    7.353957e+03    3.485829e+03    3.075853e+03    1.838489e+03   -1.315946e-10    2.516271e-13    1.737316e-13
   1.500000e-02    5.804037e+03    5.482010e+03    7.564070e+03    3.541055e+03    3.119994e+03    1.891017e+03   -1.352898e-10    2.585055e-13    1.786954e-13
   1.541667e-02    5.931031e+03    5.603345e+03    7.774183e+03    3.596293e+03    3.164146e+03    1.943546e+03   -1.389852e-10    2.653844e-13    1.836591e-13
   1.583333e-02    6.058086e+03    5.724736e+03    7.984296e+03    3.651544e+03    3.208310e+03    1.996074e+03   -1.426808e-10    2.722637e-13    1.886229e-13
   1.625000e-02    6.185203e+03    5.846184e+03    8.194409e+03    3.706807e+03    3.252486e+03    2.048602e+03   -1.463767e-10    2.791433e-13    1.935867e-13
   1.666667e-02    6.312383e+03    5.967688e+03    8.404522e+03    3.762083e+03    3.296673e+03    2.101131e+03   -1.500728e-10    2.860235e-13    1.985504e-13
   1.666667e-02    1.052625e+05    1.057696e+05    2.101131e+05    3.236613e+03    2.862447e+03    2.101131e+03   -1.501671e-10    1.966882e-13    7.117986e-14
   1.708333e-02    1.122010e+05    1.126338e+05    2.153659e+05    3.315841e+03    2.944875e+03    2.153659e+03   -1.538103e-10    1.966218e-13    7.295936e-14
   1.750000e-02    1.191577e+05    1.195078e+05    2.206187e+05    3.395161e+03    3.027354e+03    2.206187e+03   -1.574541e-10    1.965563e-13    7.473886e-14
   1.791667e-02    1.261332e+05    1.263922e+05    2.258715e+05    3.474575e+03    3.109885e+03    2.258715e+03   -1.610986e-10    1.964916e-13    7.651835e-14
   1.833333e-02    1.331278e+05    1.332876e+05    2.311244e+05    3.554085e+03    3.192473e+03    2.311244e+03   -1.647438e-10    1.964278e-13    7.829785e-14
   1.875000e-02    1.401420e+05    1.401947e+05    2.363772e+05    3.633694e+03    3.275119e+03    2.363772e+03   -1.683896e-10    1.963648e-13    8.007735e-14
   1.916667e-02    1.471763e+05    1.471139e+05    2.416300e+05    3.713403e+03    3.357828e+03    2.416300e+03   -1.720362e-10    1.963026e-13    8.185684e-14
   1.958333e-02    1.542310e+05    1.540460e+05    2.468828e+05    3.793215e+03    3.440601e+03    2.468828e+03   -1.756835e-10    1.962413e-13    8.363634e-14
   2.000000e-02    1.613067e+05    1.609913e+05    2.521357e+05    3.873132e+03    3.523442e+03    2.521357e+03   -1.793315e-10    1.961808e-13    8.541584e-14
   2.041667e-02    1.684038e+05    1.679507e+05    2.573885e+05    3.953157e+03    3.606353e+03    2.573885e+03   -1.829803e-10    1.961211e-13    8.719533e-14
   2.083333e-02    1.755227e+05    1.749246e+05    2.626413e+05    4.033291e+03    3.689338e+03    2.626413e+03   -1.866299e-10    1.960623e-13    8.897483e-14
   2.125000e-02    1.826639e+05    1.819137e+05    2.678941e+05    4.113536e+03    3.772400e+03    2.678941e+03   -1.902802e-10    1.960044e-13    9.075433e-14
   2.166667e-02    1.898279e+05    1.889185e+05    2.731470e+05    4.193896e+03    3.855541e+03    2.731470e+03   -1.939314e-10    1.959473e-13    9.253382e-14
   2.208333e-02    1.970150e+05    1.959396e+05    2.783998e+05    4.274371e+03    3.938765e+03    2.783998e+03   -1.975834e-10    1.958910e-13    9.431332e-14
   2.250000e-02    2.042257e+05    2.029777e+05    2.836526e+05    4.354965e+03    4.022074e+03    2.836526e+03   -2.012362e-10    1.958355e-13    9.609282e-14
   2.291667e-02    2.114604e+05    2.100333e+05    2.889054e+05    4.435680e+03    4.105472e+03    2.889054e+03   -2.048899e-10    1.957809e-13    9.787231e-14
   2.333333e-02    2.187197e+05    2.171071e+05    2.941583e+05    4.516517e+03    4.188961e+03    2.941583e+03   -2.085444e-10    1.957271e-13    9.965181e-14
   2.375000e-02    2.260039e+05    2.241995e+05    2.994111e+05    4.597479e+03    4.272544e+03    2.994111e+03   -2.121998e-10    1.956742e-13    1.014313e-13
   2.416667e-02    2.333135e+05    2.313114e+05    3.046639e+05    4.678568e+03    4.356225e+03    3.046639e+03   -2.158561e-10    1.956221e-13    1.032108e-13
   2.458333e-02    2.406490e+05    2.384432e+05    3.099168e+05    4.759787e+03    4.440006e+03    3.099168e+03   -2.195134e-10    1.955709e-13    1.049903e-13
   2.500000e-02    2.480107e+05    2.455955e+05    3.151696e+05    4.841138e+03    4.523890e+03    3.151696e+03   -2.231715e-10    1.955205e-13    1.067698e-13
   2.541667e-02    2.553992e+05    2.527690e+05    3.204224e+05    4.922622e+03    4.607881e+03    3.204224e+03   -2.268306e-10    1.954709e-13    1.085493e-13
   2.583333e-02    2.628149e+05    2.599643e+05    3.256752e+05    5.004242e+03    4.691982e+03    3.256752e+03   -2.304907e-10    1.954221e-13    1.103288e-13
   2.625000e-02    2.702581e+05    2.671819e+05    3.309281e+05    5.086000e+03    4.776195e+03    3.309281e+03   -2.341518e-10    1.953742e-13    1.121083e-13
   2.666667e-02    2.777295e+05    2.744226e+05    3.361809e+05    5.167899e+03    4.860523e+03    3.361809e+03   -2.378138e-10    1.953272e-13    1.138878e-13
   2.708333e-02    2.852294e+05    2.816869e+05    3.414337e+05    5.249941e+03    4.944970e+03    3.414337e+03   -2.414769e-10    1.952809e-13    1.156673e-13
   2.750000e-02    2.927582e+05    2.889754e+05    3.466865e+05    5.332127e+03    5.029539e+03    3.466865e+03   -2.451410e-10    1.952356e-13    1.174468e-13
   2.791667e-02    3.003164e+05    2.962887e+05    3.519394e+05    5.414461e+03    5.114232e+03    3.519394e+03   -2.488061e-10    1.951910e-13    1.192263e-13
   2.833333e-02    3.079045e+05    3.036276e+05    3.571922e+05    5.496944e+03    5.199054e+03    3.571922e+03   -2.524723e-10    1.951473e-13    1.210058e-13
   2.875000e-02    3.155229e+05    3.109925e+05    3.624450e+05    5.579578e+03    5.284006e+03    3.624450e+03   -2.561395e-10    1.951044e-13    1.227853e-13
   2.916667e-02    3.231720e+05    3.183842e+05    3.676978e+05    5.662366e+03    5.369092e+03    3.676978e+03   -2.598078e-10    1.950623e-13    1.245648e-13
   2.958333e-02    3.308523e+05    3.258032e+05    3.729507e+05    5.745311e+03    5.454316e+03    3.729507e+03   -2.634773e-10    1.950211e-13    1.263443e-13
   3.000000e-02    3.385643e+05    3.332502e+05    3.782035e+05    5.828413e+03    5.539679e+03    3.782035e+03   -2.671479e-10    1.949808e-13    1.281238e-13
   3.041667e-02    3.463083e+05    3.407259e+05    3.834563e+05    5.911675e+03    5.625187e+03    3.834563e+03   -2.708196e-10    1.949412e-13    1.299033e-13
   3.083333e-02    3.540848e+05    3.482307e+05    3.887091e+05    5.995101e+03    5.710840e+03    3.887091e+03   -2.744924e-10    1.949025e-13    1.316827e-13
   3.125000e-02    3.618943e+05    3.557655e+05    3.939620e+05    6.078691e+03    5.796644e+03    3.939620e+03   -2.781664e-10    1.948646e-13    1.334622e-13
   3.166667e-02    3.697373e+05    3.633308e+05    3.992148e+05    6.162448e+03    5.882601e+03    3.992148e+03   -2.818416e-10    1.948276e-13    1.352417e-13
   3.208333e-02    3.776141e+05    3.709273e+05    4.044676e+05    6.246374e+03    5.968713e+03    4.044676e+03   -2.855180e-10    1.947914e-13    1.370212e-13
   3.250000e-02    3.855252e+05    3.785557e+05    4.097205e+05    6.330472e+03    6.054985e+03    4.097205e+03   -2.891956e-10    1.947560e-13    1.388007e-13
   3.291667e-02    3.934710e+05    3.862164e+05    4.149733e+05    6.414743e+03    6.141420e+03    4.149733e+03   -2.928745e-10    1.947215e-13    1.405802e-13
   3.333333e-02    4.014521e+05    3.939104e+05    4.202261e+05    6.499191e+03    6.228020e+03    4.202261e+03   -2.965546e-10    1.946878e-13    1.423597e-13
   3.375000e-02    4.094688e+05    4.016381e+05    4.254789e+05    6.583816e+03    6.314790e+03    4.254789e+03   -3.002359e-10    1.946549e-13    1.441392e-13
   3.416667e-02    4.175216e+05    4.094002e+05    4.307318e+05    6.668622e+03    6.401731e+03    4.307318e+03   -3.039186e-10    1.946229e-13    1.459187e-13
   3.458333e-02    4.256109e+05    4.171974e+05    4.359846e+05    6.753610e+03    6.488849e+03    4.359846e+03   -3.076025e-10    1.945917e-13    1.476982e-13
   3.500000e-02    4.337372e+05    4.250304e+05    4.412374e+05    6.838783e+03    6.576145e+03    4.412374e+03   -3.112877e-10    1.945613e-13    1.494777e-13
   3.541667e-02    4.419009e+05    4.328998e+05    4.464902e+05    6.924143e+03    6.663623e+03    4.464902e+03   -3.149743e-10    1.945318e-13    1.512572e-13
   3.583333e-02    4.501025e+05    4.408063e+05    4.517431e+05    7.009692e+03    6.751287e+03    4.517431e+03   -3.186622e-10    1.945031e-13    1.530367e-13
   3.625000e-02    4.583424e+05    4.487506e+05    4.569959e+05    7.095432e+03    6.839140e+03    4.569959e+03   -3.223514e-10    1.944752e-13    1.548162e-13
   3.666667e-02    4.666211e+05    4.567333e+05    4.622487e+05    7.181366e+03    6.927185e+03    4.622487e+03   -3.260421e-10    1.944482e-13    1.565957e-13
   3.708333e-02    4.749390e+05    4.647551e+05    4.675015e+05    7.267496e+03    7.015425e+03    4.675015e+03   -3.297341e-10    1.944220e-13    1.583752e-13
   3.750000e-02    4.832965e+05    4.728167e+05    4.727544e+05    7.353824e+03    7.103864e+03    4.727544e+03   -3.334275e-10    1.943966e-13    1.601547e-13
   3.791667e-02    4.916942e+05    4.809188e+05    4.780072e+05    7.440352e+03    7.192506e+03    4.780072e+03   -3.371224e-10    1.943721e-13    1.619342e-13
   3.833333e-02    5.001323e+05    4.890621e+05    4.832600e+05    7.527082e+03    7.281353e+03    4.832600e+03   -3.408186e-10    1.943484e-13    1.637137e-13
   3.875000e-02    5.086115e+05    4.972472e+05    4.885128e+05    7.614018e+03    7.370409e+03    4.885128e+03   -3.445164e-10    1.943255e-13    1.654932e-13
   3.916667e-02    5.171321e+05    5.054749e+05    4.937657e+05    7.701160e+03    7.459679e+03    4.937657e+03   -3.482156e-10    1.943035e-13    1.672727e-13
   3.958333e-02    5.256946e+05    5.137459e+05    4.990185e+05    7.788511e+03    7.549164e+03    4.990185e+03   -3.519162e-10    1.942823e-13    1.690522e-13
   4.000000e-02    5.342994e+05    5.220608e+05    5.042713e+05    7.876073e+03    7.638868e+03    5.042713e+03   -3.556184e-10    1.942619e-13    1.708317e-13
   4.041667e-02    5.429470e+05    5.304204e+05    5.095242e+05    7.963849e+03    7.728796e+03    5.095242e+03   -3.593221e-10    1.942424e-13    1.726112e-13
   4.083333e-02    5.516378e+05    5.388254e+05    5.147770e+05    8.051840e+03    7.818950e+03    5.147770e+03   -3.630273e-10    1.942237e-13    1.743907e-13
   4.125000e-02    5.603723e+05    5.472764e+05    5.200298e+05    8.140050e+03    7.909334e+03    5.200298e+03   -3.667341e-10    1.942058e-13    1.761702e-13
   4.166667e-02    5.691508e+05    5.557743e+05    5.252826e+05    8.228480e+03    7.999953e+03    5.252826e+03   -3.704424e-10    1.941888e-13    1.779497e-13
   4.208333e-02    5.779740e+05    5.643197e+05    5.305355e+05    8.317132e+03    8.090808e+03    5.305355e+03   -3.741523e-10    1.941725e-13    1.797292e-13
   4.250000e-02    5.868421e+05    5.729134e+05    5.357883e+05    8.406008e+03    8.181904e+03    5.357883e+03   -3.778638e-10    1.941572e-13    1.815087e-13
   4.291667e-02    5.957557e+05    5.815560e+05    5.410411e+05    8.495112e+03    8.273244e+03    5.410411e+03   -3.815769e-10    1.941426e-13    1.832881e-13
   4.333333e-02    6.047151e+05    5.902484e+05    5.462939e+05    8.584444e+03    8.364833e+03    5.462939e+03   -3.852917e-10    1.941289e-13    1.850676e-13
   4.375000e-02    6.137209e+05    5.989912e+05    5.515468e+05    8.674008e+03    8.456673e+03    5.515468e+03   -3.890081e-10    1.941160e-13    1.868471e-13
   4.416667e-02    6.227735e+05    6.077852e+05    5.567996e+05    8.763805e+03    8.548769e+03    5.567996e+03   -3.927261e-10    1.941040e-13    1.886266e-13
   4.458333e-02    6.318733e+05    6.166312e+05    5.620524e+05    8.853837e+03    8.641124e+03    5.620524e+03   -3.964458e-10    1.940927e-13    1.904061e-13
   4.500000e-02    6.410208e+05    6.255299e+05    5.673052e+05    8.944108e+03    8.733742e+03    5.673052e+03   -4.001672e-10    1.940823e-13    1.921856e-13
   4.541667e-02    6.502164e+05    6.344820e+05    5.725581e+05    9.034618e+03    8.826626e+03    5.725581e+03   -4.038903e-10    1.940728e-13    1.939651e-13
   4.583333e-02    6.594606e+05    6.434884e+05    5.778109e+05    9.125371e+03    8.919781e+03    5.778109e+03   -4.076151e-10    1.940641e-13    1.957446e-13
   4.625000e-02    6.687537e+05    6.525497e+05    5.830637e+05    9.216369e+03    9.013209e+03    5.830637e+03   -4.113416e-10    1.940562e-13    1.975241e-13
   4.666667e-02    6.780964e+05    6.616667e+05    5.883166e+05    9.307613e+03    9.106916e+03    5.883166e+03   -4.150699e-10    1.940491e-13    1.993036e-13
   4.708333e-02    6.874889e+05    6.708403e+05    5.935694e+05    9.399106e+03    9.200905e+03    5.935694e+03   -4.188000e-10    1.940429e-13    2.010831e-13
   4.750000e-02    6.969318e+05    6.800712e+05    5.988222e+05    9.490850e+03    9.295179e+03    5.988222e+03   -4.225319e-10    1.940375e-13    2.028626e-13
   4.791667e-02    7.064254e+05    6.893602e+05    6.040750e+05    9.582847e+03    9.389742e+03    6.040750e+03   -4.262655e-10    1.940329e-13    2.046421e-13
   4.833333e-02    7.159703e+05    6.987080e+05    6.093279e+05    9.675100e+03    9.484599e+03    6.093279e+03   -4.300010e-10    1.940292e-13    2.064216e-13
   4.875000e-02    7.255669e+05    7.081155e+05    6.145807e+05    9.767611e+03    9.579754e+03    6.145807e+03   -4.337383e-10    1.940262e-13    2.082011e-13
   4.916667e-02    7.352156e+05    7.175835e+05    6.198335e+05    9.860382e+03    9.675209e+03    6.198335e+03   -4.374774e-10    1.940242e-13    2.099806e-13
   4.958333e-02    7.449169e+05    7.271127e+05    6.250863e+05    9.953415e+03    9.770970e+03    6.250863e+03   -4.412184e-10    1.940229e-13    2.117601e-13
   5.000000e-02    7.546712e+05    7.367040e+05    6.303392e+05    1.004671e+04    9.867040e+03    6.303392e+03   -4.449613e-10    1.940225e-13    2.135396e-13
