# caseA -- MSG-RM vs EXACT (Pagano) benchmark 1,  S = a/h = 4
# reference surface: MID-SURFACE (fraction = 0.5) everywhere
# stations: x = 0 (s13, Q1 = q0/p), x = a/2 (s33)
# plies: pagano(83.33mm/0), pagano(83.33mm/90), pagano(83.33mm/0)
# 
# RM 8x8 ABDG (rows e11,e22,g12,k11,k22,k12,2g13,2g23):
#     4.260652e+09   6.265664e+07   1.266082e-09  -4.432969e-08  -2.878091e-09  -1.196042e-26   0.000000e+00   0.000000e+00
#     6.265664e+07   2.255639e+09   1.215055e-07  -3.343752e-09  -2.239299e-08  -1.185459e-24   0.000000e+00   0.000000e+00
#     1.266082e-09   1.215055e-07   1.250000e+08  -2.209082e-26  -1.196970e-24  -5.183103e-10   0.000000e+00   0.000000e+00
#    -4.339836e-08  -2.063184e-09  -1.620139e-26   3.147336e+07   3.263367e+05   7.326865e-13   0.000000e+00   0.000000e+00
#    -2.179599e-09  -2.151987e-08  -1.191113e-24   3.263367e+05   2.465655e+06   7.031570e-11   0.000000e+00   0.000000e+00
#    -1.063025e-26  -1.184575e-24  -5.183103e-10   7.326865e-13   7.031570e-11   6.510417e+05   0.000000e+00   0.000000e+00
#     0.000000e+00   0.000000e+00   0.000000e+00   0.000000e+00   0.000000e+00   0.000000e+00   5.834313e+07  -1.636468e-06
#     0.000000e+00   0.000000e+00   0.000000e+00   0.000000e+00   0.000000e+00   0.000000e+00  -1.636468e-06   6.322210e+07
# 
# INPUT FROM STATICS ONLY (statics_fsdt.py sec. 1): Q1(0) = q0/p = 3183.1
#   FF_end (x=0) = [0, 0, 0, 0, 0, 0, 3183.1, 0]
#   plate w(a/2) = 2.062823e-05 ; exact w = 1.847824e-05
# 
# transverse-shear stiffness, the two constructions:
#   G_whitney (complementary energy, Whitney JAM 40 (1973) Eq. (7)):
#     [[ 5.827056e+07, -2.594043e-09], [-2.594043e-09,  6.017979e+07]]
#   G_msg (MSG-RM least-squares projection, Yu 2003 Eq. 61):
#     [[ 5.834313e+07, -1.636468e-06], [-1.636468e-06,  6.322210e+07]]
#   k1^2 (statics_fsdt.whitney_k1sq, used in the FSDT curve): 0.582778
#   (uniform-k reference 5/6 = 0.8333;  A55 = 1.000000e+08)
# 
# THREE STANDALONE CHAINS, out-of-plane stresses only:
#   exact   Pagano cyl. bending (JCM 3 (1969) 398-411; Garg Eqs. 18-24)
#   MSG-RM  statics Q1 -> 8x8 inversion -> Eq.-63 recovery -> s33 by
#           through-thickness equilibrium of the recovered s13 amplitude
#   FSDT    statics Q1 -> staircase C55(z) Q1/(k1^2 A55); NO s33 in FSDT
# rel L2 errors vs exact:  s13  20.930%  (FSDT-Whitney  100.11%)   s33   5.462%
# s33 top-face closure: 1.0000 q0
# 
# columns: z[m]  s13_msg  s13_exact  s13_fsdt  s33_msg  s33_exact  [Pa]
  -1.250000e-01    2.629431e-08    4.739726e-08    2.730969e+04    0.000000e+00    6.204287e-21
  -1.239583e-01    3.286857e+02    5.848564e+02    2.730969e+04    5.378107e-01    9.611052e-01
  -1.229167e-01    6.546209e+02    1.154699e+03    2.730969e+04    2.146742e+00    3.811499e+00
  -1.218750e-01    9.778055e+02    1.709831e+03    2.730969e+04    4.817794e+00    8.502548e+00
  -1.208333e-01    1.298240e+03    2.250546e+03    2.730969e+04    8.541964e+00    1.498659e+01
  -1.197917e-01    1.615923e+03    2.777130e+03    2.730969e+04    1.331025e+01    2.321692e+01
  -1.187500e-01    1.930856e+03    3.289863e+03    2.730969e+04    1.911366e+01    3.314776e+01
  -1.177083e-01    2.243039e+03    3.789017e+03    2.730969e+04    2.594318e+01    4.473421e+01
  -1.166667e-01    2.552471e+03    4.274855e+03    2.730969e+04    3.378981e+01    5.793229e+01
  -1.156250e-01    2.859153e+03    4.747637e+03    2.730969e+04    4.264456e+01    7.269883e+01
  -1.145833e-01    3.163084e+03    5.207611e+03    2.730969e+04    5.249842e+01    8.899153e+01
  -1.135417e-01    3.464265e+03    5.655023e+03    2.730969e+04    6.334240e+01    1.067689e+02
  -1.125000e-01    3.762695e+03    6.090108e+03    2.730969e+04    7.516748e+01    1.259901e+02
  -1.114583e-01    4.058374e+03    6.513098e+03    2.730969e+04    8.796468e+01    1.466153e+02
  -1.104167e-01    4.351303e+03    6.924217e+03    2.730969e+04    1.017250e+02    1.686053e+02
  -1.093750e-01    4.641482e+03    7.323682e+03    2.730969e+04    1.164394e+02    1.919215e+02
  -1.083333e-01    4.928910e+03    7.711706e+03    2.730969e+04    1.320989e+02    2.165262e+02
  -1.072917e-01    5.213588e+03    8.088493e+03    2.730969e+04    1.486945e+02    2.423823e+02
  -1.062500e-01    5.495515e+03    8.454244e+03    2.730969e+04    1.662173e+02    2.694532e+02
  -1.052083e-01    5.774691e+03    8.809151e+03    2.730969e+04    1.846581e+02    2.977033e+02
  -1.041667e-01    6.051117e+03    9.153403e+03    2.730969e+04    2.040080e+02    3.270974e+02
  -1.031250e-01    6.324793e+03    9.487183e+03    2.730969e+04    2.242581e+02    3.576008e+02
  -1.020833e-01    6.595718e+03    9.810666e+03    2.730969e+04    2.453992e+02    3.891796e+02
  -1.010417e-01    6.863892e+03    1.012402e+04    2.730969e+04    2.674224e+02    4.218004e+02
  -1.000000e-01    7.129316e+03    1.042742e+04    2.730969e+04    2.903188e+02    4.554303e+02
  -9.895833e-02    7.391990e+03    1.072102e+04    2.730969e+04    3.140792e+02    4.900370e+02
  -9.791667e-02    7.651913e+03    1.100498e+04    2.730969e+04    3.386947e+02    5.255887e+02
  -9.687500e-02    7.909085e+03    1.127944e+04    2.730969e+04    3.641563e+02    5.620541e+02
  -9.583333e-02    8.163507e+03    1.154456e+04    2.730969e+04    3.904551e+02    5.994023e+02
  -9.479167e-02    8.415179e+03    1.180046e+04    2.730969e+04    4.175819e+02    6.376030e+02
  -9.375000e-02    8.664100e+03    1.204729e+04    2.730969e+04    4.455278e+02    6.766262e+02
  -9.270833e-02    8.910270e+03    1.228518e+04    2.730969e+04    4.742838e+02    7.164426e+02
  -9.166667e-02    9.153690e+03    1.251426e+04    2.730969e+04    5.038409e+02    7.570230e+02
  -9.062500e-02    9.394359e+03    1.273463e+04    2.730969e+04    5.341900e+02    7.983387e+02
  -8.958333e-02    9.632278e+03    1.294643e+04    2.730969e+04    5.653223e+02    8.403616e+02
  -8.854167e-02    9.867447e+03    1.314975e+04    2.730969e+04    5.972287e+02    8.830636e+02
  -8.750000e-02    1.009986e+04    1.334472e+04    2.730969e+04    6.299001e+02    9.264174e+02
  -8.645833e-02    1.032953e+04    1.353142e+04    2.730969e+04    6.633276e+02    9.703956e+02
  -8.541667e-02    1.055645e+04    1.370997e+04    2.730969e+04    6.975022e+02    1.014971e+03
  -8.437500e-02    1.078062e+04    1.388045e+04    2.730969e+04    7.324149e+02    1.060118e+03
  -8.333333e-02    1.100203e+04    1.404295e+04    2.730969e+04    7.680567e+02    1.105810e+03
  -8.229167e-02    1.122070e+04    1.419756e+04    2.730969e+04    8.044185e+02    1.152021e+03
  -8.125000e-02    1.143661e+04    1.434435e+04    2.730969e+04    8.414915e+02    1.198724e+03
  -8.020833e-02    1.164978e+04    1.448342e+04    2.730969e+04    8.792665e+02    1.245896e+03
  -7.916667e-02    1.186019e+04    1.461482e+04    2.730969e+04    9.177346e+02    1.293510e+03
  -7.812500e-02    1.206785e+04    1.473863e+04    2.730969e+04    9.568867e+02    1.341541e+03
  -7.708333e-02    1.227277e+04    1.485490e+04    2.730969e+04    9.967140e+02    1.389966e+03
  -7.604167e-02    1.247493e+04    1.496372e+04    2.730969e+04    1.037207e+03    1.438758e+03
  -7.500000e-02    1.267434e+04    1.506512e+04    2.730969e+04    1.078358e+03    1.487895e+03
  -7.395833e-02    1.287100e+04    1.515916e+04    2.730969e+04    1.120156e+03    1.537351e+03
  -7.291667e-02    1.306491e+04    1.524589e+04    2.730969e+04    1.162594e+03    1.587103e+03
  -7.187500e-02    1.325607e+04    1.532535e+04    2.730969e+04    1.205661e+03    1.637127e+03
  -7.083333e-02    1.344448e+04    1.539759e+04    2.730969e+04    1.249350e+03    1.687400e+03
  -6.979167e-02    1.363014e+04    1.546264e+04    2.730969e+04    1.293651e+03    1.737896e+03
  -6.875000e-02    1.381305e+04    1.552054e+04    2.730969e+04    1.338555e+03    1.788595e+03
  -6.770833e-02    1.399321e+04    1.557131e+04    2.730969e+04    1.384052e+03    1.839470e+03
  -6.666667e-02    1.417062e+04    1.561499e+04    2.730969e+04    1.430135e+03    1.890501e+03
  -6.562500e-02    1.434527e+04    1.565158e+04    2.730969e+04    1.476794e+03    1.941663e+03
  -6.458333e-02    1.451718e+04    1.568111e+04    2.730969e+04    1.524020e+03    1.992932e+03
  -6.354167e-02    1.468634e+04    1.570360e+04    2.730969e+04    1.571805e+03    2.044287e+03
  -6.250000e-02    1.485274e+04    1.571905e+04    2.730969e+04    1.620138e+03    2.095705e+03
  -6.145833e-02    1.501640e+04    1.572746e+04    2.730969e+04    1.669011e+03    2.147161e+03
  -6.041667e-02    1.517730e+04    1.572886e+04    2.730969e+04    1.718415e+03    2.198633e+03
  -5.937500e-02    1.533546e+04    1.572322e+04    2.730969e+04    1.768342e+03    2.250098e+03
  -5.833333e-02    1.549086e+04    1.571055e+04    2.730969e+04    1.818781e+03    2.301533e+03
  -5.729167e-02    1.564351e+04    1.569084e+04    2.730969e+04    1.869725e+03    2.352916e+03
  -5.625000e-02    1.579342e+04    1.566407e+04    2.730969e+04    1.921163e+03    2.404222e+03
  -5.520833e-02    1.594057e+04    1.563024e+04    2.730969e+04    1.973088e+03    2.455429e+03
  -5.416667e-02    1.608497e+04    1.558931e+04    2.730969e+04    2.025490e+03    2.506514e+03
  -5.312500e-02    1.622662e+04    1.554127e+04    2.730969e+04    2.078359e+03    2.557453e+03
  -5.208333e-02    1.636552e+04    1.548609e+04    2.730969e+04    2.131688e+03    2.608224e+03
  -5.104167e-02    1.650167e+04    1.542374e+04    2.730969e+04    2.185467e+03    2.658802e+03
  -5.000000e-02    1.663507e+04    1.535418e+04    2.730969e+04    2.239687e+03    2.709164e+03
  -4.895833e-02    1.676572e+04    1.527737e+04    2.730969e+04    2.294339e+03    2.759287e+03
  -4.791667e-02    1.689362e+04    1.519327e+04    2.730969e+04    2.349414e+03    2.809146e+03
  -4.687500e-02    1.701877e+04    1.510183e+04    2.730969e+04    2.404903e+03    2.858718e+03
  -4.583333e-02    1.714116e+04    1.500301e+04    2.730969e+04    2.460797e+03    2.907979e+03
  -4.479167e-02    1.726081e+04    1.489674e+04    2.730969e+04    2.517087e+03    2.956905e+03
  -4.375000e-02    1.737771e+04    1.478297e+04    2.730969e+04    2.573764e+03    3.005470e+03
  -4.270833e-02    1.749185e+04    1.466164e+04    2.730969e+04    2.630819e+03    3.053651e+03
  -4.166667e-02    1.760325e+04    1.453268e+04    2.730969e+04    2.688243e+03    3.101422e+03
  -4.166667e-02    1.760325e+04    1.453268e+04    1.092388e+04    2.688243e+03    3.101422e+03
  -4.062500e-02    1.760746e+04    1.452499e+04    1.092388e+04    2.745857e+03    3.148967e+03
  -3.958333e-02    1.761156e+04    1.451742e+04    1.092388e+04    2.803484e+03    3.196488e+03
  -3.854167e-02    1.761555e+04    1.450997e+04    1.092388e+04    2.861124e+03    3.243984e+03
  -3.750000e-02    1.761944e+04    1.450264e+04    1.092388e+04    2.918777e+03    3.291455e+03
  -3.645833e-02    1.762322e+04    1.449543e+04    1.092388e+04    2.976443e+03    3.338903e+03
  -3.541667e-02    1.762690e+04    1.448834e+04    1.092388e+04    3.034121e+03    3.386328e+03
  -3.437500e-02    1.763047e+04    1.448138e+04    1.092388e+04    3.091810e+03    3.433730e+03
  -3.333333e-02    1.763393e+04    1.447453e+04    1.092388e+04    3.149512e+03    3.481109e+03
  -3.229167e-02    1.763728e+04    1.446780e+04    1.092388e+04    3.207224e+03    3.528465e+03
  -3.125000e-02    1.764053e+04    1.446119e+04    1.092388e+04    3.264947e+03    3.575800e+03
  -3.020833e-02    1.764367e+04    1.445470e+04    1.092388e+04    3.322681e+03    3.623114e+03
  -2.916667e-02    1.764671e+04    1.444832e+04    1.092388e+04    3.380425e+03    3.670406e+03
  -2.812500e-02    1.764964e+04    1.444206e+04    1.092388e+04    3.438178e+03    3.717678e+03
  -2.708333e-02    1.765246e+04    1.443592e+04    1.092388e+04    3.495941e+03    3.764929e+03
  -2.604167e-02    1.765518e+04    1.442989e+04    1.092388e+04    3.553713e+03    3.812161e+03
  -2.500000e-02    1.765779e+04    1.442399e+04    1.092388e+04    3.611494e+03    3.859373e+03
  -2.395833e-02    1.766029e+04    1.441819e+04    1.092388e+04    3.669283e+03    3.906566e+03
  -2.291667e-02    1.766269e+04    1.441251e+04    1.092388e+04    3.727080e+03    3.953740e+03
  -2.187500e-02    1.766498e+04    1.440695e+04    1.092388e+04    3.784885e+03    4.000895e+03
  -2.083333e-02    1.766716e+04    1.440150e+04    1.092388e+04    3.842697e+03    4.048033e+03
  -1.979167e-02    1.766924e+04    1.439616e+04    1.092388e+04    3.900516e+03    4.095153e+03
  -1.875000e-02    1.767121e+04    1.439094e+04    1.092388e+04    3.958341e+03    4.142256e+03
  -1.770833e-02    1.767307e+04    1.438582e+04    1.092388e+04    4.016173e+03    4.189342e+03
  -1.666667e-02    1.767483e+04    1.438083e+04    1.092388e+04    4.074011e+03    4.236411e+03
  -1.562500e-02    1.767648e+04    1.437594e+04    1.092388e+04    4.131855e+03    4.283464e+03
  -1.458333e-02    1.767803e+04    1.437117e+04    1.092388e+04    4.189703e+03    4.330501e+03
  -1.354167e-02    1.767947e+04    1.436650e+04    1.092388e+04    4.247557e+03    4.377523e+03
  -1.250000e-02    1.768080e+04    1.436195e+04    1.092388e+04    4.305415e+03    4.424530e+03
  -1.145833e-02    1.768202e+04    1.435751e+04    1.092388e+04    4.363277e+03    4.471522e+03
  -1.041667e-02    1.768314e+04    1.435318e+04    1.092388e+04    4.421143e+03    4.518500e+03
  -9.375000e-03    1.768415e+04    1.434896e+04    1.092388e+04    4.479013e+03    4.565464e+03
  -8.333333e-03    1.768506e+04    1.434485e+04    1.092388e+04    4.536886e+03    4.612414e+03
  -7.291667e-03    1.768586e+04    1.434085e+04    1.092388e+04    4.594761e+03    4.659351e+03
  -6.250000e-03    1.768655e+04    1.433695e+04    1.092388e+04    4.652639e+03    4.706275e+03
  -5.208333e-03    1.768714e+04    1.433317e+04    1.092388e+04    4.710519e+03    4.753186e+03
  -4.166667e-03    1.768761e+04    1.432949e+04    1.092388e+04    4.768401e+03    4.800085e+03
  -3.125000e-03    1.768799e+04    1.432592e+04    1.092388e+04    4.826284e+03    4.846972e+03
  -2.083333e-03    1.768825e+04    1.432246e+04    1.092388e+04    4.884169e+03    4.893848e+03
  -1.041667e-03    1.768841e+04    1.431910e+04    1.092388e+04    4.942054e+03    4.940713e+03
   0.000000e+00    1.768847e+04    1.431586e+04    1.092388e+04    4.999939e+03    4.987566e+03
   1.041667e-03    1.768841e+04    1.431272e+04    1.092388e+04    5.057824e+03    5.034410e+03
   2.083333e-03    1.768825e+04    1.430968e+04    1.092388e+04    5.115709e+03    5.081243e+03
   3.125000e-03    1.768799e+04    1.430675e+04    1.092388e+04    5.173593e+03    5.128067e+03
   4.166667e-03    1.768761e+04    1.430393e+04    1.092388e+04    5.231476e+03    5.174881e+03
   5.208333e-03    1.768714e+04    1.430121e+04    1.092388e+04    5.289358e+03    5.221686e+03
   6.250000e-03    1.768655e+04    1.429859e+04    1.092388e+04    5.347238e+03    5.268482e+03
   7.291667e-03    1.768586e+04    1.429608e+04    1.092388e+04    5.405116e+03    5.315270e+03
   8.333333e-03    1.768506e+04    1.429368e+04    1.092388e+04    5.462992e+03    5.362050e+03
   9.375000e-03    1.768415e+04    1.429138e+04    1.092388e+04    5.520865e+03    5.408822e+03
   1.041667e-02    1.768314e+04    1.428918e+04    1.092388e+04    5.578734e+03    5.455587e+03
   1.145833e-02    1.768202e+04    1.428708e+04    1.092388e+04    5.636600e+03    5.502344e+03
   1.250000e-02    1.768080e+04    1.428509e+04    1.092388e+04    5.694463e+03    5.549096e+03
   1.354167e-02    1.767947e+04    1.428320e+04    1.092388e+04    5.752321e+03    5.595840e+03
   1.458333e-02    1.767803e+04    1.428142e+04    1.092388e+04    5.810174e+03    5.642579e+03
   1.562500e-02    1.767648e+04    1.427973e+04    1.092388e+04    5.868023e+03    5.689312e+03
   1.666667e-02    1.767483e+04    1.427815e+04    1.092388e+04    5.925866e+03    5.736040e+03
   1.770833e-02    1.767307e+04    1.427667e+04    1.092388e+04    5.983704e+03    5.782762e+03
   1.875000e-02    1.767121e+04    1.427529e+04    1.092388e+04    6.041536e+03    5.829481e+03
   1.979167e-02    1.766924e+04    1.427401e+04    1.092388e+04    6.099362e+03    5.876194e+03
   2.083333e-02    1.766716e+04    1.427284e+04    1.092388e+04    6.157181e+03    5.922904e+03
   2.187500e-02    1.766498e+04    1.427176e+04    1.092388e+04    6.214993e+03    5.969610e+03
   2.291667e-02    1.766269e+04    1.427078e+04    1.092388e+04    6.272798e+03    6.016312e+03
   2.395833e-02    1.766029e+04    1.426991e+04    1.092388e+04    6.330595e+03    6.063012e+03
   2.500000e-02    1.765779e+04    1.426913e+04    1.092388e+04    6.388384e+03    6.109709e+03
   2.604167e-02    1.765518e+04    1.426845e+04    1.092388e+04    6.446165e+03    6.156403e+03
   2.708333e-02    1.765246e+04    1.426787e+04    1.092388e+04    6.503937e+03    6.203096e+03
   2.812500e-02    1.764964e+04    1.426739e+04    1.092388e+04    6.561700e+03    6.249786e+03
   2.916667e-02    1.764671e+04    1.426701e+04    1.092388e+04    6.619453e+03    6.296476e+03
   3.020833e-02    1.764367e+04    1.426673e+04    1.092388e+04    6.677197e+03    6.343164e+03
   3.125000e-02    1.764053e+04    1.426655e+04    1.092388e+04    6.734930e+03    6.389851e+03
   3.229167e-02    1.763728e+04    1.426646e+04    1.092388e+04    6.792654e+03    6.436538e+03
   3.333333e-02    1.763393e+04    1.426648e+04    1.092388e+04    6.850366e+03    6.483225e+03
   3.437500e-02    1.763047e+04    1.426659e+04    1.092388e+04    6.908067e+03    6.529912e+03
   3.541667e-02    1.762690e+04    1.426679e+04    1.092388e+04    6.965757e+03    6.576600e+03
   3.645833e-02    1.762322e+04    1.426710e+04    1.092388e+04    7.023435e+03    6.623288e+03
   3.750000e-02    1.761944e+04    1.426750e+04    1.092388e+04    7.081101e+03    6.669978e+03
   3.854167e-02    1.761555e+04    1.426800e+04    1.092388e+04    7.138754e+03    6.716669e+03
   3.958333e-02    1.761156e+04    1.426859e+04    1.092388e+04    7.196394e+03    6.763362e+03
   4.062500e-02    1.760746e+04    1.426928e+04    1.092388e+04    7.254021e+03    6.810057e+03
   4.166667e-02    1.760325e+04    1.427007e+04    1.092388e+04    7.311634e+03    6.856754e+03
   4.166667e-02    1.760325e+04    1.427007e+04    2.730969e+04    7.311634e+03    6.856754e+03
   4.270833e-02    1.749185e+04    1.442185e+04    2.730969e+04    7.369059e+03    6.903704e+03
   4.375000e-02    1.737771e+04    1.456553e+04    2.730969e+04    7.426114e+03    6.951136e+03
   4.479167e-02    1.726081e+04    1.470118e+04    2.730969e+04    7.482791e+03    6.999026e+03
   4.583333e-02    1.714116e+04    1.482887e+04    2.730969e+04    7.539081e+03    7.047346e+03
   4.687500e-02    1.701877e+04    1.494866e+04    2.730969e+04    7.594975e+03    7.096072e+03
   4.791667e-02    1.689362e+04    1.506060e+04    2.730969e+04    7.650464e+03    7.145177e+03
   4.895833e-02    1.676572e+04    1.516476e+04    2.730969e+04    7.705539e+03    7.194635e+03
   5.000000e-02    1.663507e+04    1.526118e+04    2.730969e+04    7.760191e+03    7.244421e+03
   5.104167e-02    1.650167e+04    1.534990e+04    2.730969e+04    7.814411e+03    7.294511e+03
   5.208333e-02    1.636552e+04    1.543097e+04    2.730969e+04    7.868190e+03    7.344878e+03
   5.312500e-02    1.622662e+04    1.550442e+04    2.730969e+04    7.921518e+03    7.395498e+03
   5.416667e-02    1.608497e+04    1.557029e+04    2.730969e+04    7.974388e+03    7.446346e+03
   5.520833e-02    1.594057e+04    1.562860e+04    2.730969e+04    8.026790e+03    7.497397e+03
   5.625000e-02    1.579342e+04    1.567939e+04    2.730969e+04    8.078714e+03    7.548626e+03
   5.729167e-02    1.564351e+04    1.572266e+04    2.730969e+04    8.130153e+03    7.600010e+03
   5.833333e-02    1.549086e+04    1.575844e+04    2.730969e+04    8.181096e+03    7.651523e+03
   5.937500e-02    1.533546e+04    1.578675e+04    2.730969e+04    8.231536e+03    7.703141e+03
   6.041667e-02    1.517730e+04    1.580758e+04    2.730969e+04    8.281462e+03    7.754839e+03
   6.145833e-02    1.501640e+04    1.582094e+04    2.730969e+04    8.330867e+03    7.806593e+03
   6.250000e-02    1.485274e+04    1.582684e+04    2.730969e+04    8.379740e+03    7.858378e+03
   6.354167e-02    1.468634e+04    1.582527e+04    2.730969e+04    8.428073e+03    7.910171e+03
   6.458333e-02    1.451718e+04    1.581622e+04    2.730969e+04    8.475857e+03    7.961946e+03
   6.562500e-02    1.434527e+04    1.579969e+04    2.730969e+04    8.523083e+03    8.013680e+03
   6.666667e-02    1.417062e+04    1.577565e+04    2.730969e+04    8.569742e+03    8.065347e+03
   6.770833e-02    1.399321e+04    1.574409e+04    2.730969e+04    8.615825e+03    8.116923e+03
   6.875000e-02    1.381305e+04    1.570498e+04    2.730969e+04    8.661323e+03    8.168384e+03
   6.979167e-02    1.363014e+04    1.565830e+04    2.730969e+04    8.706227e+03    8.219704e+03
   7.083333e-02    1.344448e+04    1.560401e+04    2.730969e+04    8.750528e+03    8.270859e+03
   7.187500e-02    1.325607e+04    1.554209e+04    2.730969e+04    8.794216e+03    8.321823e+03
   7.291667e-02    1.306491e+04    1.547248e+04    2.730969e+04    8.837284e+03    8.372573e+03
   7.395833e-02    1.287100e+04    1.539515e+04    2.730969e+04    8.879721e+03    8.423082e+03
   7.500000e-02    1.267434e+04    1.531005e+04    2.730969e+04    8.921520e+03    8.473325e+03
   7.604167e-02    1.247493e+04    1.521712e+04    2.730969e+04    8.962670e+03    8.523278e+03
   7.708333e-02    1.227277e+04    1.511632e+04    2.730969e+04    9.003164e+03    8.572913e+03
   7.812500e-02    1.206785e+04    1.500757e+04    2.730969e+04    9.042991e+03    8.622205e+03
   7.916667e-02    1.186019e+04    1.489082e+04    2.730969e+04    9.082143e+03    8.671128e+03
   8.020833e-02    1.164978e+04    1.476599e+04    2.730969e+04    9.120611e+03    8.719656e+03
   8.125000e-02    1.143661e+04    1.463302e+04    2.730969e+04    9.158386e+03    8.767763e+03
   8.229167e-02    1.122070e+04    1.449182e+04    2.730969e+04    9.195459e+03    8.815420e+03
   8.333333e-02    1.100203e+04    1.434231e+04    2.730969e+04    9.231821e+03    8.862602e+03
   8.437500e-02    1.078062e+04    1.418441e+04    2.730969e+04    9.267463e+03    8.909281e+03
   8.541667e-02    1.055645e+04    1.401802e+04    2.730969e+04    9.302375e+03    8.955430e+03
   8.645833e-02    1.032953e+04    1.384306e+04    2.730969e+04    9.336550e+03    9.001020e+03
   8.750000e-02    1.009986e+04    1.365941e+04    2.730969e+04    9.369978e+03    9.046023e+03
   8.854167e-02    9.867447e+03    1.346697e+04    2.730969e+04    9.402649e+03    9.090411e+03
   8.958333e-02    9.632278e+03    1.326565e+04    2.730969e+04    9.434555e+03    9.134154e+03
   9.062500e-02    9.394359e+03    1.305531e+04    2.730969e+04    9.465688e+03    9.177224e+03
   9.166667e-02    9.153690e+03    1.283584e+04    2.730969e+04    9.496037e+03    9.219591e+03
   9.270833e-02    8.910270e+03    1.260712e+04    2.730969e+04    9.525594e+03    9.261225e+03
   9.375000e-02    8.664100e+03    1.236903e+04    2.730969e+04    9.554350e+03    9.302094e+03
   9.479167e-02    8.415179e+03    1.212141e+04    2.730969e+04    9.582296e+03    9.342169e+03
   9.583333e-02    8.163507e+03    1.186414e+04    2.730969e+04    9.609423e+03    9.381418e+03
   9.687500e-02    7.909085e+03    1.159708e+04    2.730969e+04    9.635721e+03    9.419809e+03
   9.791667e-02    7.651913e+03    1.132006e+04    2.730969e+04    9.661183e+03    9.457310e+03
   9.895833e-02    7.391990e+03    1.103295e+04    2.730969e+04    9.685798e+03    9.493888e+03
   1.000000e-01    7.129316e+03    1.073557e+04    2.730969e+04    9.709559e+03    9.529509e+03
   1.010417e-01    6.863892e+03    1.042777e+04    2.730969e+04    9.732455e+03    9.564141e+03
   1.020833e-01    6.595718e+03    1.010936e+04    2.730969e+04    9.754478e+03    9.597747e+03
   1.031250e-01    6.324793e+03    9.780185e+03    2.730969e+04    9.775620e+03    9.630295e+03
   1.041667e-01    6.051117e+03    9.440050e+03    2.730969e+04    9.795870e+03    9.661747e+03
   1.052083e-01    5.774691e+03    9.088768e+03    2.730969e+04    9.815220e+03    9.692067e+03
   1.062500e-01    5.495515e+03    8.726147e+03    2.730969e+04    9.833660e+03    9.721220e+03
   1.072917e-01    5.213588e+03    8.351985e+03    2.730969e+04    9.851183e+03    9.749167e+03
   1.083333e-01    4.928910e+03    7.966077e+03    2.730969e+04    9.867779e+03    9.775871e+03
   1.093750e-01    4.641482e+03    7.568209e+03    2.730969e+04    9.883438e+03    9.801292e+03
   1.104167e-01    4.351303e+03    7.158164e+03    2.730969e+04    9.898153e+03    9.825391e+03
   1.114583e-01    4.058374e+03    6.735714e+03    2.730969e+04    9.911913e+03    9.848129e+03
   1.125000e-01    3.762695e+03    6.300629e+03    2.730969e+04    9.924710e+03    9.869463e+03
   1.135417e-01    3.464265e+03    5.852670e+03    2.730969e+04    9.936535e+03    9.889352e+03
   1.145833e-01    3.163084e+03    5.391591e+03    2.730969e+04    9.947379e+03    9.907754e+03
   1.156250e-01    2.859153e+03    4.917139e+03    2.730969e+04    9.957233e+03    9.924625e+03
   1.166667e-01    2.552471e+03    4.429054e+03    2.730969e+04    9.966088e+03    9.939922e+03
   1.177083e-01    2.243039e+03    3.927071e+03    2.730969e+04    9.973934e+03    9.953598e+03
   1.187500e-01    1.930856e+03    3.410914e+03    2.730969e+04    9.980764e+03    9.965609e+03
   1.197917e-01    1.615923e+03    2.880301e+03    2.730969e+04    9.986567e+03    9.975907e+03
   1.208333e-01    1.298240e+03    2.334944e+03    2.730969e+04    9.991336e+03    9.984444e+03
   1.218750e-01    9.778055e+02    1.774545e+03    2.730969e+04    9.995060e+03    9.991173e+03
   1.229167e-01    6.546209e+02    1.198798e+03    2.730969e+04    9.997731e+03    9.996042e+03
   1.239583e-01    3.286857e+02    6.073903e+02    2.730969e+04    9.999340e+03    9.999002e+03
   1.250000e-01    2.668036e-08    4.937465e-08    2.730969e+04    9.999878e+03    1.000000e+04
