# caseA -- MSG-RM vs EXACT (Pagano) benchmark 1,  S = a/h = 50
# reference surface: MID-SURFACE (fraction = 0.5) everywhere
# stations: x = 0 (s13, Q1 = q0/p), x = a/2 (s33)
# plies: pagano(6.667mm/0), pagano(6.667mm/90), pagano(6.667mm/0)
# 
# RM 8x8 ABDG (rows e11,e22,g12,k11,k22,k12,2g13,2g23):
#     3.408521e+08   5.012531e+06   1.012866e-10   3.282224e-10   8.211292e-13   7.420741e-29   0.000000e+00   0.000000e+00
#     5.012531e+06   1.804511e+08   9.720442e-09   4.459108e-12   1.406582e-10   6.301000e-27   0.000000e+00   0.000000e+00
#     1.012866e-10   9.720442e-09   1.000000e+07   1.046503e-28   6.327033e-27   6.727397e-12   0.000000e+00   0.000000e+00
#     3.113967e-10  -1.100230e-11  -8.113756e-30   1.611436e+04   1.670844e+02   3.751355e-16   0.000000e+00   0.000000e+00
#    -1.191180e-11   1.265611e-10   6.218170e-27   1.670844e+02   1.262415e+03   3.600164e-14   0.000000e+00   0.000000e+00
#     6.165738e-29   6.295084e-27   6.727397e-12   3.751355e-16   3.600164e-14   3.333333e+02   0.000000e+00   0.000000e+00
#     0.000000e+00   0.000000e+00   0.000000e+00   0.000000e+00   0.000000e+00   0.000000e+00   4.667450e+06  -7.446988e-06
#     0.000000e+00   0.000000e+00   0.000000e+00   0.000000e+00   0.000000e+00   0.000000e+00  -7.446988e-06   5.057768e+06
# 
# INPUT FROM STATICS ONLY (statics_fsdt.py sec. 1): Q1(0) = q0/p = 3183.1
#   FF_end (x=0) = [0, 0, 0, 0, 0, 0, 3183.1, 0]
#   plate w(a/2) = 6.587785e-03 ; exact w = 6.587196e-03
# 
# transverse-shear stiffness, the two constructions:
#   G_whitney (complementary energy, Whitney JAM 40 (1973) Eq. (7)):
#     [[ 4.661645e+06, -2.075234e-10], [-2.075234e-10,  4.814383e+06]]
#   G_msg (MSG-RM least-squares projection, Yu 2003 Eq. 61):
#     [[ 4.667450e+06, -7.446988e-06], [-7.446988e-06,  5.057768e+06]]
#   k1^2 (statics_fsdt.whitney_k1sq, used in the FSDT curve): 0.582778
#   (uniform-k reference 5/6 = 0.8333;  A55 = 8.000000e+06)
# 
# THREE STANDALONE CHAINS, out-of-plane stresses only:
#   exact   Pagano cyl. bending (JCM 3 (1969) 398-411; Garg Eqs. 18-24)
#   MSG-RM  statics Q1 -> 8x8 inversion -> Eq.-63 recovery -> s33 by
#           through-thickness equilibrium of the recovered s13 amplitude
#   FSDT    statics Q1 -> staircase C55(z) Q1/(k1^2 A55); NO s33 in FSDT
# rel L2 errors vs exact:  s13   0.184%  (FSDT-Whitney  108.70%)   s33   0.048%
# s33 top-face closure: 1.0000 q0
# 
# columns: z[m]  s13_msg  s13_exact  s13_fsdt  s33_msg  s33_exact  [Pa]
  -1.000000e-02    3.271659e-07    3.324063e-07    3.413712e+05    0.000000e+00    3.480950e-21
  -9.916667e-03    4.108571e+03    4.137309e+03    3.413712e+05    5.378107e-01    5.423478e-01
  -9.833333e-03    8.182761e+03    8.239090e+03    3.413712e+05    2.146742e+00    2.163190e+00
  -9.750000e-03    1.222257e+04    1.230536e+04    3.413712e+05    4.817794e+00    4.853226e+00
  -9.666667e-03    1.622800e+04    1.633612e+04    3.413712e+05    8.541964e+00    8.603161e+00
  -9.583333e-03    2.019904e+04    2.033140e+04    3.413712e+05    1.331025e+01    1.340370e+01
  -9.500000e-03    2.413571e+04    2.429120e+04    3.413712e+05    1.911366e+01    1.924556e+01
  -9.416667e-03    2.803799e+04    2.821555e+04    3.413712e+05    2.594318e+01    2.611945e+01
  -9.333333e-03    3.190589e+04    3.210444e+04    3.413712e+05    3.378981e+01    3.401609e+01
  -9.250000e-03    3.573941e+04    3.595791e+04    3.413712e+05    4.264456e+01    4.292621e+01
  -9.166667e-03    3.953855e+04    3.977595e+04    3.413712e+05    5.249842e+01    5.284052e+01
  -9.083333e-03    4.330331e+04    4.355858e+04    3.413712e+05    6.334240e+01    6.374975e+01
  -9.000000e-03    4.703368e+04    4.730582e+04    3.413712e+05    7.516748e+01    7.564465e+01
  -8.916667e-03    5.072968e+04    5.101768e+04    3.413712e+05    8.796468e+01    8.851594e+01
  -8.833333e-03    5.439129e+04    5.469417e+04    3.413712e+05    1.017250e+02    1.023544e+02
  -8.750000e-03    5.801852e+04    5.833530e+04    3.413712e+05    1.164394e+02    1.171507e+02
  -8.666667e-03    6.161138e+04    6.194108e+04    3.413712e+05    1.320989e+02    1.328956e+02
  -8.583333e-03    6.516984e+04    6.551154e+04    3.413712e+05    1.486945e+02    1.495798e+02
  -8.500000e-03    6.869393e+04    6.904667e+04    3.413712e+05    1.662173e+02    1.671942e+02
  -8.416667e-03    7.218364e+04    7.254649e+04    3.413712e+05    1.846581e+02    1.857295e+02
  -8.333333e-03    7.563897e+04    7.601102e+04    3.413712e+05    2.040080e+02    2.051764e+02
  -8.250000e-03    7.905991e+04    7.944027e+04    3.413712e+05    2.242581e+02    2.255257e+02
  -8.166667e-03    8.244647e+04    8.283424e+04    3.413712e+05    2.453992e+02    2.467682e+02
  -8.083333e-03    8.579865e+04    8.619294e+04    3.413712e+05    2.674224e+02    2.688945e+02
  -8.000000e-03    8.911645e+04    8.951640e+04    3.413712e+05    2.903188e+02    2.918956e+02
  -7.916667e-03    9.239987e+04    9.280462e+04    3.413712e+05    3.140792e+02    3.157621e+02
  -7.833333e-03    9.564891e+04    9.605761e+04    3.413712e+05    3.386947e+02    3.404849e+02
  -7.750000e-03    9.886357e+04    9.927539e+04    3.413712e+05    3.641563e+02    3.660547e+02
  -7.666667e-03    1.020438e+05    1.024580e+05    3.413712e+05    3.904551e+02    3.924623e+02
  -7.583333e-03    1.051897e+05    1.056053e+05    3.413712e+05    4.175819e+02    4.196985e+02
  -7.500000e-03    1.083012e+05    1.087175e+05    3.413712e+05    4.455278e+02    4.477541e+02
  -7.416667e-03    1.113784e+05    1.117945e+05    3.413712e+05    4.742838e+02    4.766198e+02
  -7.333333e-03    1.144211e+05    1.148364e+05    3.413712e+05    5.038409e+02    5.062865e+02
  -7.250000e-03    1.174295e+05    1.178431e+05    3.413712e+05    5.341900e+02    5.367449e+02
  -7.166667e-03    1.204035e+05    1.208146e+05    3.413712e+05    5.653223e+02    5.679859e+02
  -7.083333e-03    1.233431e+05    1.237511e+05    3.413712e+05    5.972287e+02    6.000002e+02
  -7.000000e-03    1.262483e+05    1.266524e+05    3.413712e+05    6.299001e+02    6.327787e+02
  -6.916667e-03    1.291192e+05    1.295185e+05    3.413712e+05    6.633276e+02    6.663122e+02
  -6.833333e-03    1.319556e+05    1.323496e+05    3.413712e+05    6.975022e+02    7.005914e+02
  -6.750000e-03    1.347577e+05    1.351456e+05    3.413712e+05    7.324149e+02    7.356072e+02
  -6.666667e-03    1.375254e+05    1.379065e+05    3.413712e+05    7.680567e+02    7.713504e+02
  -6.583333e-03    1.402587e+05    1.406324e+05    3.413712e+05    8.044185e+02    8.078119e+02
  -6.500000e-03    1.429576e+05    1.433231e+05    3.413712e+05    8.414915e+02    8.449823e+02
  -6.416667e-03    1.456222e+05    1.459788e+05    3.413712e+05    8.792665e+02    8.828526e+02
  -6.333333e-03    1.482524e+05    1.485995e+05    3.413712e+05    9.177346e+02    9.214136e+02
  -6.250000e-03    1.508482e+05    1.511851e+05    3.413712e+05    9.568867e+02    9.606561e+02
  -6.166667e-03    1.534096e+05    1.537357e+05    3.413712e+05    9.967140e+02    1.000571e+03
  -6.083333e-03    1.559366e+05    1.562513e+05    3.413712e+05    1.037207e+03    1.041149e+03
  -6.000000e-03    1.584293e+05    1.587318e+05    3.413712e+05    1.078358e+03    1.082381e+03
  -5.916667e-03    1.608875e+05    1.611774e+05    3.413712e+05    1.120156e+03    1.124258e+03
  -5.833333e-03    1.633114e+05    1.635879e+05    3.413712e+05    1.162594e+03    1.166770e+03
  -5.750000e-03    1.657009e+05    1.659635e+05    3.413712e+05    1.205661e+03    1.209909e+03
  -5.666667e-03    1.680560e+05    1.683041e+05    3.413712e+05    1.249350e+03    1.253665e+03
  -5.583333e-03    1.703768e+05    1.706097e+05    3.413712e+05    1.293651e+03    1.298030e+03
  -5.500000e-03    1.726631e+05    1.728804e+05    3.413712e+05    1.338555e+03    1.342993e+03
  -5.416667e-03    1.749151e+05    1.751161e+05    3.413712e+05    1.384052e+03    1.388547e+03
  -5.333333e-03    1.771327e+05    1.773168e+05    3.413712e+05    1.430135e+03    1.434681e+03
  -5.250000e-03    1.793159e+05    1.794826e+05    3.413712e+05    1.476794e+03    1.481386e+03
  -5.166667e-03    1.814648e+05    1.816135e+05    3.413712e+05    1.524020e+03    1.528655e+03
  -5.083333e-03    1.835792e+05    1.837095e+05    3.413712e+05    1.571805e+03    1.576476e+03
  -5.000000e-03    1.856593e+05    1.857705e+05    3.413712e+05    1.620138e+03    1.624842e+03
  -4.916667e-03    1.877050e+05    1.877966e+05    3.413712e+05    1.669011e+03    1.673742e+03
  -4.833333e-03    1.897163e+05    1.897878e+05    3.413712e+05    1.718415e+03    1.723169e+03
  -4.750000e-03    1.916932e+05    1.917441e+05    3.413712e+05    1.768342e+03    1.773112e+03
  -4.666667e-03    1.936358e+05    1.936656e+05    3.413712e+05    1.818781e+03    1.823563e+03
  -4.583333e-03    1.955439e+05    1.955521e+05    3.413712e+05    1.869725e+03    1.874512e+03
  -4.500000e-03    1.974177e+05    1.974038e+05    3.413712e+05    1.921163e+03    1.925950e+03
  -4.416667e-03    1.992571e+05    1.992205e+05    3.413712e+05    1.973088e+03    1.977869e+03
  -4.333333e-03    2.010621e+05    2.010025e+05    3.413712e+05    2.025490e+03    2.030259e+03
  -4.250000e-03    2.028328e+05    2.027495e+05    3.413712e+05    2.078359e+03    2.083111e+03
  -4.166667e-03    2.045690e+05    2.044617e+05    3.413712e+05    2.131688e+03    2.136415e+03
  -4.083333e-03    2.062709e+05    2.061391e+05    3.413712e+05    2.185467e+03    2.190164e+03
  -4.000000e-03    2.079384e+05    2.077816e+05    3.413712e+05    2.239687e+03    2.244346e+03
  -3.916667e-03    2.095715e+05    2.093892e+05    3.413712e+05    2.294339e+03    2.298955e+03
  -3.833333e-03    2.111702e+05    2.109621e+05    3.413712e+05    2.349414e+03    2.353979e+03
  -3.750000e-03    2.127346e+05    2.125001e+05    3.413712e+05    2.404903e+03    2.409411e+03
  -3.666667e-03    2.142646e+05    2.140033e+05    3.413712e+05    2.460797e+03    2.465241e+03
  -3.583333e-03    2.157601e+05    2.154717e+05    3.413712e+05    2.517087e+03    2.521460e+03
  -3.500000e-03    2.172214e+05    2.169052e+05    3.413712e+05    2.573764e+03    2.578059e+03
  -3.416667e-03    2.186482e+05    2.183040e+05    3.413712e+05    2.630819e+03    2.635028e+03
  -3.333333e-03    2.200406e+05    2.196679e+05    3.413712e+05    2.688243e+03    2.692359e+03
  -3.333333e-03    2.200406e+05    2.196679e+05    1.365485e+05    2.688243e+03    2.692359e+03
  -3.250000e-03    2.200932e+05    2.197209e+05    1.365485e+05    2.745857e+03    2.749875e+03
  -3.166667e-03    2.201445e+05    2.197726e+05    1.365485e+05    2.803484e+03    2.807405e+03
  -3.083333e-03    2.201944e+05    2.198229e+05    1.365485e+05    2.861124e+03    2.864948e+03
  -3.000000e-03    2.202430e+05    2.198719e+05    1.365485e+05    2.918777e+03    2.922504e+03
  -2.916667e-03    2.202903e+05    2.199195e+05    1.365485e+05    2.976443e+03    2.980072e+03
  -2.833333e-03    2.203362e+05    2.199658e+05    1.365485e+05    3.034121e+03    3.037653e+03
  -2.750000e-03    2.203808e+05    2.200107e+05    1.365485e+05    3.091810e+03    3.095246e+03
  -2.666667e-03    2.204241e+05    2.200543e+05    1.365485e+05    3.149512e+03    3.152851e+03
  -2.583333e-03    2.204660e+05    2.200965e+05    1.365485e+05    3.207224e+03    3.210466e+03
  -2.500000e-03    2.205067e+05    2.201373e+05    1.365485e+05    3.264947e+03    3.268093e+03
  -2.416667e-03    2.205459e+05    2.201769e+05    1.365485e+05    3.322681e+03    3.325730e+03
  -2.333333e-03    2.205839e+05    2.202150e+05    1.365485e+05    3.380425e+03    3.383377e+03
  -2.250000e-03    2.206205e+05    2.202518e+05    1.365485e+05    3.438178e+03    3.441034e+03
  -2.166667e-03    2.206558e+05    2.202873e+05    1.365485e+05    3.495941e+03    3.498700e+03
  -2.083333e-03    2.206897e+05    2.203214e+05    1.365485e+05    3.553713e+03    3.556376e+03
  -2.000000e-03    2.207224e+05    2.203542e+05    1.365485e+05    3.611494e+03    3.614060e+03
  -1.916667e-03    2.207537e+05    2.203856e+05    1.365485e+05    3.669283e+03    3.671753e+03
  -1.833333e-03    2.207836e+05    2.204157e+05    1.365485e+05    3.727080e+03    3.729454e+03
  -1.750000e-03    2.208122e+05    2.204444e+05    1.365485e+05    3.784885e+03    3.787162e+03
  -1.666667e-03    2.208395e+05    2.204717e+05    1.365485e+05    3.842697e+03    3.844878e+03
  -1.583333e-03    2.208655e+05    2.204978e+05    1.365485e+05    3.900516e+03    3.902601e+03
  -1.500000e-03    2.208901e+05    2.205224e+05    1.365485e+05    3.958341e+03    3.960330e+03
  -1.416667e-03    2.209134e+05    2.205457e+05    1.365485e+05    4.016173e+03    4.018066e+03
  -1.333333e-03    2.209354e+05    2.205677e+05    1.365485e+05    4.074011e+03    4.075808e+03
  -1.250000e-03    2.209560e+05    2.205883e+05    1.365485e+05    4.131855e+03    4.133555e+03
  -1.166667e-03    2.209753e+05    2.206076e+05    1.365485e+05    4.189703e+03    4.191307e+03
  -1.083333e-03    2.209933e+05    2.206255e+05    1.365485e+05    4.247557e+03    4.249065e+03
  -1.000000e-03    2.210100e+05    2.206421e+05    1.365485e+05    4.305415e+03    4.306826e+03
  -9.166667e-04    2.210253e+05    2.206573e+05    1.365485e+05    4.363277e+03    4.364592e+03
  -8.333333e-04    2.210393e+05    2.206711e+05    1.365485e+05    4.421143e+03    4.422362e+03
  -7.500000e-04    2.210519e+05    2.206837e+05    1.365485e+05    4.479013e+03    4.480135e+03
  -6.666667e-04    2.210632e+05    2.206948e+05    1.365485e+05    4.536886e+03    4.537912e+03
  -5.833333e-04    2.210732e+05    2.207046e+05    1.365485e+05    4.594761e+03    4.595691e+03
  -5.000000e-04    2.210819e+05    2.207131e+05    1.365485e+05    4.652639e+03    4.653472e+03
  -4.166667e-04    2.210892e+05    2.207202e+05    1.365485e+05    4.710519e+03    4.711256e+03
  -3.333333e-04    2.210952e+05    2.207260e+05    1.365485e+05    4.768401e+03    4.769041e+03
  -2.500000e-04    2.210998e+05    2.207304e+05    1.365485e+05    4.826284e+03    4.826828e+03
  -1.666667e-04    2.211032e+05    2.207335e+05    1.365485e+05    4.884169e+03    4.884615e+03
  -8.333333e-05    2.211052e+05    2.207352e+05    1.365485e+05    4.942054e+03    4.942403e+03
   0.000000e+00    2.211058e+05    2.207356e+05    1.365485e+05    4.999939e+03    5.000192e+03
   8.333333e-05    2.211052e+05    2.207346e+05    1.365485e+05    5.057824e+03    5.057980e+03
   1.666667e-04    2.211032e+05    2.207322e+05    1.365485e+05    5.115709e+03    5.115768e+03
   2.500000e-04    2.210998e+05    2.207286e+05    1.365485e+05    5.173593e+03    5.173555e+03
   3.333333e-04    2.210952e+05    2.207235e+05    1.365485e+05    5.231476e+03    5.231341e+03
   4.166667e-04    2.210892e+05    2.207171e+05    1.365485e+05    5.289358e+03    5.289125e+03
   5.000000e-04    2.210819e+05    2.207094e+05    1.365485e+05    5.347238e+03    5.346908e+03
   5.833333e-04    2.210732e+05    2.207003e+05    1.365485e+05    5.405116e+03    5.404689e+03
   6.666667e-04    2.210632e+05    2.206899e+05    1.365485e+05    5.462992e+03    5.462466e+03
   7.500000e-04    2.210519e+05    2.206781e+05    1.365485e+05    5.520865e+03    5.520241e+03
   8.333333e-04    2.210393e+05    2.206650e+05    1.365485e+05    5.578734e+03    5.578013e+03
   9.166667e-04    2.210253e+05    2.206505e+05    1.365485e+05    5.636600e+03    5.635781e+03
   1.000000e-03    2.210100e+05    2.206347e+05    1.365485e+05    5.694463e+03    5.693545e+03
   1.083333e-03    2.209933e+05    2.206175e+05    1.365485e+05    5.752321e+03    5.751305e+03
   1.166667e-03    2.209753e+05    2.205990e+05    1.365485e+05    5.810174e+03    5.809060e+03
   1.250000e-03    2.209560e+05    2.205791e+05    1.365485e+05    5.868023e+03    5.866810e+03
   1.333333e-03    2.209354e+05    2.205578e+05    1.365485e+05    5.925866e+03    5.924555e+03
   1.416667e-03    2.209134e+05    2.205353e+05    1.365485e+05    5.983704e+03    5.982294e+03
   1.500000e-03    2.208901e+05    2.205113e+05    1.365485e+05    6.041536e+03    6.040027e+03
   1.583333e-03    2.208655e+05    2.204860e+05    1.365485e+05    6.099362e+03    6.097753e+03
   1.666667e-03    2.208395e+05    2.204594e+05    1.365485e+05    6.157181e+03    6.155473e+03
   1.750000e-03    2.208122e+05    2.204314e+05    1.365485e+05    6.214993e+03    6.213185e+03
   1.833333e-03    2.207836e+05    2.204021e+05    1.365485e+05    6.272798e+03    6.270890e+03
   1.916667e-03    2.207537e+05    2.203714e+05    1.365485e+05    6.330595e+03    6.328588e+03
   2.000000e-03    2.207224e+05    2.203394e+05    1.365485e+05    6.388384e+03    6.386277e+03
   2.083333e-03    2.206897e+05    2.203060e+05    1.365485e+05    6.446165e+03    6.443957e+03
   2.166667e-03    2.206558e+05    2.202713e+05    1.365485e+05    6.503937e+03    6.501628e+03
   2.250000e-03    2.206205e+05    2.202352e+05    1.365485e+05    6.561700e+03    6.559291e+03
   2.333333e-03    2.205839e+05    2.201977e+05    1.365485e+05    6.619453e+03    6.616943e+03
   2.416667e-03    2.205459e+05    2.201590e+05    1.365485e+05    6.677197e+03    6.674586e+03
   2.500000e-03    2.205067e+05    2.201188e+05    1.365485e+05    6.734930e+03    6.732218e+03
   2.583333e-03    2.204660e+05    2.200773e+05    1.365485e+05    6.792654e+03    6.789840e+03
   2.666667e-03    2.204241e+05    2.200345e+05    1.365485e+05    6.850366e+03    6.847450e+03
   2.750000e-03    2.203808e+05    2.199903e+05    1.365485e+05    6.908067e+03    6.905049e+03
   2.833333e-03    2.203362e+05    2.199448e+05    1.365485e+05    6.965757e+03    6.962637e+03
   2.916667e-03    2.202903e+05    2.198979e+05    1.365485e+05    7.023435e+03    7.020212e+03
   3.000000e-03    2.202430e+05    2.198497e+05    1.365485e+05    7.081101e+03    7.077775e+03
   3.083333e-03    2.201944e+05    2.198001e+05    1.365485e+05    7.138754e+03    7.135325e+03
   3.166667e-03    2.201445e+05    2.197492e+05    1.365485e+05    7.196394e+03    7.192862e+03
   3.250000e-03    2.200932e+05    2.196969e+05    1.365485e+05    7.254021e+03    7.250385e+03
   3.333333e-03    2.200406e+05    2.196432e+05    1.365485e+05    7.311634e+03    7.307895e+03
   3.333333e-03    2.200406e+05    2.196432e+05    3.413712e+05    7.311634e+03    7.307895e+03
   3.416667e-03    2.186482e+05    2.182796e+05    3.413712e+05    7.369059e+03    7.365219e+03
   3.500000e-03    2.172214e+05    2.168812e+05    3.413712e+05    7.426114e+03    7.422183e+03
   3.583333e-03    2.157601e+05    2.154479e+05    3.413712e+05    7.482791e+03    7.478775e+03
   3.666667e-03    2.142646e+05    2.139799e+05    3.413712e+05    7.539081e+03    7.534988e+03
   3.750000e-03    2.127346e+05    2.124770e+05    3.413712e+05    7.594975e+03    7.590812e+03
   3.833333e-03    2.111702e+05    2.109393e+05    3.413712e+05    7.650464e+03    7.646238e+03
   3.916667e-03    2.095715e+05    2.093668e+05    3.413712e+05    7.705539e+03    7.701256e+03
   4.000000e-03    2.079384e+05    2.077595e+05    3.413712e+05    7.760191e+03    7.755859e+03
   4.083333e-03    2.062709e+05    2.061173e+05    3.413712e+05    7.814411e+03    7.810036e+03
   4.166667e-03    2.045690e+05    2.044402e+05    3.413712e+05    7.868190e+03    7.863778e+03
   4.250000e-03    2.028328e+05    2.027284e+05    3.413712e+05    7.921518e+03    7.917077e+03
   4.333333e-03    2.010621e+05    2.009816e+05    3.413712e+05    7.974388e+03    7.969924e+03
   4.416667e-03    1.992571e+05    1.992000e+05    3.413712e+05    8.026790e+03    8.022308e+03
   4.500000e-03    1.974177e+05    1.973836e+05    3.413712e+05    8.078714e+03    8.074222e+03
   4.583333e-03    1.955439e+05    1.955322e+05    3.413712e+05    8.130153e+03    8.125655e+03
   4.666667e-03    1.936358e+05    1.936460e+05    3.413712e+05    8.181096e+03    8.176599e+03
   4.750000e-03    1.916932e+05    1.917249e+05    3.413712e+05    8.231536e+03    8.227045e+03
   4.833333e-03    1.897163e+05    1.897689e+05    3.413712e+05    8.281462e+03    8.276983e+03
   4.916667e-03    1.877050e+05    1.877780e+05    3.413712e+05    8.330867e+03    8.326404e+03
   5.000000e-03    1.856593e+05    1.857522e+05    3.413712e+05    8.379740e+03    8.375300e+03
   5.083333e-03    1.835792e+05    1.836915e+05    3.413712e+05    8.428073e+03    8.423661e+03
   5.166667e-03    1.814648e+05    1.815959e+05    3.413712e+05    8.475857e+03    8.471478e+03
   5.250000e-03    1.793159e+05    1.794653e+05    3.413712e+05    8.523083e+03    8.518741e+03
   5.333333e-03    1.771327e+05    1.772998e+05    3.413712e+05    8.569742e+03    8.565442e+03
   5.416667e-03    1.749151e+05    1.750994e+05    3.413712e+05    8.615825e+03    8.611572e+03
   5.500000e-03    1.726631e+05    1.728640e+05    3.413712e+05    8.661323e+03    8.657121e+03
   5.583333e-03    1.703768e+05    1.705936e+05    3.413712e+05    8.706227e+03    8.702080e+03
   5.666667e-03    1.680560e+05    1.682883e+05    3.413712e+05    8.750528e+03    8.746441e+03
   5.750000e-03    1.657009e+05    1.659481e+05    3.413712e+05    8.794216e+03    8.790193e+03
   5.833333e-03    1.633114e+05    1.635728e+05    3.413712e+05    8.837284e+03    8.833328e+03
   5.916667e-03    1.608875e+05    1.611626e+05    3.413712e+05    8.879721e+03    8.875836e+03
   6.000000e-03    1.584293e+05    1.587173e+05    3.413712e+05    8.921520e+03    8.917709e+03
   6.083333e-03    1.559366e+05    1.562371e+05    3.413712e+05    8.962670e+03    8.958938e+03
   6.166667e-03    1.534096e+05    1.537218e+05    3.413712e+05    9.003164e+03    8.999512e+03
   6.250000e-03    1.508482e+05    1.511715e+05    3.413712e+05    9.042991e+03    9.039423e+03
   6.333333e-03    1.482524e+05    1.485862e+05    3.413712e+05    9.082143e+03    9.078662e+03
   6.416667e-03    1.456222e+05    1.459659e+05    3.413712e+05    9.120611e+03    9.117220e+03
   6.500000e-03    1.429576e+05    1.433105e+05    3.413712e+05    9.158386e+03    9.155087e+03
   6.583333e-03    1.402587e+05    1.406200e+05    3.413712e+05    9.195459e+03    9.192254e+03
   6.666667e-03    1.375254e+05    1.378945e+05    3.413712e+05    9.231821e+03    9.228712e+03
   6.750000e-03    1.347577e+05    1.351339e+05    3.413712e+05    9.267463e+03    9.264452e+03
   6.833333e-03    1.319556e+05    1.323382e+05    3.413712e+05    9.302375e+03    9.299465e+03
   6.916667e-03    1.291192e+05    1.295074e+05    3.413712e+05    9.336550e+03    9.333741e+03
   7.000000e-03    1.262483e+05    1.266416e+05    3.413712e+05    9.369978e+03    9.367272e+03
   7.083333e-03    1.233431e+05    1.237406e+05    3.413712e+05    9.402649e+03    9.400047e+03
   7.166667e-03    1.204035e+05    1.208045e+05    3.413712e+05    9.434555e+03    9.432059e+03
   7.250000e-03    1.174295e+05    1.178332e+05    3.413712e+05    9.465688e+03    9.463297e+03
   7.333333e-03    1.144211e+05    1.148268e+05    3.413712e+05    9.496037e+03    9.493753e+03
   7.416667e-03    1.113784e+05    1.117853e+05    3.413712e+05    9.525594e+03    9.523418e+03
   7.500000e-03    1.083012e+05    1.087086e+05    3.413712e+05    9.554350e+03    9.552281e+03
   7.583333e-03    1.051897e+05    1.055967e+05    3.413712e+05    9.582296e+03    9.580334e+03
   7.666667e-03    1.020438e+05    1.024496e+05    3.413712e+05    9.609423e+03    9.607568e+03
   7.750000e-03    9.886357e+04    9.926734e+04    3.413712e+05    9.635721e+03    9.633974e+03
   7.833333e-03    9.564891e+04    9.604987e+04    3.413712e+05    9.661183e+03    9.659541e+03
   7.916667e-03    9.239987e+04    9.279718e+04    3.413712e+05    9.685798e+03    9.684262e+03
   8.000000e-03    8.911645e+04    8.950927e+04    3.413712e+05    9.709559e+03    9.708127e+03
   8.083333e-03    8.579865e+04    8.618611e+04    3.413712e+05    9.732455e+03    9.731126e+03
   8.166667e-03    8.244647e+04    8.282770e+04    3.413712e+05    9.754478e+03    9.753251e+03
   8.250000e-03    7.905991e+04    7.943404e+04    3.413712e+05    9.775620e+03    9.774491e+03
   8.333333e-03    7.563897e+04    7.600509e+04    3.413712e+05    9.795870e+03    9.794839e+03
   8.416667e-03    7.218364e+04    7.254087e+04    3.413712e+05    9.815220e+03    9.814284e+03
   8.500000e-03    6.869393e+04    6.904134e+04    3.413712e+05    9.833660e+03    9.832818e+03
   8.583333e-03    6.516984e+04    6.550651e+04    3.413712e+05    9.851183e+03    9.850431e+03
   8.666667e-03    6.161138e+04    6.193636e+04    3.413712e+05    9.867779e+03    9.867114e+03
   8.750000e-03    5.801852e+04    5.833087e+04    3.413712e+05    9.883438e+03    9.882858e+03
   8.833333e-03    5.439129e+04    5.469004e+04    3.413712e+05    9.898153e+03    9.897653e+03
   8.916667e-03    5.072968e+04    5.101385e+04    3.413712e+05    9.911913e+03    9.911491e+03
   9.000000e-03    4.703368e+04    4.730229e+04    3.413712e+05    9.924710e+03    9.924361e+03
   9.083333e-03    4.330331e+04    4.355535e+04    3.413712e+05    9.936535e+03    9.936255e+03
   9.166667e-03    3.953855e+04    3.977301e+04    3.413712e+05    9.947379e+03    9.947163e+03
   9.250000e-03    3.573941e+04    3.595526e+04    3.413712e+05    9.957233e+03    9.957077e+03
   9.333333e-03    3.190589e+04    3.210209e+04    3.413712e+05    9.966088e+03    9.965986e+03
   9.416667e-03    2.803799e+04    2.821349e+04    3.413712e+05    9.973934e+03    9.973882e+03
   9.500000e-03    2.413571e+04    2.428944e+04    3.413712e+05    9.980764e+03    9.980756e+03
   9.583333e-03    2.019904e+04    2.032993e+04    3.413712e+05    9.986567e+03    9.986597e+03
   9.666667e-03    1.622800e+04    1.633495e+04    3.413712e+05    9.991336e+03    9.991397e+03
   9.750000e-03    1.222257e+04    1.230448e+04    3.413712e+05    9.995060e+03    9.995147e+03
   9.833333e-03    8.182761e+03    8.238506e+03    3.413712e+05    9.997731e+03    9.997837e+03
   9.916667e-03    4.108571e+03    4.137018e+03    3.413712e+05    9.999340e+03    9.999458e+03
   1.000000e-02    3.298190e-07    3.324893e-07    3.413712e+05    9.999878e+03    1.000000e+04
