nodes:
 - [-2.235650157 0.527875552 10.344827586]
 - [-2.246192040 0.483228740 10.344827586]
 - [-2.225108275 0.572522364 10.344827586]
 - [-2.187994964 0.464796133 10.344827586]
 - [-2.168984867 0.591112621 10.344827586]
 - [-2.020980611 0.391594857 10.344827586]
 - [-1.981582381 0.649810254 10.344827586]
 - [-1.757776319 0.226680029 10.344827586]
 - [-1.692491650 0.726138188 10.344827586]
 - [-1.560198529 0.071349438 10.344827586]
 - [-1.469051210 0.779180035 10.344827586]
 - [-1.318537386 -0.140562499 10.344827586]
 - [-1.228474944 0.832192722 10.344827586]
 - [-1.042315889 -0.384390680 10.344827586]
 - [-0.970680984 0.882366519 10.344827586]
 - [-0.741057042 -0.635470005 10.344827586]
 - [-0.695587459 0.926891698 10.344827586]
 - [-0.424283845 -0.869135371 10.344827586]
 - [-0.403112501 0.962958529 10.344827586]
 - [-0.101519299 -1.060721678 10.344827586]
 - [-0.093174240 0.987757282 10.344827586]
 - [0.217713594 -1.185563825 10.344827586]
 - [0.234309193 0.998478228 10.344827586]
 - [0.374230305 -1.233169636 10.344827586]
 - [0.220465747 -0.821505469 10.344181034]
 - [0.381402386 0.995812378 10.344827586]
 - [0.516841659 -1.269535116 10.344827586]
 - [0.223223136 -0.457504052 10.343793103]
 - [0.527620242 0.987471377 10.344827586]
 - [0.231528788 0.634431564 10.344181034]
 - [0.649723138 -1.295528089 10.344827586]
 - [0.225985967 -0.093532275 10.343663793]
 - [0.671312942 0.973698908 10.344827586]
 - [0.228754449 0.270437164 10.343793103]
 - [0.777050223 -1.312016380 10.344827586]
 - [0.810830666 0.954738655 10.344827586]
 - [0.902998396 -1.319867814 10.344827586]
 - [0.944523596 0.930834302 10.344827586]
 - [1.031743141 -1.319950216 10.344827586]
 - [1.070741912 0.902229531 10.344827586]
 - [1.167459939 -1.313131411 10.344827586]
 - [1.187835795 0.869168026 10.344827586]
 - [1.416918252 -1.268839907 10.344827586]
 - [1.170782737 -0.949355500 10.344181034]
 - [1.529950339 0.723886226 10.344827586]
 - [1.634907235 -1.192415737 10.344827586]
 - [1.174134466 -0.585639696 10.343793103]
 - [1.800929538 0.551949865 10.344827586]
 - [1.184365792 0.505419862 10.344181034]
 - [1.820595576 -1.084024280 10.344827586]
 - [1.177515382 -0.221956720 10.343663793]
 - [2.002041809 0.350267788 10.344827586]
 - [1.180925739 0.141720707 10.343793103]
 - [1.973151965 -0.943830913 10.344827586]
 - [2.134555569 0.115748840 10.344827586]
 - [2.091745090 -0.772001013 10.344827586]
 - [2.199739233 -0.154698134 10.344827586]
 - [2.175543641 -0.568699959 10.344827586]
 - [2.198861218 -0.464164288 10.344827586]
 - [2.181785450 -0.548998064 10.344827586]
 - [2.194390022 -0.492266320 10.344827586]
 - [2.189786087 -0.517046254 10.344827586]
elements:
 - [1 2]
 - [3 1]
 - [2 4]
 - [5 3]
 - [4 6]
 - [7 5]
 - [6 8]
 - [9 7]
 - [8 10]
 - [11 9]
 - [10 12]
 - [13 11]
 - [12 14]
 - [15 13]
 - [14 16]
 - [17 15]
 - [16 18]
 - [19 17]
 - [18 20]
 - [21 19]
 - [20 22]
 - [23 21]
 - [22 24]
 - [25 22]
 - [26 23]
 - [23 30]
 - [24 27]
 - [28 25]
 - [29 26]
 - [27 31]
 - [32 28]
 - [33 29]
 - [30 34]
 - [31 35]
 - [34 32]
 - [36 33]
 - [35 37]
 - [38 36]
 - [37 39]
 - [40 38]
 - [39 41]
 - [42 40]
 - [41 43]
 - [41 44]
 - [45 42]
 - [49 42]
 - [43 46]
 - [44 47]
 - [48 45]
 - [46 50]
 - [47 51]
 - [52 48]
 - [53 49]
 - [50 54]
 - [51 53]
 - [55 52]
 - [54 56]
 - [57 55]
 - [56 58]
 - [59 57]
 - [58 60]
 - [61 59]
 - [60 62]
 - [62 61]
sets:
  element:
  - name: layup_0
    labels:
    - 1
    - 2
    - 3
    - 4
    - 5
    - 6
    - 7
    - 8
    - 61
    - 62
    - 63
    - 64
  - name: layup_1
    labels:
    - 9
    - 11
    - 13
    - 15
    - 17
    - 19
    - 21
  - name: layup_2
    labels:
    - 23
    - 27
    - 30
    - 34
    - 37
    - 39
    - 41
  - name: layup_3
    labels:
    - 43
    - 47
    - 50
    - 54
    - 57
    - 59
  - name: layup_4
    labels:
    - 45
    - 49
    - 52
    - 56
    - 58
    - 60
  - name: layup_5
    labels:
    - 25
    - 29
    - 32
    - 36
    - 38
    - 40
    - 42
  - name: layup_6
    labels:
    - 10
    - 12
    - 14
    - 16
    - 18
    - 20
    - 22
  - name: layup_7
    labels:
    - 44
    - 46
    - 48
    - 51
    - 53
    - 55
  - name: layup_8
    labels:
    - 24
    - 26
    - 28
    - 31
    - 33
    - 35
sections:
- type: shell
  elementSet: layup_0
  layup:
  - - glass_triax
    - 0.02
    - 0
  - - glass_uni
    - 0.005
    - 0
  - - glass_triax
    - 0.02
    - 0
- type: shell
  elementSet: layup_1
  layup:
  - - glass_triax
    - 0.02
    - 0
  - - medium_density_foam
    - 0.023
    - 0
  - - glass_triax
    - 0.02
    - 0
- type: shell
  elementSet: layup_2
  layup:
  - - glass_triax
    - 0.02
    - 0
  - - carbon_uni_industry_baseline
    - 0.02
    - 0
  - - glass_triax
    - 0.02
    - 0
- type: shell
  elementSet: layup_3
  layup:
  - - glass_triax
    - 0.02
    - 0
  - - medium_density_foam
    - 0.025
    - 0
  - - glass_triax
    - 0.02
    - 0
- type: shell
  elementSet: layup_4
  layup:
  - - glass_triax
    - 0.02
    - 0
  - - medium_density_foam
    - 0.02
    - 0
  - - glass_triax
    - 0.02
    - 0
- type: shell
  elementSet: layup_5
  layup:
  - - glass_triax
    - 0.02
    - 0
  - - carbon_uni_industry_baseline
    - 0.015
    - 0
  - - glass_triax
    - 0.02
    - 0
- type: shell
  elementSet: layup_6
  layup:
  - - glass_triax
    - 0.02
    - 0
  - - medium_density_foam
    - 0.041
    - 0
  - - glass_triax
    - 0.02
    - 0
- type: shell
  elementSet: layup_7
  layup:
  - - glass_biax
    - 0.003
    - 0
  - - medium_density_foam
    - 0.049
    - 0
  - - glass_biax
    - 0.003
    - 0
- type: shell
  elementSet: layup_8
  layup:
  - - glass_biax
    - 0.003
    - 0
  - - medium_density_foam
    - 0.033
    - 0
  - - glass_biax
    - 0.003
    - 0
elementOrientations:
 - [-0.010851150540786817, -0.017958921848314473, 0.9997798405939116, -0.23004557940352824, -0.9729748513149433, -0.01997423604443528, 0.9731193574936408, -0.23021167614764879, 0.006426526001959937]
 - [-0.003043507370483804, 0.08145701001308042, 0.9966722091954883, 0.9567639128601566, -0.2896473069536583, 0.02659422160951408, 0.2908497070849626, 0.9536609424183324, -0.07705358391644955]
 - [-0.0010258871751236763, -0.00769965543802802, 0.999969830975735, 0.9565218192060634, -0.2916580371292359, -0.0012644210709272, 0.29165897369741123, 0.9564916647227291, 0.007664096666655046]
 - [0.004449242495469645, 0.038240530754378416, 0.9992586582306103, 0.784047123802832, -0.6203708962031481, 0.02024990865681711, 0.6206853566000435, 0.783375780166662, -0.03274255870500376]
 - [0.001576939945187769, -0.0015853979703284102, 0.9999974998837176, 0.9159264010913277, -0.4013408759081483, -0.002080651140677492, 0.40134317116938495, 0.915927392230714, 0.0008192173984041494]
 - [-0.0016476487854040578, 0.02981558213677158, 0.9995540587258526, 0.8051177652105233, -0.5928102593579203, 0.019010011636173878, 0.5931126953588941, 0.8047900517910496, -0.02302831175460219]
 - [0.004959775982149746, 0.003966882933928223, 0.9999798320276242, 0.8485028135003416, -0.5291866653052155, -0.0021092048621092247, 0.5291676257143962, 0.8484961621026547, -0.00599055864291931]
 - [-0.008774677577279092, 0.018310236263857294, 0.9997938488915483, 0.8588299297189494, -0.5119815136139011, 0.01691394503251553, 0.5121856663870621, 0.8588012953911869, -0.011232906216136668]
 - [-0.00564582594942686, 0.07008781570803653, 0.9975248481810489, 0.9537381243083963, -0.2994737730691497, 0.02643954395274584, 0.3005856198989741, 0.951526750718551, -0.06515464509108876]
 - [-0.004779679526827472, -0.0354553734597735, 0.9993598306698386, -0.985095432831874, -0.17166917627625844, -0.010801950305975916, 0.17194226611686456, -0.9845164348092208, -0.03410640281733638]
 - [-0.006708789094754941, 0.06716673625274316, 0.9977192098431483, 0.9656903262317258, -0.2585940563291197, 0.023902047061184463, 0.25960968004168317, 0.9636481430337562, -0.06312741445876259]
 - [-0.004149326976299182, -0.0395684057709179, 0.9992082487401673, -0.9855483353505549, -0.16905064336852993, -0.01078696734194026, 0.16934362040949083, -0.9848127848689991, -0.03829513004511366]
 - [-0.007659203094216133, 0.06446911768055645, 0.9978903093393842, 0.9779749259830982, -0.20767106534419558, 0.020923020029625438, 0.20858183227768134, 0.976071955075187, -0.06145858572557442]
 - [-0.003570944280950572, -0.04339242072962355, 0.9990517234758998, -0.9872809138094283, -0.15864373468853551, -0.010419341231269339, 0.1589454169976675, -0.9863819053831517, -0.04227400085325125]
 - [-0.008616184080133675, 0.06105967026926139, 0.9980969281780737, 0.9887897098425407, -0.14827311641136895, 0.017606608394735143, 0.14906599572471982, 0.9870596737868841, -0.05909762518348871]
 - [-0.0031783358546363027, -0.04623592086371398, 0.9989254916174074, -0.9898432938321002, -0.14183049330795244, -0.00971415583778335, 0.14212723819455933, -0.9888105737652217, -0.04531553125893756]
 - [-0.009505018694891487, 0.05661341607352013, 0.9983509281510669, 0.9963676071564656, -0.08395602245824649, 0.014247024331068421, 0.08462414566132656, 0.9948599436169279, -0.055609770343112264]
 - [-0.003051290561230912, -0.04747903547530189, 0.9988675742140426, -0.9929146765068365, -0.11851303393631289, -0.008666369743648945, 0.1187902975972121, -0.9918167179361039, -0.04678101344798333]
 - [-0.010137678369407214, 0.051755726927358525, 0.998608317713957, 0.9997423611528597, -0.0197578088842052, 0.011173195809620048, 0.02030858916279863, 0.998464307683713, -0.05154209432978779]
 - [-0.003171009668479502, -0.046893836194941224, 0.9988948457293211, -0.9961291686044224, -0.08759999181482299, -0.007274674529165288, 0.08784431770549958, -0.9950513602628586, -0.04643453764053523]
 - [-0.010387875336531729, 0.04808739830242001, 0.9987891139627507, 0.9991974881815012, 0.039140762339403425, 0.008507663326060955, -0.03868425594181611, 0.9980759504406438, -0.04845539695671999]
 - [-0.0033965077773182844, -0.04502837928168328, 0.998979934129902, -0.9988805168610668, -0.04698202258783842, -0.0055138542711908566, 0.04718237775151547, -0.9978803207864261, -0.0448183959651902]
 - [0.00638643914904962, 0.02277777040638476, 0.9997201541282986, 0.3799504672485625, 0.9247083783973373, -0.023495900905601167, -0.9249847868114343, 0.3799941948202379, -0.002748830719535432]
 - [-0.01007926781813499, 8.271927286521154e-05, 0.999949199468539, -0.0076064786465944514, -0.9999710703045377, 6.049451705250511e-06, 0.9999202717431271, -0.007606031259392763, 0.01007960543036924]
 - [-0.0070413569748868044, -0.04339857614369191, 0.9990330239189555, -0.9998939581031834, -0.012429966305135666, -0.007587389959802669, 0.012747228745932822, -0.9989805100833317, -0.043306450246418215]
 - [-0.007674996778177261, 6.340895011497491e-05, 0.9999705447680747, -0.007716219022039009, -0.9999702295301036, 4.185229543773598e-06, 0.9999407754404555, -0.007715959617394863, 0.007675257567263765]
 - [-0.007876471063571098, 0.04191451743532159, 0.9990901533053705, 0.9885130621227438, 0.15112847273242716, 0.001452839385567782, -0.15093007392929003, 0.9876251100279537, -0.04262340701974555]
 - [-0.009600825922876565, 7.890471863143375e-05, 0.9999539078955809, -0.007629795554475538, -0.999970892670317, 5.6503434163249336e-06, 0.9999248023533548, -0.007629389633178601, 0.009601148495342642]
 - [-0.006941734405671318, -0.0414776477151536, 0.999115317199901, -0.9997556549516725, 0.02125704132076922, -0.006063710616360234, -0.020986727129139703, -0.9989132809880469, -0.04161507359241731]
 - [-0.005392207544094888, 0.03464805409820866, 0.9993850291279179, 0.9507014349044596, 0.31005676567733864, -0.005619940240781289, -0.3100608097912462, 0.9500864773297828, -0.03461184517879731]
 - [-0.009121123021036643, 7.506554011408406e-05, 0.9999583988746732, -0.007652435772806693, -0.9999707196708443, 5.264753095715288e-06, 0.9999291201588132, -0.007652069402406397, 0.009121430385776789]
 - [-0.0067520652183849185, -0.03922707970359766, 0.9992075088955319, -0.9985158905362594, 0.05426508328483156, -0.004617042632573301, -0.054040965589702235, -0.9977557501483105, -0.03953526380479491]
 - [-0.008158152786515643, 6.731676584640428e-05, 0.9999667194519853, -0.007695654766535597, -0.99997038800015, 4.532595931988533e-06, 0.9999371087427581, -0.007695361673317504, 0.008158429253886502]
 - [-0.0021649369727179623, 0.02863942131634353, 0.9995874632039802, 0.8731351131537703, 0.48732879329456175, -0.012071512085022022, -0.48747347335609603, 0.8727487787288685, -0.026061120494177532]
 - [-0.008640213550607316, 7.120259588256005e-05, 0.9999626701232354, -0.007674391342145025, -0.9999705514131871, 4.8923016286888564e-06, 0.9999332229840788, -0.007674062587531156, 0.008640505545113867]
 - [-0.00646494892169829, -0.03678029955481189, 0.9993024637216191, -0.9960666806814208, 0.08854955836833964, -0.0031848624881041184, -0.08837065164258975, -0.9953924780092676, -0.037208099263920075]
 - [0.0016621319503085411, 0.02419260602862437, 0.999705934328152, 0.7461866743222011, 0.6655107589270334, -0.017345801115476688, -0.6657346951912252, 0.7459960774467304, -0.016946033539999735]
 - [-0.006068342717541553, -0.03424906236334976, 0.9993949054022108, -0.9919925834953399, 0.1262847539748283, -0.0016956425796497592, -0.12615026558395862, -0.9914026238823197, -0.034741155023231995]
 - [0.0051309877780109535, 0.022046833238196024, 0.9997437722279588, 0.5743090708506093, 0.8183693040126374, -0.020994603796716176, -0.8186224795979715, 0.5742696399724074, -0.008462653415438517]
 - [-0.005538660836419369, -0.03172144701580416, 0.9994814020457622, -0.9853892431388713, 0.17031745793016662, -5.504914037553347e-05, -0.17022738540652335, -0.9848785271917698, -0.0322013033001694]
 - [0.006433001878363746, 0.022743406828652234, 0.9997206379447505, 0.3795727812099341, 0.9248638044982044, -0.023482906414296133, -0.9251395139390536, 0.37961780855873106, -0.002683127592572951]
 - [-0.004827526683248162, -0.029253098083104844, 0.9995603789860132, -0.9743829150548399, 0.22488756499071685, 0.0018756230375173474, -0.22484356747604606, -0.9739455012294511, -0.02958936970532422]
 - [0.004507437292736029, 0.01970806031889556, 0.9997956167975128, 0.1819205187987465, 0.9831057501110728, -0.020199231137337074, -0.9833029074751312, 0.1819743840682293, 0.0008459869630234095]
 - [-0.011699311227092843, 0.0001412998867072413, 0.9999315507329256, 0.009342520331444986, 0.9999563571927456, -3.199485700490306e-05, -0.9998879154338591, 0.009341506524985908, -0.011700120733372342]
 - [0.004019238549638315, -0.004077807727754455, 0.9999836084684671, -0.2860467917338866, 0.9582023055151128, 0.005057137952755085, -0.9582072211480313, -0.2860624288326907, 0.0026847998268468357]
 - [-0.003221114203799227, 3.960047212376329e-05, 0.9999948114140838, 0.009775071829551181, 0.9999522228111315, -8.11199950121489e-06, -0.99994703479435, 0.009774994981074344, -0.0032213474054770402]
 - [0.0041393464860211135, 0.019771213395849318, 0.9997959616499377, 0.15639005595755673, 0.9874892943355673, -0.020175330734196688, -0.9876866994185255, 0.1564416590729519, 0.0009955391711657302]
 - [-0.010010019704850538, 0.00012135456763692129, 0.9999498911338391, 0.009433820826857271, 0.9999555001599016, -2.6917783828702004e-05, -0.9999053967901742, 0.009433078661245535, -0.010010719097821903]
 - [0.004090067717435579, -0.004959758531899833, 0.9999793358571825, 0.004524846787215631, 0.9999775546907247, 0.004941242385353268, -0.9999813983807996, 0.004504543269171037, 0.004112418062059136]
 - [0.00449256010312634, 0.019710885057900966, 0.9997956280730346, 0.18054282352831066, 0.9833597128794715, -0.020198117685259243, -0.983556864536131, 0.18059666690123746, 0.000859143770508659]
 - [-0.008317413444428951, 0.0001012046753051725, 0.999965404597183, 0.009522753826371605, 0.9999546573098856, -2.1996166675667176e-05, -0.9999200657018325, 0.009522241431654616, -0.008318000057737597]
 - [-0.010435486704538614, -0.020541733711069123, 0.9997345336605027, -0.9511493804785364, 0.30871022374850393, -0.0035852152578583815, -0.3085546250383162, -0.950934295800342, -0.022759798728721112]
 - [-0.004922817875501608, 6.032016842643956e-05, 0.9999878810393863, 0.009693405446935453, 0.9999530177623926, -1.2598617523501793e-05, -0.999940900131106, 0.009693225952237077, -0.00492317129835167]
 - [0.0041299444748667, 0.019772730326601887, 0.9997959705330213, 0.15503687848897724, 0.9877026761624957, -0.020173988446449725, -0.9879000505451088, 0.15508856384941752, 0.0010136548211876612]
 - [-0.006621632218293656, 8.085741628975622e-05, 0.9999780734840359, 0.009609290989375973, 0.9999538295491374, -1.7224869937666483e-05, -0.9999319054382889, 0.009608966234349956, -0.00662210347699047]
 - [-0.0073889943954887245, -0.014349154446063172, 0.999869743780912, -0.8727649643962552, 0.4881403570805113, 0.0005556183173431104, -0.4880847464162624, -0.8726471758712075, -0.016130305631914456]
 - [0.004477229500741381, 0.019713759271978958, 0.9997956401742126, 0.17918482499430968, 0.9836080926863153, -0.020196992195544602, -0.9838052413500122, 0.1792386333839743, 0.0008714326646136339]
 - [-0.005322894569052544, -0.010840274272297556, 0.9999270749645234, -0.740480509699282, 0.6720695137674989, 0.0033441620488578287, -0.6720567547081857, -0.7404087095098348, -0.011604366983289717]
 - [0.00411987835562903, 0.019774334110746288, 0.9997959803443958, 0.15372742260669114, 0.9879073555577101, -0.020172664020291976, -0.9881047040375014, 0.15377916811274664, 0.0010302007149203198]
 - [-0.0013869542494221766, -0.007020118151693392, 0.9999743968217616, -0.5426394357113018, 0.8399499874508483, 0.005144063786536489, -0.8399645939971697, -0.5426184078359823, -0.004974365156858628]
 - [-0.00032569224743516306, 0.03170655577164479, 0.9994971677026697, 0.7889981921364593, -0.6140784115118305, 0.019737206502070424, 0.614395431892164, 0.7886078866180618, -0.024816414604754877]
 - [0.004013076840837099, 0.03763098778396301, 0.9992836454043829, 0.7825969477766898, -0.6221980560219406, 0.020287839045269984, 0.6225157930084008, 0.781954914199611, -0.031946824790586865]
 - [0.012388163408042701, 0.04828548145948548, 0.9987567500085303, 0.7539790927627774, -0.6565168093185858, 0.022387647459312904, 0.6567815931373189, 0.752764366427084, -0.04453928101840226]
 - [-0.005550983768503331, 0.02386762648962208, 0.9996997164073587, 0.8319383352820388, -0.5545805875261526, 0.017859961570440404, 0.5548403309668034, 0.8317876582066479, -0.016777925609224965]
materials:
- name: Gelcoat
  density: 1235.0
  elastic:
    E:
    - 3440000000.0
    - 3440000000.0
    - 3440000000.0
    G:
    - 1323000000.0
    - 1323000000.0
    - 1323000000.0
    nu:
    - 0.3
    - 0.3
    - 0.3
- name: Adhesive
  density: 1100.0
  elastic:
    E:
    - 3900000000.0
    - 3900000000.0
    - 3900000000.0
    G:
    - 1500000000.0
    - 1500000000.0
    - 1500000000.0
    nu:
    - 0.3
    - 0.3
    - 0.3
- name: glass_uni
  density: 1940.0
  elastic:
    E:
    - 43700000000.0
    - 16500000000.0
    - 15450000000.0
    G:
    - 3265000000.0
    - 3495000000.0
    - 3480000000.0
    nu:
    - 0.262
    - 0.264
    - 0.35
- name: carbon_uni_industry_baseline
  density: 1600.0
  elastic:
    E:
    - 157599000000.0
    - 9100000000.0
    - 9100000000.0
    G:
    - 4131000000.0
    - 4131000000.0
    - 2689000000.0
    nu:
    - 0.3133
    - 0.3133
    - 0.47066
- name: glass_biax
  density: 1940.0
  elastic:
    E:
    - 11023100000.0
    - 11023100000.0
    - 16047700000.0
    G:
    - 13231400000.0
    - 3487480000.0
    - 3487480000.0
    nu:
    - 0.688074
    - 0.117173
    - 0.117173
- name: glass_triax
  density: 1940.0
  elastic:
    E:
    - 28211400000.0
    - 16238800000.0
    - 15835500000.0
    G:
    - 8248220000.0
    - 3491240000.0
    - 3491240000.0
    nu:
    - 0.497511
    - 0.18091
    - 0.27481
- name: medium_density_foam
  density: 130.0
  elastic:
    E:
    - 142500000.0
    - 142500000.0
    - 142500000.0
    G:
    - 54000000.0
    - 54000000.0
    - 54000000.0
    nu:
    - 0.3194
    - 0.3194
    - 0.3194
- name: resin
  density: 1150.0
  elastic:
    E:
    - 1000000.0
    - 1000000.0
    - 1000000.0
    G:
    - 312500.0
    - 312500.0
    - 312500.0
    nu:
    - 0.3
    - 0.3
    - 0.3
- name: steel
  density: 7800
  elastic:
    E:
    - 200000000000.0
    - 200000000000.0
    - 200000000000.0
    G:
    - 79300000000.0
    - 79300000000.0
    - 79300000000.0
    nu:
    - 0.3
    - 0.3
    - 0.3
