nodes:
 - [-2.197154323 0.601989062 6.896551724]
 - [-2.215127470 0.514068005 6.896551724]
 - [-2.137977741 0.739084896 6.896551724]
 - [-2.201684148 0.395712627 6.896551724]
 - [-2.058745967 0.834370209 6.896551724]
 - [-2.132477829 0.228366832 6.896551724]
 - [-1.960157471 0.922459174 6.896551724]
 - [-2.029467124 0.060864021 6.896551724]
 - [-1.812271307 1.026890498 6.896551724]
 - [-1.823856271 -0.225145429 6.896551724]
 - [-1.611340193 1.147051935 6.896551724]
 - [-1.570825358 -0.536633813 6.896551724]
 - [-1.353563704 1.259358121 6.896551724]
 - [-1.274642691 -0.850882418 6.896551724]
 - [-1.053977794 1.358069900 6.896551724]
 - [-0.939576575 -1.145172531 6.896551724]
 - [-0.727618419 1.437448118 6.896551724]
 - [-0.569895318 -1.396785437 6.896551724]
 - [-0.389521532 1.491753617 6.896551724]
 - [-0.169867224 -1.583002423 6.896551724]
 - [-0.054723087 1.515247242 6.896551724]
 - [0.256239399 -1.681104774 6.896551724]
 - [0.261740961 1.502189838 6.896551724]
 - [0.393228172 -1.699623716 6.896551724]
 - [0.425352048 1.483767064 6.896551724]
 - [0.540243090 -1.706088787 6.896551724]
 - [0.564500502 1.463975140 6.896551724]
 - [0.691111802 -1.701817184 6.896551724]
 - [0.687773890 1.440688946 6.896551724]
 - [0.839661956 -1.688126106 6.896551724]
 - [0.803759784 1.411783365 6.896551724]
 - [0.979721200 -1.666332750 6.896551724]
 - [0.921045753 1.375133280 6.896551724]
 - [1.105117183 -1.637754315 6.896551724]
 - [1.048219366 1.328613572 6.896551724]
 - [1.209677553 -1.603707998 6.896551724]
 - [1.193868193 1.270099124 6.896551724]
 - [1.441355145 -1.499216960 6.896551724]
 - [1.527333928 1.087826843 6.896551724]
 - [1.635579835 -1.382189462 6.896551724]
 - [1.810699347 0.831097177 6.896551724]
 - [1.798096818 -1.245756451 6.896551724]
 - [2.030993932 0.520113212 6.896551724]
 - [1.934651293 -1.083048873 6.896551724]
 - [2.175247165 0.175078037 6.896551724]
 - [2.050988457 -0.887197672 6.896551724]
 - [2.230488530 -0.183805260 6.896551724]
 - [2.152853510 -0.651333796 6.896551724]
 - [2.183747509 -0.536333591 6.896551724]
 - [2.159251771 -0.632097555 6.896551724]
 - [2.176323032 -0.569930610 6.896551724]
 - [2.170023840 -0.594555695 6.896551724]
elements:
 - [1 2]
 - [3 1]
 - [2 4]
 - [5 3]
 - [4 6]
 - [7 5]
 - [6 8]
 - [9 7]
 - [8 10]
 - [11 9]
 - [10 12]
 - [13 11]
 - [12 14]
 - [15 13]
 - [14 16]
 - [17 15]
 - [16 18]
 - [19 17]
 - [18 20]
 - [21 19]
 - [20 22]
 - [23 21]
 - [22 24]
 - [25 23]
 - [24 26]
 - [27 25]
 - [26 28]
 - [29 27]
 - [28 30]
 - [31 29]
 - [30 32]
 - [33 31]
 - [32 34]
 - [35 33]
 - [34 36]
 - [37 35]
 - [36 38]
 - [39 37]
 - [38 40]
 - [41 39]
 - [40 42]
 - [43 41]
 - [42 44]
 - [45 43]
 - [44 46]
 - [47 45]
 - [46 48]
 - [49 47]
 - [48 50]
 - [51 49]
 - [50 52]
 - [52 51]
sets:
  element:
  - name: layup_0
    labels:
    - 1
    - 2
    - 3
    - 4
    - 5
    - 6
    - 7
    - 8
    - 49
    - 50
    - 51
    - 52
  - name: layup_1
    labels:
    - 9
    - 11
    - 13
    - 15
    - 17
    - 19
    - 21
  - name: layup_2
    labels:
    - 23
    - 24
    - 25
    - 26
    - 27
    - 28
    - 29
    - 30
    - 31
    - 32
    - 33
    - 34
    - 35
    - 36
  - name: layup_3
    labels:
    - 37
    - 39
    - 41
    - 43
    - 45
    - 47
  - name: layup_4
    labels:
    - 38
    - 40
    - 42
    - 44
    - 46
    - 48
  - name: layup_5
    labels:
    - 10
    - 12
    - 14
    - 16
    - 18
    - 20
    - 22
sections:
- type: shell
  elementSet: layup_0
  layup:
  - - glass_triax
    - 0.026000000000000002
    - 0
  - - glass_uni
    - 0.005
    - 0
  - - glass_triax
    - 0.026000000000000002
    - 0
- type: shell
  elementSet: layup_1
  layup:
  - - glass_triax
    - 0.026000000000000002
    - 0
  - - medium_density_foam
    - 0.018000000000000002
    - 0
  - - glass_triax
    - 0.026000000000000002
    - 0
- type: shell
  elementSet: layup_2
  layup:
  - - glass_triax
    - 0.026000000000000002
    - 0
  - - carbon_uni_industry_baseline
    - 0.015
    - 0
  - - glass_triax
    - 0.026000000000000002
    - 0
- type: shell
  elementSet: layup_3
  layup:
  - - glass_triax
    - 0.026000000000000002
    - 0
  - - medium_density_foam
    - 0.019
    - 0
  - - glass_triax
    - 0.026000000000000002
    - 0
- type: shell
  elementSet: layup_4
  layup:
  - - glass_triax
    - 0.026000000000000002
    - 0
  - - medium_density_foam
    - 0.017
    - 0
  - - glass_triax
    - 0.026000000000000002
    - 0
- type: shell
  elementSet: layup_5
  layup:
  - - glass_triax
    - 0.026000000000000002
    - 0
  - - medium_density_foam
    - 0.034
    - 0
  - - glass_triax
    - 0.026000000000000002
    - 0
elementOrientations:
 - [-0.010090944264094836, -0.015214280852876938, 0.9998333353624437, -0.20031273569422928, -0.9795857571017831, -0.01692785875474741, 0.9796800399939527, -0.20045016872394153, 0.006837331057555121]
 - [-0.010710413764821708, 0.1244699477185056, 0.9921655704326467, 0.9906449842391457, -0.1336722420564351, 0.027463555950187204, 0.13604338366421778, 0.9831779919315518, -0.1218738443745504]
 - [-0.0037593707195495525, 0.0013982278527347857, 0.9999919560129795, 0.11927847855875595, -0.9928591396545955, 0.0018366700968239984, 0.9928537211918484, 0.11928442380800608, 0.003565747087301953]
 - [0.06909375014360794, 0.1377150531261329, 0.9880590153596895, 0.7298703956523109, -0.6821653824839384, 0.0440408502515675, 0.6800847441616608, 0.7181120769650154, -0.14764750480641367]
 - [0.016080058207361737, 0.007265563360673362, 0.9998443095387902, 0.388807726950593, -0.9213188135340957, 0.00044191813671336753, 0.9211785837673175, 0.38874008722690095, -0.017639767324444628]
 - [0.06252600581526714, 0.12911520897159665, 0.9896563855242939, 0.714419446420375, -0.6982070046721058, 0.04595468641184726, 0.6969184695308298, 0.7041564041028294, -0.13589851135232742]
 - [0.039252430047185885, 0.02296002887063109, 0.9989655068167522, 0.5307826136494256, -0.8475068852267262, -0.0013771495114542173, 0.8465985257386616, 0.5302875791186815, -0.045453488860290304]
 - [0.05228030557361104, 0.11742242858151042, 0.9917049676769552, 0.7221297336256468, -0.6903775404578936, 0.043674929250798744, 0.6897792527054453, 0.7138563054966524, -0.12088737584953936]
 - [-0.008655527730443367, 0.14360232162570535, 0.989597622806065, 0.9859391893411671, -0.16393104066807854, 0.03241186243897552, 0.16688018684370476, 0.9759636197774938, -0.14016424690277443]
 - [0.01386770071060036, -0.1180500352310488, 0.992910809720062, -0.9493987651835115, -0.3131570214495612, -0.023972162707245823, 0.31376690638916144, -0.9423358579077776, -0.11641932552711334]
 - [-0.010546295575448936, 0.13423425808722259, 0.9908935056833343, 0.9970303727441817, -0.07418585984327636, 0.020661413913663912, 0.07628375629997032, 0.9881688226993842, -0.13305324637031615]
 - [0.017152915056061847, -0.13216774002232615, 0.9910789403485832, -0.9617986349362273, -0.2730433715605054, -0.01976621060502083, 0.2732199907398611, -0.9528793238098215, -0.13180224169507754]
 - [-0.011465399849792038, 0.12459974809386831, 0.9921408404965645, 0.9999300808592569, -0.0014434328824648234, 0.01173669009190645, 0.002894477342116365, 0.9922060367063176, -0.124574486651391]
 - [0.01899646640282021, -0.14258952076485104, 0.9895995972272099, -0.9728469328927842, -0.23098800629289817, -0.014607741438509538, 0.23066854884294224, -0.9624514374849685, -0.14310573383973477]
 - [-0.011671922780098268, 0.1155420960918941, 0.9932340057858002, 0.9980716039025089, 0.061907826532537305, 0.00452708487778647, -0.06096588966043909, 0.99137149699026, -0.11604186853546603]
 - [0.019822855847109876, -0.15049144702253753, 0.9884125549380315, -0.9826674655894851, -0.1851826525055722, -0.008487478008144183, 0.18431415154025185, -0.9711126142647224, -0.15155389786453458]
 - [-0.011334573240005572, 0.10708223984076158, 0.9941855568052437, 0.9925115443680479, 0.12213701230414192, -0.0018397069252071207, -0.12162385352232398, 0.986719790080296, -0.10766473015002073]
 - [0.019803232725787632, -0.15621330996299548, 0.9875248015943774, -0.9909746788009423, -0.1340425809374058, -0.0013313418077546722, 0.13257834645589142, -0.978585708196295, -0.15745791109048013]
 - [-0.010454434586575505, 0.09871633655048817, 0.9950606964881721, 0.9825189721451904, 0.18598494941740734, -0.008128220282639952, -0.18586870143258033, 0.9775810367883856, -0.09893504100929613]
 - [0.018945402020371885, -0.15903728485060423, 0.9870907829422956, -0.9970856786179144, -0.07597759878944825, 0.006895939184984983, 0.07390007603067716, -0.9843447295076749, -0.16001322524442382]
 - [-0.008733195724442592, 0.08941954946891867, 0.9959557597931822, 0.96452221168632, 0.26356343643795005, -0.0152058586323929, -0.2638572236194571, 0.9604886564378541, -0.08854889269797502]
 - [0.017241624253747343, -0.15680165668464274, 0.9874796032597555, -0.9998293576733869, -0.009254658395914248, 0.01598770879137579, 0.00663188717602262, -0.9875867515104314, -0.15693446502778843]
 - [0.015205022289584801, 0.040929763116217044, 0.9990463261473032, 0.39114119817728293, 0.9192966068832308, -0.04361549794990043, -0.9202050697456586, 0.3914313516623684, -0.0020313911879903095]
 - [0.005599518401672902, 0.021574514488565875, 0.9997515619984053, 0.2418431513535293, 0.9700593392934138, -0.02228830170781227, -0.9702991989778528, 0.24190787207986272, 0.0002142165482509811]
 - [-0.015226514213520469, 0.0741781728122828, 0.9971287539446131, 0.9261444024396568, 0.3769130249946131, -0.013896669352793031, -0.3768616444991399, 0.9232736161440124, -0.07443877106563872]
 - [0.005157376185102936, 0.02167658660399231, 0.9997517327137192, 0.21187959273388446, 0.9770418436757229, -0.02227720560721819, -0.9772821699252516, 0.21194188189204755, 0.0004461459949075721]
 - [-0.007234339982810907, 0.060308289607283884, 0.9981535826362881, 0.873553039516831, 0.48618316343681905, -0.02304384389534556, -0.4866752012132104, 0.871773389015294, -0.056199703992724614]
 - [0.005626905579841235, 0.021567738528126087, 0.9997515544315884, 0.2436350746668878, 0.9696108299118791, -0.02228876195880094, -0.9698506525881473, 0.24369996137131103, 0.00020125100240972935]
 - [0.0004613973325396833, 0.05006642874329739, 0.998745783383036, 0.7854792613671824, 0.6180935737690989, -0.03134747242457536, -0.6188878065324664, 0.7845085638654533, -0.039040954742380944]
 - [0.0051891400906293956, 0.021669774002733434, 0.9997517160374318, 0.21341507956977313, 0.9767075787189803, -0.02227800451417654, -0.9769478372141204, 0.21347769571450953, 0.0004436159104998696]
 - [0.008107501819594846, 0.04302585078381398, 0.9990410625087309, 0.6615672656281812, 0.7489413992269752, -0.037623577357709506, -0.7498419976658391, 0.6612378971960613, -0.02239245069737132]
 - [0.005655224894466246, 0.02156072113631279, 0.9997515460030431, 0.24534752383751746, 0.9691789219666163, -0.022289229740534162, -0.9694186974564665, 0.24541261687148375, 0.0001910552237519984]
 - [0.014072431617885876, 0.03976055211416261, 0.999110136653581, 0.5207997971128887, 0.8526807524997726, -0.04126870053194828, -0.85356284947011, 0.5209171074288105, -0.00870799589271182]
 - [0.005221934141806475, 0.021662690142067252, 0.9997516988030711, 0.21494972636759138, 0.9763709694043976, -0.02227880694323832, -0.9766111542155947, 0.21501269255587047, 0.0004421555817782328]
 - [0.015128149047620883, 0.04099732490702819, 0.9990447229513103, 0.39035994861306833, 0.9196270130748234, -0.04364936817275378, -0.9205380218248431, 0.3906473808609825, -0.002091459121966462]
 - [0.005684515103809035, 0.021553457305704283, 0.9997515365160513, 0.24697215954103008, 0.9687661848883466, -0.02228971575676547, -0.9690059023038375, 0.24703750220371118, 0.00018386211369208328]
 - [0.004220411064665398, -0.04640019238494258, 0.9989140154573297, -0.22372072116180702, 0.9735592357335651, 0.04616766661547686, -0.9746441540651058, -0.2236726104477641, -0.006271864331808821]
 - [-0.004622123557229679, -0.12865064295098758, 0.9916792062164654, -0.9970304040801652, 0.07682497527402124, 0.005319446765299949, -0.0768700807438404, -0.9887097325516945, -0.12862369705459378]
 - [0.006136086090233643, -0.044768996957619364, 0.9989785209697464, -0.47928016652902183, 0.8766453675456406, 0.04223057580334412, -0.8776405132053821, -0.4790497223380655, -0.016077720871320502]
 - [-0.004149753153273729, -0.1257878988208602, 0.9920484786838795, -0.9931504829783244, 0.1163604941360283, 0.010599696426795467, -0.11676856472821699, -0.985209439619136, -0.12540917979422336]
 - [0.0003670288946444165, -0.04836170435528627, 0.9988298207610956, -0.6929258034357052, 0.7201528924847937, 0.035123245561418354, -0.7210088045390103, -0.6921278472924185, -0.03324675592580312]
 - [-0.0034600175839472488, -0.12244009079088541, 0.9924698748301829, -0.9871398617496696, 0.15903815510322847, 0.01617895442250333, -0.15982153053691728, -0.9796505955637864, -0.12141576910910727]
 - [-0.009945619280102111, -0.05865471575873415, 0.9982287858884843, -0.8330410430051904, 0.5526827140532004, 0.024175157819805983, -0.5531217816412217, -0.8313251120386357, -0.05435855744949556]
 - [-0.0024139487454069492, -0.11814785359392078, 0.9929930803095277, -0.9787651645261566, 0.2038146701508976, 0.021870823975486113, -0.20497054803444428, -0.9718542405743931, -0.11613100152857245]
 - [-0.019625245960598742, -0.07177922699442389, 0.9972274526370948, -0.9117335787356173, 0.4106178501372036, 0.011613033826046983, -0.41031296729073746, -0.9089778455610369, -0.07350200781125721]
 - [-0.000997602734501897, -0.11318643946281937, 0.9935732658996586, -0.9680196065422212, 0.24936983043251928, 0.02743590749181742, -0.25087256952211234, -0.9617710317907198, -0.10981546461945509]
 - [-0.0005409783986521032, -0.048147347399138195, 0.9988400974534406, 0.010042460199206606, 0.9987896137329637, 0.04815035298213085, -0.9999494268889398, 0.010056860224898568, -5.680578587439193e-05]
 - [0.0005758090732788609, -0.10859113541827736, 0.9940863311365268, -0.9551802553312974, 0.29421401890765025, 0.032692367663517796, -0.296024235948932, -0.9495504601582677, -0.10355469735397275]
 - [0.03242916267556729, 0.09420782702606605, 0.9950242382651733, 0.5916752894814249, -0.8041690935408645, 0.05685438251125628, 0.8055238675701879, 0.5868875141973043, -0.0818189736801638]
 - [0.07194112525254076, 0.13819812349900867, 0.9877883139411757, 0.6842994755473063, -0.7273501269357239, 0.051923218431333275, 0.7256436468839782, 0.6722076104210211, -0.14689529001632784]
 - [0.05606032623567118, 0.11895608970983718, 0.9913156351754446, 0.6375604282386672, -0.7683517051202221, 0.05614585989166115, 0.7683579505454972, 0.6288760656598343, -0.11891574274977502]
 - [0.05785720803070247, 0.12206885710421086, 0.9908338597384346, 0.6728840701021341, -0.7379445738170775, 0.05162203189257399, 0.7374819127827326, 0.6637296136976288, -0.12483360212346001]
materials:
- name: Gelcoat
  density: 1235.0
  elastic:
    E:
    - 3440000000.0
    - 3440000000.0
    - 3440000000.0
    G:
    - 1323000000.0
    - 1323000000.0
    - 1323000000.0
    nu:
    - 0.3
    - 0.3
    - 0.3
- name: Adhesive
  density: 1100.0
  elastic:
    E:
    - 3900000000.0
    - 3900000000.0
    - 3900000000.0
    G:
    - 1500000000.0
    - 1500000000.0
    - 1500000000.0
    nu:
    - 0.3
    - 0.3
    - 0.3
- name: glass_uni
  density: 1940.0
  elastic:
    E:
    - 43700000000.0
    - 16500000000.0
    - 15450000000.0
    G:
    - 3265000000.0
    - 3495000000.0
    - 3480000000.0
    nu:
    - 0.262
    - 0.264
    - 0.35
- name: carbon_uni_industry_baseline
  density: 1600.0
  elastic:
    E:
    - 157599000000.0
    - 9100000000.0
    - 9100000000.0
    G:
    - 4131000000.0
    - 4131000000.0
    - 2689000000.0
    nu:
    - 0.3133
    - 0.3133
    - 0.47066
- name: glass_biax
  density: 1940.0
  elastic:
    E:
    - 11023100000.0
    - 11023100000.0
    - 16047700000.0
    G:
    - 13231400000.0
    - 3487480000.0
    - 3487480000.0
    nu:
    - 0.688074
    - 0.117173
    - 0.117173
- name: glass_triax
  density: 1940.0
  elastic:
    E:
    - 28211400000.0
    - 16238800000.0
    - 15835500000.0
    G:
    - 8248220000.0
    - 3491240000.0
    - 3491240000.0
    nu:
    - 0.497511
    - 0.18091
    - 0.27481
- name: medium_density_foam
  density: 130.0
  elastic:
    E:
    - 142500000.0
    - 142500000.0
    - 142500000.0
    G:
    - 54000000.0
    - 54000000.0
    - 54000000.0
    nu:
    - 0.3194
    - 0.3194
    - 0.3194
- name: resin
  density: 1150.0
  elastic:
    E:
    - 1000000.0
    - 1000000.0
    - 1000000.0
    G:
    - 312500.0
    - 312500.0
    - 312500.0
    nu:
    - 0.3
    - 0.3
    - 0.3
- name: steel
  density: 7800
  elastic:
    E:
    - 200000000000.0
    - 200000000000.0
    - 200000000000.0
    G:
    - 79300000000.0
    - 79300000000.0
    - 79300000000.0
    nu:
    - 0.3
    - 0.3
    - 0.3
