nodes:
 - [-0.906890894 -0.047588878 86.206896552]
 - [-0.906759887 -0.050085443 86.206896552]
 - [-0.907021900 -0.045092313 86.206896552]
 - [-0.884812583 -0.046268596 86.206896552]
 - [-0.885158782 -0.039671163 86.206896552]
 - [-0.813013491 -0.037169722 86.206896552]
 - [-0.820973849 -0.023518874 86.206896552]
 - [-0.708158704 -0.032427077 86.206896552]
 - [-0.713747793 0.004351780 86.206896552]
 - [-0.641300698 -0.033549171 86.206896552]
 - [-0.644755465 0.022426921 86.206896552]
 - [-0.567952904 -0.039975972 86.206896552]
 - [-0.572185367 0.042787798 86.206896552]
 - [-0.489131817 -0.050297361 86.206896552]
 - [-0.495550724 0.064518670 86.206896552]
 - [-0.405853932 -0.063103217 86.206896552]
 - [-0.414364763 0.086703794 86.206896552]
 - [-0.319135740 -0.076983423 86.206896552]
 - [-0.328140708 0.108427427 86.206896552]
 - [-0.229993738 -0.090527859 86.206896552]
 - [-0.236391787 0.128773829 86.206896552]
 - [-0.139444418 -0.102326405 86.206896552]
 - [-0.138631225 0.146827256 86.206896552]
 - [-0.075653598 -0.107719690 86.206896552]
 - [-0.139300179 -0.060796995 86.201508621]
 - [-0.063126371 0.157451577 86.206896552]
 - [-0.007798627 -0.108813390 86.206896552]
 - [-0.139159437 -0.019273257 86.198275862]
 - [0.006440789 0.163660370 86.206896552]
 - [-0.138758085 0.105295064 86.201508621]
 - [0.061405696 -0.106192766 86.206896552]
 - [-0.139022180 0.022247922 86.197198276]
 - [0.071151958 0.165672360 86.206896552]
 - [-0.138888399 0.063769658 86.198275862]
 - [0.129244575 -0.100443079 86.206896552]
 - [0.132088838 0.163706272 86.206896552]
 - [0.193003209 -0.092149590 86.206896552]
 - [0.190333131 0.157980833 86.206896552]
 - [0.249966803 -0.081897561 86.206896552]
 - [0.246966540 0.148714768 86.206896552]
 - [0.297420558 -0.070272253 86.206896552]
 - [0.303070766 0.136126803 86.206896552]
 - [0.336604969 -0.059619198 86.206896552]
 - [0.298343611 -0.035870168 86.201508621]
 - [0.343654633 0.124220586 86.206896552]
 - [0.302110181 0.101720602 86.201508621]
 - [0.374641209 -0.046859473 86.206896552]
 - [0.299274030 -0.001472420 86.198275862]
 - [0.381731547 0.109333429 86.206896552]
 - [0.301157244 0.067320385 86.198275862]
 - [0.409381469 -0.032980724 86.206896552]
 - [0.300211884 0.032923571 86.197198276]
 - [0.415563879 0.092759207 86.206896552]
 - [0.438677938 -0.018970597 86.206896552]
 - [0.443413998 0.075791795 86.206896552]
 - [0.460382806 -0.005816737 86.206896552]
 - [0.463544275 0.059725067 86.206896552]
 - [0.472348264 0.005493211 86.206896552]
 - [0.474217079 0.045852899 86.206896552]
 - [0.478652966 0.016456532 86.206896552]
 - [0.478707741 0.033842763 86.206896552]
 - [0.480569641 0.025217774 86.206896552]
elements:
 - [1 2]
 - [3 1]
 - [2 4]
 - [5 3]
 - [4 6]
 - [7 5]
 - [6 8]
 - [9 7]
 - [8 10]
 - [11 9]
 - [10 12]
 - [13 11]
 - [12 14]
 - [15 13]
 - [14 16]
 - [17 15]
 - [16 18]
 - [19 17]
 - [18 20]
 - [21 19]
 - [20 22]
 - [23 21]
 - [22 24]
 - [25 22]
 - [26 23]
 - [23 30]
 - [24 27]
 - [28 25]
 - [29 26]
 - [27 31]
 - [32 28]
 - [33 29]
 - [30 34]
 - [31 35]
 - [34 32]
 - [36 33]
 - [35 37]
 - [38 36]
 - [37 39]
 - [40 38]
 - [39 41]
 - [42 40]
 - [41 43]
 - [41 44]
 - [45 42]
 - [46 42]
 - [43 47]
 - [44 48]
 - [49 45]
 - [50 46]
 - [47 51]
 - [48 52]
 - [53 49]
 - [52 50]
 - [51 54]
 - [55 53]
 - [54 56]
 - [57 55]
 - [56 58]
 - [59 57]
 - [58 60]
 - [61 59]
 - [60 62]
 - [62 61]
sets:
  element:
  - name: layup_0
    labels:
    - 1
    - 2
    - 3
    - 4
    - 5
    - 6
    - 7
    - 8
    - 61
    - 62
    - 63
    - 64
  - name: layup_1
    labels:
    - 9
    - 11
    - 13
    - 15
    - 17
    - 19
    - 21
  - name: layup_2
    labels:
    - 23
    - 25
    - 27
    - 29
    - 30
    - 32
    - 34
    - 36
    - 37
    - 38
    - 39
    - 40
    - 41
    - 42
  - name: layup_3
    labels:
    - 10
    - 12
    - 14
    - 16
    - 18
    - 20
    - 22
    - 43
    - 47
    - 51
    - 55
    - 57
    - 59
  - name: layup_4
    labels:
    - 45
    - 49
    - 53
    - 56
    - 58
    - 60
  - name: layup_5
    labels:
    - 24
    - 26
    - 28
    - 31
    - 33
    - 35
    - 44
    - 46
    - 48
    - 50
    - 52
    - 54
sections:
- type: shell
  elementSet: layup_0
  layup:
  - - glass_triax
    - 0.001
    - 0
  - - glass_uni
    - 0.005
    - 0
  - - glass_triax
    - 0.001
    - 0
- type: shell
  elementSet: layup_1
  layup:
  - - glass_triax
    - 0.001
    - 0
  - - medium_density_foam
    - 0.018000000000000002
    - 0
  - - glass_triax
    - 0.001
    - 0
- type: shell
  elementSet: layup_2
  layup:
  - - glass_triax
    - 0.001
    - 0
  - - carbon_uni_industry_baseline
    - 0.01
    - 0
  - - glass_triax
    - 0.001
    - 0
- type: shell
  elementSet: layup_3
  layup:
  - - glass_triax
    - 0.001
    - 0
  - - medium_density_foam
    - 0.02
    - 0
  - - glass_triax
    - 0.001
    - 0
- type: shell
  elementSet: layup_4
  layup:
  - - glass_triax
    - 0.001
    - 0
  - - medium_density_foam
    - 0.013000000000000001
    - 0
  - - glass_triax
    - 0.001
    - 0
- type: shell
  elementSet: layup_5
  layup:
  - - glass_biax
    - 0.001
    - 0
  - - medium_density_foam
    - 0.02
    - 0
  - - glass_biax
    - 0.001
    - 0
elementOrientations:
 - [0.040071695461194476, 0.0015191678113247052, 0.999195652188312, 0.05244456811972207, -0.9986236654136682, -0.0005849363264180411, 0.9978195360372542, 0.05242582383645646, -0.04009621550056458]
 - [-0.004671103579917326, 0.0069553320222637185, 0.9999649014579493, 0.9964678137379889, -0.08381206583563502, 0.0052377289540325245, 0.0838455542982358, 0.9964573051449935, -0.0065392696532818526]
 - [0.03607351758033228, -0.0004567078208561001, 0.9993490344956297, 0.9845190737799979, 0.17165313635164992, -0.035459753862887126, -0.17152520133425322, 0.98515734387894, 0.006641769992677746]
 - [0.018727470276338837, 0.002306847177418804, 0.9998219643082207, 0.9921918545101193, -0.12337113677355356, -0.01829990314103794, 0.12330695722796459, 0.9923579198390575, -0.004599264275919454]
 - [0.03599667820938375, -9.673827566875653e-05, 0.9993519048861599, 0.9913815648152029, 0.12604875908880614, -0.03569738473238568, -0.12596361420049015, 0.992024042538223, 0.004633241162721906]
 - [0.018712511033372, 0.0019662766749927465, 0.999822972174006, 0.9962867412356554, -0.08409032999395319, -0.018480953426322236, 0.08403910499799346, 0.9964561958046854, -0.003532516608707946]
 - [0.03592736013682365, 0.00016820288043873293, 0.9993543898444585, 0.9983279519847594, 0.04530593566357142, -0.03589808462249041, -0.04528272385263643, 0.9989731447348517, 0.001459801029774555]
 - [0.018713945602549385, 0.001256244854946606, 0.9998240895721849, 0.9997482105402513, -0.0124072601174283, -0.018696936057630578, 0.01238158962126737, 0.9999222378491455, -0.0014881173366475004]
 - [-0.004675169710029065, 0.00696080005980782, 0.9999648444073974, 0.9968137493499217, -0.07959370687058467, 0.005214492645625428, 0.07962720574737173, 0.9968030844099184, -0.006566507118621904]
 - [-0.0045931689739928585, -0.007748063723211614, 0.9999594343308715, -0.9896821675362311, -0.14316851960193372, -0.005655285649521555, 0.1432065293887234, -0.989667996099465, -0.007010523297508823]
 - [-0.004730944751445375, 0.006706679530446116, 0.9999663187385033, 0.9998880540933427, -0.0141630930192226, 0.004825564998702248, 0.01419497950638268, 0.9998772060837294, -0.006638923934541899]
 - [-0.004649130238612013, -0.007477570266918276, 0.9999612350141015, -0.9969594873766475, -0.07774682047338158, -0.0052165540321965935, 0.07778281376830923, -0.9969450926952711, -0.00709337952611097]
 - [-0.004764550271562353, 0.006511108246801189, 0.9999674517353591, 0.9992336609185445, 0.03888148489405673, 0.0045078841773492735, -0.038850868047354006, 0.9992226156376927, -0.0066913713194988005]
 - [-0.004686537337193551, -0.007654701083232104, 0.9999597201483233, -0.9998310203881409, -0.017739267310096438, -0.004821728415133074, 0.017775461664762706, -0.9998133445531856, -0.0075702718562309385]
 - [-0.004797454053256584, 0.006489249913086666, 0.9999674365048958, 0.996350569324157, 0.08525066903244888, 0.004226870822346552, -0.08522046375158869, 0.9963384028858293, -0.00687455401308319]
 - [-0.004734225867284476, -0.007882799180475027, 0.999957723397603, -0.9992020534858571, 0.03969559215751673, -0.004417722593230326, -0.03965908994271272, -0.9991807251145032, -0.008064437027556564]
 - [-0.0048474456990314505, 0.006656709990415318, 0.9999660946663634, 0.9915649546506222, 0.12955069714433867, 0.003944309587918019, -0.12952004855969, 0.9915504551365599, -0.007228550309447358]
 - [-0.0047902058727425385, -0.008021406226023708, 0.9999563545324631, -0.9952059062233508, 0.09772070142514154, -0.00398355759798995, -0.0976844826257216, -0.9951815520572792, -0.008451053130210788]
 - [-0.004926888343626752, 0.006972689415005054, 0.9999635530225945, 0.9842442631563542, 0.1767771176809869, 0.003616781470909773, -0.17674545599549443, 0.9842262099064036, -0.007733790676012148]
 - [-0.004860208316943837, -0.008169142328718834, 0.9999548207237807, -0.9870393764311888, 0.16044036960106142, -0.0034867142991670207, -0.16040463755591702, -0.987011728864398, -0.00884303876882489]
 - [-0.005045378999762876, 0.007354239690518199, 0.9999602288637899, 0.9720752435583374, 0.23464785336266256, 0.003178957894311453, -0.23461514233260422, 0.9720526220688205, -0.008332761690042285]
 - [-0.005007144796595818, -0.00872972218950188, 0.9999493589434819, -0.9722014587196753, 0.23412891206885014, -0.0028242161376687597, -0.23409240091109654, -0.9721663666697951, -0.009659366010649428]
 - [-0.021102419992046862, 0.0032504911811826374, 0.9997720351047835, 0.7256663347916011, 0.6879224364779322, 0.013080211786861865, -0.687723097198722, 0.7257769324643395, -0.016875600198230728]
 - [0.006432025484732148, -2.376355315089081e-05, 0.9999793140277738, -0.004308597046221766, -0.9999907179448679, 3.949755132955456e-06, 0.9999700320707902, -0.004308533323628608, -0.006432068169891902]
 - [-0.02432167760240382, -0.001066356822170194, 0.9997036155189858, -0.21547348088996632, 0.9765006573455275, -0.004200623395844511, -0.9762067583415748, -0.21551178410212332, -0.0239799057828371]
 - [0.0064253129558858625, -1.7018835965732237e-05, 0.999979357318829, -0.00221695024452322, -0.9999975425589389, -2.774252282214265e-06, 0.9999768999757106, -0.002216886655287018, -0.00642533489597053]
 - [-0.02064789516248861, 0.003217336659166795, 0.9997816327429608, 0.9651814427963518, 0.2608835178223795, 0.019093784595344814, -0.260765118271045, 0.9653649252347228, -0.008492009164273921]
 - [0.006434023186933772, -2.2425293883207516e-05, 0.9999793012071484, -0.0038903214792046763, -0.9999924326673681, 2.6053483458253157e-06, 0.9999717339727252, -0.0038902577171179183, -0.006434061740142625]
 - [-0.02430492401220629, -0.0010806029308891914, 0.9997040076773058, -0.35082770295407834, 0.936409854106644, -0.007517178455925872, -0.9361245608938616, -0.35090656509857293, -0.023138475792392463]
 - [-0.02057228000532605, 0.0028977003574287394, 0.999784169022505, 0.9490846353408174, 0.3144705701600422, 0.01861761164074953, -0.31434874940958535, 0.9492628001959502, -0.00921953950982413]
 - [0.006434351230704177, -2.107950424569613e-05, 0.9999792991256838, -0.003471664030257914, -0.9999939737554805, 1.25855456343297e-06, 0.9999732729793837, -0.003471600261759261, -0.006434385636687003]
 - [-0.02433278841625129, -0.001069162390873236, 0.9997033421468952, -0.2141317295923046, 0.976795902915118, -0.004167304890141516, -0.9765016732139777, -0.21416960788127987, -0.02399710962346744]
 - [0.006429993724923246, -1.8374080559040667e-05, 0.9999793272078633, -0.002634623615861717, -0.9999965293721516, -1.4334331049830278e-06, 0.9999758566781002, -0.0026345599338694773, -0.0064300198175945185]
 - [-0.02048944170091417, 0.0026094025111901517, 0.9997866641425657, 0.9302544718336897, 0.3664678950856825, 0.018107995606713105, -0.36634246329385356, 0.930427037918613, -0.009936130926463517]
 - [0.006433007752274704, -1.9728368385455433e-05, 0.9999793077969418, -0.003052979678304172, -0.9999953396466787, -8.843633616358786e-08, 0.9999746475417979, -0.0030529159365171, -0.006433038002493425]
 - [-0.024304937525812795, -0.0010805671583881018, 0.9997040073874278, -0.3505489108761196, 0.93651431173815, -0.007510325770907322, -0.9362289950089309, -0.3506276889868155, -0.023140713479326763]
 - [-0.020453195570060048, 0.0024587993724249405, 0.9997877880313496, 0.9040778830505933, 0.42701153576383793, 0.01744504810444677, -0.426878024931866, 0.9042428338838273, -0.010956696583117534]
 - [-0.024343058022421715, -0.0010717299843676412, 0.9997030893825215, -0.2128194097247129, 0.9770828024377437, -0.004134733949053655, -0.9767882648611937, -0.21285687345078919, -0.024013268295109805]
 - [-0.02055234505678789, 0.0025764318177855117, 0.9997854585418589, 0.8568479746810969, 0.5153118593859134, 0.016286063402041338, -0.5151593436962678, 0.8569988620618589, -0.012798477530927709]
 - [-0.024303661957838934, -0.0010800769495465045, 0.9997040389281328, -0.3502258423304728, 0.9366352406711482, -0.007502352751679272, -0.9363499299830963, -0.35030452375994653, -0.02314193712650736]
 - [-0.02108572470225141, 0.0032266755739709654, 0.9997724645030595, 0.7264574903101876, 0.6870864600963744, 0.01310385914367204, -0.6868878416350116, 0.7265684998105642, -0.016831758583748732]
 - [-0.024352487836758654, -0.0010740633607158462, 0.9997028572151114, -0.21154315914277622, 0.9773600445061791, -0.004103074795013456, -0.9770652220584125, -0.21158022069838325, -0.02402835935241596]
 - [-0.020456269207032238, -0.004475678288423028, 0.9997807306374673, -0.7937837777005335, 0.6080497845741699, -0.013519383816389488, -0.6078559494728984, -0.7938862813924698, -0.015991150904083866]
 - [-0.016342215886068184, 0.0004490157162556288, 0.9998663562520842, 0.02431593200318343, 0.9997043226860444, -5.151362670190456e-05, -0.999570741583981, 0.02431184048408782, -0.016348302099195744]
 - [0.018886385791855434, -0.0032896937739748267, 0.9998162242865408, -0.9613236078118316, -0.2748803230371502, 0.01725482745889595, 0.27477304361120564, -0.9614728212081014, -0.008353956114863064]
 - [-0.016122517133085455, 0.0004928993721063009, 0.9998699022830433, 0.030500555749693847, 0.999534749820187, -9.244382090335332e-07, -0.9994047130868716, 0.030496572792754032, -0.016130049833868176]
 - [-0.020276355563292412, -0.004268504069324574, 0.9997853015913373, -0.8612395608225083, 0.5079688924320896, -0.01529781669287428, -0.5077945335264291, -0.861364838029929, -0.01397596244807907]
 - [-0.016307212841011165, 0.00045823322267777265, 0.9998669235611665, 0.025562930372491587, 0.9996732140509497, -4.122881865940267e-05, -0.9995401999920408, 0.025558856221630413, -0.01631359765695222]
 - [0.01888506468204536, -0.003284721521276442, 0.9998162655890744, -0.9612846203799831, -0.27501670332822953, 0.017253739055180236, 0.2749094995682517, -0.96143383729459, -0.00835126051163068]
 - [-0.01617532905755378, 0.0004845955131389583, 0.9998690533750247, 0.02927594052591078, 0.9995713677315844, -1.0841248013784464e-05, -0.9994404824881784, 0.029271931579551925, -0.016182582778989252]
 - [-0.02028696445539709, -0.004361493362962418, 0.99978468504415, -0.9049077701905208, 0.42528750628021983, -0.016506497228997823, -0.42512394254147157, -0.9050477967365017, -0.012574541757010362]
 - [-0.01626771322662118, 0.00046724667198273074, 0.9998675628236584, 0.02680601510464705, 0.9996406537314142, -3.10103090816002e-05, -0.9995082786353425, 0.02680196052488242, -0.01627439250592154]
 - [0.018899374956448747, -0.003341384792140374, 0.9998158074235106, -0.9642629975960234, -0.2643786395450476, 0.017343771776663495, 0.26427199074700813, -0.9644131739560493, -0.008218564755028707]
 - [-0.016223741199705696, 0.00047603945885407826, 0.9998682731279749, 0.02804405814510322, 0.9996066878362561, -2.0875435064613627e-05, -0.9994750227115429, 0.02804002531138895, -0.016230710283213882]
 - [-0.020389711134010526, -0.00466674488675527, 0.9997812166529403, -0.9357389336570833, 0.3522620009038101, -0.017439345100890638, -0.3521035468696323, -0.9358897927701775, -0.011549375325899268]
 - [0.018912399719666597, -0.003399730534829454, 0.9998153644394218, -0.9696109851150561, -0.2440243684238865, 0.017511286632726386, 0.2439197791919584, -0.9697631408996805, -0.007911502469973459]
 - [-0.02045962193150976, -0.004944526574314965, 0.9997784532222004, -0.958603447032116, 0.2841615156422319, -0.018211654676440474, -0.2840085125635567, -0.9587636750966659, -0.01055367739560509]
 - [0.018930669691888197, -0.003491908045188474, 0.9998147009937496, -0.9767321500141266, -0.213727268307126, 0.017747166273961744, 0.2136256933840087, -0.9768871282600554, -0.007456659173100331]
 - [-0.02081298841247558, -0.0048083966217096425, 0.9997718233853516, -0.6775338177266734, 0.7354156978294004, -0.010567744452564122, -0.7351970792583857, -0.6775991666966719, -0.018564049717526926]
 - [0.019003766763771475, -0.003868302943153523, 0.9998119288551862, -0.9848873072852434, -0.17225289000428012, 0.01805363768318457, 0.1721506572662751, -0.9850451655216188, -0.00708329621547298]
 - [0.018643909624582164, 0.00026943352721953595, 0.9998261509079887, 0.9996859777779432, -0.016751603117090546, -0.01863678156669299, 0.01674366949230538, 0.9998596457496332, -0.0005816642936865271]
 - [0.018679353056257574, 0.0016452502072907852, 0.9998241720028349, 0.9961930158622503, -0.08519557180527586, -0.01847132079863715, 0.08515020209414516, 0.9963628895620951, -0.0032303849304294967]
 - [0.018613359586462788, 0.0010145313933759064, 0.9998262416895033, 0.9960209995236563, -0.08718725004289538, -0.01845404936197022, 0.08715337832121849, 0.9961914244541605, -0.0026333422088816553]
 - [0.018690851463410464, 0.0009470266899798933, 0.9998248622693978, 0.9997108005082967, -0.015152008206027818, -0.018674367308800743, 0.015131669393436584, 0.9998847532529803, -0.0012299567450937633]
materials:
- name: Gelcoat
  density: 1235.0
  elastic:
    E:
    - 3440000000.0
    - 3440000000.0
    - 3440000000.0
    G:
    - 1323000000.0
    - 1323000000.0
    - 1323000000.0
    nu:
    - 0.3
    - 0.3
    - 0.3
- name: Adhesive
  density: 1100.0
  elastic:
    E:
    - 3900000000.0
    - 3900000000.0
    - 3900000000.0
    G:
    - 1500000000.0
    - 1500000000.0
    - 1500000000.0
    nu:
    - 0.3
    - 0.3
    - 0.3
- name: glass_uni
  density: 1940.0
  elastic:
    E:
    - 43700000000.0
    - 16500000000.0
    - 15450000000.0
    G:
    - 3265000000.0
    - 3495000000.0
    - 3480000000.0
    nu:
    - 0.262
    - 0.264
    - 0.35
- name: carbon_uni_industry_baseline
  density: 1600.0
  elastic:
    E:
    - 157599000000.0
    - 9100000000.0
    - 9100000000.0
    G:
    - 4131000000.0
    - 4131000000.0
    - 2689000000.0
    nu:
    - 0.3133
    - 0.3133
    - 0.47066
- name: glass_biax
  density: 1940.0
  elastic:
    E:
    - 11023100000.0
    - 11023100000.0
    - 16047700000.0
    G:
    - 13231400000.0
    - 3487480000.0
    - 3487480000.0
    nu:
    - 0.688074
    - 0.117173
    - 0.117173
- name: glass_triax
  density: 1940.0
  elastic:
    E:
    - 28211400000.0
    - 16238800000.0
    - 15835500000.0
    G:
    - 8248220000.0
    - 3491240000.0
    - 3491240000.0
    nu:
    - 0.497511
    - 0.18091
    - 0.27481
- name: medium_density_foam
  density: 130.0
  elastic:
    E:
    - 142500000.0
    - 142500000.0
    - 142500000.0
    G:
    - 54000000.0
    - 54000000.0
    - 54000000.0
    nu:
    - 0.3194
    - 0.3194
    - 0.3194
- name: resin
  density: 1150.0
  elastic:
    E:
    - 1000000.0
    - 1000000.0
    - 1000000.0
    G:
    - 312500.0
    - 312500.0
    - 312500.0
    nu:
    - 0.3
    - 0.3
    - 0.3
- name: steel
  density: 7800
  elastic:
    E:
    - 200000000000.0
    - 200000000000.0
    - 200000000000.0
    G:
    - 79300000000.0
    - 79300000000.0
    - 79300000000.0
    nu:
    - 0.3
    - 0.3
    - 0.3
