nodes:
 - [-2.114282116 0.769617525 0.000000000]
 - [-2.137875901 0.700360011 0.000000000]
 - [-2.060897493 0.903198313 0.000000000]
 - [-2.183978798 0.541628291 0.000000000]
 - [-1.999503101 1.032370096 0.000000000]
 - [-2.221933950 0.355800040 0.000000000]
 - [-1.930477725 1.156484359 0.000000000]
 - [-2.240662656 0.207653586 0.000000000]
 - [-1.850002646 1.281411459 0.000000000]
 - [-2.219667472 -0.390424304 0.000000000]
 - [-1.611872316 1.567169783 0.000000000]
 - [-2.045870301 -0.940414651 0.000000000]
 - [-1.344673296 1.804155496 0.000000000]
 - [-1.742101249 -1.421127273 0.000000000]
 - [-1.051583982 1.991530296 0.000000000]
 - [-1.331190425 -1.811371992 0.000000000]
 - [-0.735782772 2.128455886 0.000000000]
 - [-0.835967935 -2.089958627 0.000000000]
 - [-0.400448063 2.214093964 0.000000000]
 - [-0.279263886 -2.235696998 0.000000000]
 - [-0.048758251 2.247606231 0.000000000]
 - [0.316091615 -2.227396924 0.000000000]
 - [0.316108267 2.228154387 0.000000000]
 - [0.474905560 -2.196506972 0.000000000]
 - [0.477817360 2.196258056 0.000000000]
 - [0.610595035 -2.164615907 0.000000000]
 - [0.615397712 2.163644794 0.000000000]
 - [0.730939928 -2.128972994 0.000000000]
 - [0.736653262 2.127595614 0.000000000]
 - [0.843720129 -2.086827497 0.000000000]
 - [0.849387950 2.085391527 0.000000000]
 - [0.956715527 -2.035428682 0.000000000]
 - [0.961405717 2.034313542 0.000000000]
 - [1.077706010 -1.972025813 0.000000000]
 - [1.080510500 1.971642672 0.000000000]
 - [1.214471469 -1.893868154 0.000000000]
 - [1.214506240 1.894659927 0.000000000]
 - [1.412514385 -1.746832391 0.000000000]
 - [1.606508716 1.569328545 0.000000000]
 - [1.580750706 -1.600991820 0.000000000]
 - [1.909436901 1.190935857 0.000000000]
 - [1.725834133 -1.446643604 0.000000000]
 - [2.118624515 0.767009346 0.000000000]
 - [1.854418366 -1.274084906 0.000000000]
 - [2.229405278 0.305076498 0.000000000]
 - [1.973157107 -1.073612889 0.000000000]
 - [2.237112911 -0.187335204 0.000000000]
 - [2.088704056 -0.835524718 0.000000000]
 - [2.137081135 -0.702698275 0.000000000]
 - [2.099878290 -0.807815196 0.000000000]
 - [2.128136601 -0.730179725 0.000000000]
 - [2.114282116 -0.769617525 0.000000000]
elements:
 - [1 2]
 - [3 1]
 - [2 4]
 - [5 3]
 - [4 6]
 - [7 5]
 - [6 8]
 - [9 7]
 - [8 10]
 - [11 9]
 - [10 12]
 - [13 11]
 - [12 14]
 - [15 13]
 - [14 16]
 - [17 15]
 - [16 18]
 - [19 17]
 - [18 20]
 - [21 19]
 - [20 22]
 - [23 21]
 - [22 24]
 - [25 23]
 - [24 26]
 - [27 25]
 - [26 28]
 - [29 27]
 - [28 30]
 - [31 29]
 - [30 32]
 - [33 31]
 - [32 34]
 - [35 33]
 - [34 36]
 - [37 35]
 - [36 38]
 - [39 37]
 - [38 40]
 - [41 39]
 - [40 42]
 - [43 41]
 - [42 44]
 - [45 43]
 - [44 46]
 - [47 45]
 - [46 48]
 - [49 47]
 - [48 50]
 - [51 49]
 - [50 52]
 - [52 51]
sets:
  element:
  - name: layup_0
    labels:
    - 1
    - 2
    - 3
    - 4
    - 5
    - 6
    - 7
    - 8
    - 9
    - 10
    - 11
    - 12
    - 13
    - 14
    - 15
    - 16
    - 17
    - 18
    - 19
    - 20
    - 21
    - 22
    - 23
    - 24
    - 25
    - 26
    - 27
    - 28
    - 29
    - 30
    - 31
    - 32
    - 33
    - 34
    - 35
    - 36
    - 37
    - 38
    - 39
    - 40
    - 41
    - 42
    - 43
    - 44
    - 45
    - 46
    - 47
    - 48
    - 49
    - 50
    - 51
    - 52
sections:
- type: shell
  elementSet: layup_0
  layup:
  - - glass_triax
    - 0.0273333306
    - 0
  - - glass_triax
    - 0.0273333306
    - 0
  - - glass_triax
    - 0.0273333306
    - 0
elementOrientations:
 - [-0.012192647688251072, -0.024955805088527246, 0.9996141991462173, -0.322071844336572, -0.9463141802875258, -0.02755357095526529, 0.946636713015077, -0.3222835397272584, 0.0035005132308759284]
 - [-0.014147708144466203, -0.025056801649101092, 0.9995859137889932, -0.36977793636203965, -0.9286825502301893, -0.02851313167267064, 0.9290124434764532, -0.3700282118826472, 0.0038732772738777304]
 - [-0.011756648506116081, -0.02490247297632168, 0.9996207521133039, -0.2786041430840281, -0.9600209844991417, -0.027192660364755206, 0.9603340630594741, -0.2788181776013934, 0.004348697129010655]
 - [-0.017830858172367063, -0.022913903291553767, 0.9995784179006577, -0.42720934366622426, -0.9037085781078439, -0.028336946528739693, 0.9039769008006294, -0.42753451192885455, 0.0063248658993764586]
 - [-0.011184980869752548, -0.025289212163553954, 0.9996176028617592, -0.1990597677709704, -0.9796150476994553, -0.027010501212703406, 0.9799235200044494, -0.19928575982478247, 0.0059229108678522935]
 - [-0.023124572194124064, -0.01979605896886716, 0.9995365777249676, -0.48378093133671185, -0.8747244237497516, -0.028516538546063747, 0.8748835720459166, -0.48421616923122934, 0.010650672242209688]
 - [-0.004511282105228965, -0.02648846938073825, 0.9996389394794667, -0.12178739669867135, -0.9921932281988074, -0.026840788397319352, 0.9925459577969816, -0.12186451044621201, 0.00125010182689006]
 - [-0.028701177020094597, -0.016047626824644896, 0.9994592118295563, -0.5387965942084431, -0.8419369096864797, -0.028990863680873526, 0.8419468347271365, -0.5393372912944899, 0.015518173606416314]
 - [-0.0010286900492908182, 0.009283754948299982, 0.9999563758938899, 0.03515163976642742, -0.9993385853923548, 0.009314181002027721, 0.9993814607138326, 0.03515968771287817, 0.0007016704490430478]
 - [-0.03149345989193528, -0.012182522902870882, 0.9994297114453602, -0.6394098096396219, -0.7682994377068906, -0.02951388412083948, 0.7682208389002847, -0.6399746558692749, 0.016406782876163355]
 - [-0.00468571397728166, 0.00735631867769719, 0.9999619636066341, 0.30167105539675476, -0.9533748248929105, 0.008427193852080218, 0.9534005550765801, 0.30169906833784654, 0.0022480533232533953]
 - [-0.03161329083185777, -0.006982606214527676, 0.9994757841254753, -0.7471292525249852, -0.6640772765200332, -0.028271024586893786, 0.6639265621017416, -0.7476313356328693, 0.015776758715719458]
 - [-0.00278621402417793, 0.00868977206520873, 0.9999583615695538, 0.5346111716891055, -0.8450519921061025, 0.008833218140034118, 0.8450935641197448, 0.5346135225552776, -0.002291153513926975]
 - [-0.03125619134841489, -0.0009217741151402019, 0.9995109808475702, -0.8416941367737187, -0.5392881930594466, -0.02681836958916725, 0.5390491912832587, -0.8421207723118803, 0.01608024308606369]
 - [8.077653996847657e-06, 0.011836753781689361, 0.9999299431433503, 0.7253960505766562, -0.6882835764768287, 0.008141754114130418, 0.6883317294317768, 0.7253451658432536, -0.008591894161468265]
 - [-0.0287418542426173, 0.0023396853490967253, 0.9995841293693914, -0.9169724996093992, -0.39813881842366283, -0.02543454784934276, 0.3979137353432109, -0.9173221937447479, 0.013588675010321564]
 - [0.001294321277168917, 0.014664528735765556, 0.9998916322929146, 0.871652447648726, -0.4900870277221907, 0.0060593536300291816, 0.4901227756801519, 0.8715501459212697, -0.013416702433790425]
 - [-0.024382352852062736, 0.0010097682006870775, 0.9997021962752605, -0.9686742437326884, -0.24723223528912364, -0.02337587138158226, 0.24713500439699437, -0.9689557276790948, 0.007006240045369471]
 - [0.00048673133732953964, 0.01531149087664368, 0.9998826537848029, 0.9673702264912266, -0.2533440865016792, 0.0034086262544792164, 0.2533665486817829, 0.9672550501712379, -0.014935190903284632]
 - [-0.01963375918339888, -0.0040228534190396275, 0.9997991459041646, -0.9953494282330154, -0.09424694366345962, -0.01992559475412973, 0.09430817152578791, -0.9955407225525561, -0.002153723054846602]
 - [-0.0015920783547643154, 0.012896635997263482, 0.9999155674688068, 0.9999068460236079, 0.013575399201499371, 0.0014169727029075, -0.013555978815015222, 0.9998246772892104, -0.012917047723564251]
 - [-0.015957020540788767, -0.009014524032299022, 0.9998320418209913, -0.9984364277517244, 0.05372136532552663, -0.01545039306741572, -0.05357306444321797, -0.9985152744270026, -0.009857662102669359]
 - [0.001393651234391583, 0.011484038062117763, 0.9999330850642081, 0.9816771693748018, 0.1905184716419383, -0.003556274946655522, -0.190546563507488, 0.9816164367170139, -0.011008101674634056]
 - [0.0043181005105151805, -0.013414977119982182, 0.9999006912673136, -0.9810643385188903, 0.19356152793950698, 0.006833636529407217, -0.19363397866715865, -0.9809964185921344, -0.012325137521849713]
 - [0.0018492808792633516, 0.01156490413082295, 0.9999314142243331, 0.9735034138642373, 0.22862928109954653, -0.00444466180714958, -0.2286650024706558, 0.9734448648055773, -0.01083567389439165]
 - [0.004418027899713618, -0.016057356428355717, 0.9998613115497619, -0.9728681050400497, 0.23122166161052454, 0.008012078247960639, -0.23131824663277362, -0.9727685770555098, -0.01460014616839365]
 - [0.002226460897173379, 0.012621439535258731, 0.9999178676951079, 0.9588717516850291, 0.283782097046489, -0.005717098598077268, -0.28383094738304404, 0.9588057262344414, -0.011470512093568348]
 - [0.004252282808441237, -0.020300471263063214, 0.9997848813406887, -0.9583232674396344, 0.28551538203857635, 0.009873282290548917, -0.28565439463579084, -0.9581590982117026, -0.01824032180079495]
 - [0.0027641942914124057, 0.0134735310689457, 0.9999054071213205, 0.9368756788424935, 0.3495864188014138, -0.007300560459251716, -0.34965171474388046, 0.9368072372426124, -0.011656698783417744]
 - [0.004265023436960531, -0.024012630165290257, 0.9997025573477479, -0.9364269235214437, 0.35064287279243356, 0.012417433874745318, -0.35083675189359304, -0.9362013508601739, -0.020990573320878083]
 - [0.0036234623811134785, 0.013371958728968143, 0.9999040260145589, 0.910518776395531, 0.4133734748459212, -0.008827690807525528, -0.4134518452632149, 0.9104633770852943, -0.010677576264457289]
 - [0.004729934274060815, -0.026014154686078386, 0.99965038462341, -0.9099223037660815, 0.41450407591984373, 0.015092122278318174, -0.41475176772473216, -0.9096755656836155, -0.02171028252705245]
 - [0.004642108456311321, 0.012578864089598869, 0.9999101074633135, 0.885995364230989, 0.4635874328309153, -0.00994518388158236, -0.4636708588969946, 0.885961886482402, -0.008992792128492225]
 - [0.00525868692167105, -0.02711305727526071, 0.9996185414131974, -0.8849013144333657, 0.46545790937474596, 0.0172799975287181, -0.4657488700211321, -0.884654631325513, -0.02154468260056805]
 - [0.005314716771182742, 0.012141181420117124, 0.9999121688925314, 0.8682601758442301, 0.49599507209609495, -0.010637457371773806, -0.49608065959941317, 0.8682404506645109, -0.007905630986694502]
 - [0.004772858121045694, -0.02958349285489827, 0.9995509175504071, -0.8665640633041175, 0.49870792045665185, 0.018897996286922965, -0.49904302822022795, -0.8662651020468886, -0.02325572962688756]
 - [0.011947568184168858, 0.017536501822802406, 0.9997748380101907, 0.8029462826606805, 0.5957142642742618, -0.020044513004061123, -0.595931642703993, 0.8030049728638011, -0.006963532158792711]
 - [-0.011188739675084887, -0.023256176028498436, 0.9996669257212698, -0.7695369778590094, 0.6385717413212957, 0.006242667179244878, -0.6385042300659451, -0.7692108173072062, -0.025041300395037453]
 - [0.012065854588109085, 0.018012880134642594, 0.9997649480264418, 0.7555817515296528, 0.6547203809356311, -0.020915055411938274, -0.654943228004108, 0.7556565085650736, -0.005710442609986228]
 - [-0.011241352959929386, -0.021646921579655996, 0.9997024771249468, -0.6252635513379842, 0.7803512971029865, 0.009866330518424048, -0.780332700424532, -0.6249666102247471, -0.022307235425903946]
 - [0.011929161729553113, 0.018880071401527046, 0.9997505878989539, 0.684803010193355, 0.7283982786915038, -0.02192680618272554, -0.7286305870127538, 0.6848937804529461, -0.004239948858392138]
 - [-0.00943944809437317, -0.019295883999298654, 0.9997692562188338, -0.44298139282368726, 0.8964348145168783, 0.01311902946398192, -0.8964811110289274, -0.442755341224447, -0.017009567471394742]
 - [0.011711969114874769, 0.019795509867032872, 0.9997354487906069, 0.5973161132729449, 0.8016797099043672, -0.02287145714973123, -0.801920376723247, 0.5974259623725384, -0.0024349290116105933]
 - [-0.007604527418944477, -0.017494872851620248, 0.9998180337374596, -0.23377960436040796, 0.9721702797279059, 0.015232983911764844, -0.9722598766522385, -0.2336212247157148, -0.011482840001661204]
 - [0.011220118898970994, 0.020757747857811842, 0.9997215736572678, 0.5092499645744735, 0.860295612928569, -0.023578209362776333, -0.8605455144922842, 0.5093727262817757, -0.0009182632959148629]
 - [-0.006261084489906095, -0.01631831741530366, 0.9998472440016742, -0.016361973671025824, 0.9997346604740912, 0.016214020610026296, -0.9998465305428623, -0.016257956928442775, -0.006526423056620507]
 - [0.009861861589328719, 0.02205917720080216, 0.9997080255690738, 0.43603788310681874, 0.8996041677818531, -0.024151724684654097, -0.8998742735414303, 0.4361487521600198, -0.000746865141868095]
 - [-0.004371691767247739, -0.0154648459520039, 0.999870855086182, 0.18960780087800494, 0.9817293196738673, 0.016013267589489063, -0.9818501770419452, 0.18965331906498906, -0.001359562552607392]
 - [0.010145217412657467, 0.026211657917663996, 0.9996049337377528, 0.3731513999663785, 0.9273447014127167, -0.02810404712653711, -0.9277149924770978, 0.3732891021058158, -0.0003728032351081975]
 - [0.008526697632377614, 0.025839564868976133, 0.9996297376103153, 0.30887283822315176, 0.9507140462966805, -0.02720977732668872, -0.9510651214482954, 0.3089904837718716, 0.00012531146809414598]
 - [0.009741533034334619, 0.026370419039144083, 0.9996047736649928, 0.35216172171930893, 0.9355168920530998, -0.02811167798265477, -0.9358884678688122, 0.3522963889724225, -0.00017328346317129986]
 - [0.008938222511504307, 0.025700074498638436, 0.9996297386278077, 0.3306296508178887, 0.9433682486688024, -0.02720995045194118, -0.9437182536002872, 0.33075044002135595, -6.51713405886673e-05]
materials:
- name: Gelcoat
  density: 1235.0
  elastic:
    E:
    - 3440000000.0
    - 3440000000.0
    - 3440000000.0
    G:
    - 1323000000.0
    - 1323000000.0
    - 1323000000.0
    nu:
    - 0.3
    - 0.3
    - 0.3
- name: Adhesive
  density: 1100.0
  elastic:
    E:
    - 3900000000.0
    - 3900000000.0
    - 3900000000.0
    G:
    - 1500000000.0
    - 1500000000.0
    - 1500000000.0
    nu:
    - 0.3
    - 0.3
    - 0.3
- name: glass_uni
  density: 1940.0
  elastic:
    E:
    - 43700000000.0
    - 16500000000.0
    - 15450000000.0
    G:
    - 3265000000.0
    - 3495000000.0
    - 3480000000.0
    nu:
    - 0.262
    - 0.264
    - 0.35
- name: carbon_uni_industry_baseline
  density: 1600.0
  elastic:
    E:
    - 157599000000.0
    - 9100000000.0
    - 9100000000.0
    G:
    - 4131000000.0
    - 4131000000.0
    - 2689000000.0
    nu:
    - 0.3133
    - 0.3133
    - 0.47066
- name: glass_biax
  density: 1940.0
  elastic:
    E:
    - 11023100000.0
    - 11023100000.0
    - 16047700000.0
    G:
    - 13231400000.0
    - 3487480000.0
    - 3487480000.0
    nu:
    - 0.688074
    - 0.117173
    - 0.117173
- name: glass_triax
  density: 1940.0
  elastic:
    E:
    - 28211400000.0
    - 16238800000.0
    - 15835500000.0
    G:
    - 8248220000.0
    - 3491240000.0
    - 3491240000.0
    nu:
    - 0.497511
    - 0.18091
    - 0.27481
- name: medium_density_foam
  density: 130.0
  elastic:
    E:
    - 142500000.0
    - 142500000.0
    - 142500000.0
    G:
    - 54000000.0
    - 54000000.0
    - 54000000.0
    nu:
    - 0.3194
    - 0.3194
    - 0.3194
- name: resin
  density: 1150.0
  elastic:
    E:
    - 1000000.0
    - 1000000.0
    - 1000000.0
    G:
    - 312500.0
    - 312500.0
    - 312500.0
    nu:
    - 0.3
    - 0.3
    - 0.3
- name: steel
  density: 7800
  elastic:
    E:
    - 200000000000.0
    - 200000000000.0
    - 200000000000.0
    G:
    - 79300000000.0
    - 79300000000.0
    - 79300000000.0
    nu:
    - 0.3
    - 0.3
    - 0.3
