nodes:
 - [-1.796115073 0.044808553 62.068965517]
 - [-1.796193515 0.041664296 62.068965517]
 - [-1.796036632 0.047952810 62.068965517]
 - [-1.749363991 0.045284353 62.068965517]
 - [-1.749133011 0.054543023 62.068965517]
 - [-1.596621063 0.053861216 62.068965517]
 - [-1.596035749 0.077323049 62.068965517]
 - [-1.371619358 0.048165986 62.068965517]
 - [-1.376105173 0.114190120 62.068965517]
 - [-1.216015616 0.033132445 62.068965517]
 - [-1.240471614 0.138886803 62.068965517]
 - [-1.055030847 0.002819127 62.068965517]
 - [-1.080357015 0.168939347 62.068965517]
 - [-0.887953726 -0.039242659 62.068965517]
 - [-0.902429392 0.202264278 62.068965517]
 - [-0.714072931 -0.089521603 62.068965517]
 - [-0.713356761 0.236778119 62.068965517]
 - [-0.532677136 -0.144486395 62.068965517]
 - [-0.519807136 0.270397397 62.068965517]
 - [-0.343055019 -0.200605726 62.068965517]
 - [-0.328448533 0.301038635 62.068965517]
 - [-0.144495255 -0.254348286 62.068965517]
 - [-0.145948967 0.326618358 62.068965517]
 - [0.003967163 -0.279252345 62.068965517]
 - [-0.144728494 -0.157510667 62.065086207]
 - [-0.004757386 0.340513592 62.068965517]
 - [0.146725111 -0.293131595 62.068965517]
 - [-0.144965328 -0.060686668 62.062758621]
 - [0.134322624 0.346477704 62.068965517]
 - [-0.145697575 0.229776222 62.065086207]
 - [0.283013228 -0.297249419 62.068965517]
 - [-0.145205773 0.036130971 62.061982759]
 - [0.269757700 0.344633072 62.068965517]
 - [-0.145449850 0.132949514 62.062758621]
 - [0.412066153 -0.292869204 62.068965517]
 - [0.400014474 0.335102076 62.068965517]
 - [0.533118525 -0.281254334 62.068965517]
 - [0.523559583 0.318007094 62.068965517]
 - [0.645404983 -0.263668193 62.068965517]
 - [0.638859661 0.293470504 62.068965517]
 - [0.748160165 -0.241374168 62.068965517]
 - [0.744381343 0.261614686 62.068965517]
 - [0.848784203 -0.212641295 62.068965517]
 - [0.747483641 -0.157532846 62.065086207]
 - [0.839858088 0.226549375 62.068965517]
 - [0.935057280 -0.181746984 62.068965517]
 - [0.746825868 -0.073703845 62.062758621]
 - [0.928325006 0.183789172 62.068965517]
 - [0.744964583 0.177772099 62.065086207]
 - [1.006619658 -0.149755361 62.068965517]
 - [0.746186798 0.010119120 62.061982759]
 - [1.005788206 0.136635662 62.068965517]
 - [0.745566386 0.093942339 62.062758621]
 - [1.063111596 -0.117730552 62.068965517]
 - [1.068253796 0.088390431 62.068965517]
 - [1.104173358 -0.086736685 62.068965517]
 - [1.111727886 0.042355066 62.068965517]
 - [1.129445205 -0.057837886 62.068965517]
 - [1.132216583 0.001831153 62.068965517]
 - [1.136045311 -0.037156712 62.068965517]
 - [1.136429011 -0.018562720 62.068965517]
 - [1.138151221 -0.028394010 62.068965517]
elements:
 - [1 2]
 - [3 1]
 - [2 4]
 - [5 3]
 - [4 6]
 - [7 5]
 - [6 8]
 - [9 7]
 - [8 10]
 - [11 9]
 - [10 12]
 - [13 11]
 - [12 14]
 - [15 13]
 - [14 16]
 - [17 15]
 - [16 18]
 - [19 17]
 - [18 20]
 - [21 19]
 - [20 22]
 - [23 21]
 - [22 24]
 - [25 22]
 - [26 23]
 - [23 30]
 - [24 27]
 - [28 25]
 - [29 26]
 - [27 31]
 - [32 28]
 - [33 29]
 - [30 34]
 - [31 35]
 - [34 32]
 - [36 33]
 - [35 37]
 - [38 36]
 - [37 39]
 - [40 38]
 - [39 41]
 - [42 40]
 - [41 43]
 - [41 44]
 - [45 42]
 - [49 42]
 - [43 46]
 - [44 47]
 - [48 45]
 - [46 50]
 - [47 51]
 - [52 48]
 - [53 49]
 - [50 54]
 - [51 53]
 - [55 52]
 - [54 56]
 - [57 55]
 - [56 58]
 - [59 57]
 - [58 60]
 - [61 59]
 - [60 62]
 - [62 61]
sets:
  element:
  - name: layup_0
    labels:
    - 1
    - 2
    - 3
    - 4
    - 5
    - 6
    - 7
    - 8
    - 61
    - 62
    - 63
    - 64
  - name: layup_1
    labels:
    - 9
    - 11
    - 13
    - 15
    - 17
    - 19
    - 21
  - name: layup_2
    labels:
    - 23
    - 27
    - 30
    - 34
    - 37
    - 39
    - 41
  - name: layup_3
    labels:
    - 43
    - 47
    - 50
    - 54
    - 57
    - 59
  - name: layup_4
    labels:
    - 45
    - 49
    - 52
    - 56
    - 58
    - 60
  - name: layup_5
    labels:
    - 25
    - 29
    - 32
    - 36
    - 38
    - 40
    - 42
  - name: layup_6
    labels:
    - 10
    - 12
    - 14
    - 16
    - 18
    - 20
    - 22
  - name: layup_7
    labels:
    - 44
    - 46
    - 48
    - 51
    - 53
    - 55
  - name: layup_8
    labels:
    - 24
    - 26
    - 28
    - 31
    - 33
    - 35
sections:
- type: shell
  elementSet: layup_0
  layup:
  - - glass_triax
    - 0.002
    - 0
  - - glass_uni
    - 0.005
    - 0
  - - glass_triax
    - 0.002
    - 0
- type: shell
  elementSet: layup_1
  layup:
  - - glass_triax
    - 0.002
    - 0
  - - medium_density_foam
    - 0.03
    - 0
  - - glass_triax
    - 0.002
    - 0
- type: shell
  elementSet: layup_2
  layup:
  - - glass_triax
    - 0.002
    - 0
  - - carbon_uni_industry_baseline
    - 0.03
    - 0
  - - glass_triax
    - 0.002
    - 0
- type: shell
  elementSet: layup_3
  layup:
  - - glass_triax
    - 0.002
    - 0
  - - medium_density_foam
    - 0.06
    - 0
  - - glass_triax
    - 0.002
    - 0
- type: shell
  elementSet: layup_4
  layup:
  - - glass_triax
    - 0.002
    - 0
  - - medium_density_foam
    - 0.028
    - 0
  - - glass_triax
    - 0.002
    - 0
- type: shell
  elementSet: layup_5
  layup:
  - - glass_triax
    - 0.002
    - 0
  - - carbon_uni_industry_baseline
    - 0.025
    - 0
  - - glass_triax
    - 0.002
    - 0
- type: shell
  elementSet: layup_6
  layup:
  - - glass_triax
    - 0.002
    - 0
  - - medium_density_foam
    - 0.04
    - 0
  - - glass_triax
    - 0.002
    - 0
- type: shell
  elementSet: layup_7
  layup:
  - - glass_biax
    - 0.001
    - 0
  - - medium_density_foam
    - 0.028
    - 0
  - - glass_biax
    - 0.002
    - 0
- type: shell
  elementSet: layup_8
  layup:
  - - glass_biax
    - 0.002
    - 0
  - - medium_density_foam
    - 0.021
    - 0
  - - glass_biax
    - 0.002
    - 0
elementOrientations:
 - [0.034024642573492865, -0.004381719070004692, 0.9994113888863471, -0.024950450514035837, -0.9996824443578171, -0.0035334773136205403, 0.9991095028658734, -0.024815539098935142, -0.03412316372109297]
 - [-0.010347370830005344, 0.008189497988845312, 0.9999129282290518, 0.9861764256164093, -0.16529502880268365, 0.011559022950206572, 0.16537529886700056, 0.9862101629854613, -0.006365920894854457]
 - [0.029816587164429267, -0.004838436613101982, 0.9995436762148051, 0.9965738153579239, 0.07732393526424665, -0.029353697862473785, -0.07714662450695296, 0.9969942821131883, 0.00712739509158961]
 - [0.01180185342762253, -5.4048178044714566e-05, 0.9999303542419681, 0.9711760402198905, -0.238086991177246, -0.011475344656260524, 0.238071029649739, 0.9712438322640512, -0.002757377477362941]
 - [0.02979880303133757, -0.004601013940186171, 0.9995453276408335, 0.9979775870654691, 0.05631080628545931, -0.029492860330335904, -0.0561495062568031, 0.9984026861773779, 0.00626970341511779]
 - [0.011664813879176755, -0.0009177255922659845, 0.9999315426052434, 0.9836586881098832, -0.1796666317626155, -0.011639877019137757, 0.17966501446611163, 0.9837271263977699, -0.0011930490676762707]
 - [0.02977528565503775, -0.004233724129983397, 0.9995476516625666, 0.9992389876584689, -0.025081658123771236, -0.029872327814222274, 0.02519678367250472, 0.9996764406575528, 0.0034836886783325546]
 - [0.011558047082155588, -0.002203895699955417, 0.999930774799631, 0.9956981388185056, -0.09191328708361994, -0.011711704011308164, 0.09193273574201472, 0.9957645758417137, 0.0011320767470075553]
 - [-0.010342803292704154, 0.008256617673775049, 0.9999124235074975, 0.9863103349334057, -0.16449401380542514, 0.011560390379834855, 0.1645750577201843, 0.986343524177439, -0.00644225811562127]
 - [0.012392683466352401, -0.007587158945429869, 0.9998944226345295, -0.9832543176826422, -0.18191804704767653, 0.01080605926324046, 0.18181685333033382, -0.9832844243541621, -0.009714559565917255]
 - [-0.010378634497899745, 0.008239129635510807, 0.9999121964896761, 0.9954255974993768, -0.09489130531184474, 0.011113956056401962, 0.0949745428468512, 0.9954535433253852, -0.007216598365442918]
 - [0.012363604825411762, -0.0074075233308543206, 0.9998961295423762, -0.9819879156314965, -0.1886379740879701, 0.010744686393548603, 0.1885387886601335, -0.982018759153861, -0.009606343762347242]
 - [-0.010410170630697635, 0.008474372601638391, 0.9999099026194552, 0.9995426104538404, -0.028305960233797042, 0.010646243580004986, 0.02839363017583093, 0.9995633834951393, -0.008175826636300574]
 - [0.012296880995312228, -0.007044508769026151, 0.9998995757644814, -0.9819516852443633, -0.18882641479061255, 0.010745832823826316, 0.18873175292870362, -0.9819852137244869, -0.009239343208915556]
 - [-0.010457053554752004, 0.008779448756485144, 0.9999067813103804, 0.9993229763026545, 0.03536609715805774, 0.010140424321042348, -0.0352737730411281, 0.9993358596844901, -0.009143330033631745]
 - [0.012216623044583671, -0.006610355576273221, 0.9999035240064619, -0.9828025225058188, -0.1843442418348667, 0.010788987836073329, 0.18425513799507823, -0.9828395106534347, -0.00874873824795787]
 - [-0.010521815260106681, 0.009093399757328773, 0.9999032960664175, 0.9952822616824495, 0.09654611469617012, 0.009595171563968316, -0.09644952557633558, 0.995286972595305, -0.010066339859770991]
 - [0.012143461808583571, -0.006201043590027194, 0.9999070373758239, -0.9844139054925326, -0.17553112807712154, 0.010866726688003371, 0.17544742519695777, -0.9844543514731231, -0.008235949088610216]
 - [-0.010609731310584647, 0.009466040209566639, 0.9998989087324122, 0.9877177103266745, 0.15598928672743528, 0.009003728855211366, -0.15588828791333034, 0.9877133878352653, -0.011004779981161228]
 - [0.0120959268960174, -0.005910130518013549, 0.9999093753484795, -0.9867675428256847, -0.1617690908304015, 0.010980786750766854, 0.16168953268003078, -0.9868109401547822, -0.007788672065759062]
 - [-0.01074567097585787, 0.010052261888050567, 0.9998917354324981, 0.9766079176894232, 0.21486623182295417, 0.008335318142338975, -0.21475918062240804, 0.976591754241832, -0.012126000381549677]
 - [0.0120902281093349, -0.0058375288009673305, 0.9999098707592406, -0.9898919755698293, -0.14138491777068932, 0.011143685630655757, 0.14130712326957798, -0.9899374870588915, -0.007487898824302523]
 - [-0.025942671503321628, 0.007732182989313891, 0.9996335284200356, 0.6607972275129582, 0.7504787365801554, 0.011344163796477371, -0.7501159923014962, 0.6608493620238076, -0.02457882841528829]
 - [-0.000814310256960899, -1.9333609354931183e-06, 0.9999996684474788, 0.0024354175289655125, -0.9999970343663312, 4.983028845639247e-08, 0.999996702814697, 0.002435416762074006, 0.0008143125505560962]
 - [-0.007964938170872477, -0.00795714467673123, 0.9999366197957389, -0.9937460381184584, -0.11131642421007869, -0.008801444480847975, 0.11137940331947291, -0.9937531572526829, -0.007020752561001147]
 - [-0.0007585323407708392, -1.8481410919550796e-06, 0.9999997123125947, 0.002559893189611686, -0.9999967234680567, 9.362676372429643e-08, 0.9999964357814213, 0.0025598925241815842, 0.0007585345864591893]
 - [-0.0248677788214522, 0.006804227340179947, 0.9996675927861174, 0.9608835279047362, 0.27607570446428986, 0.022023878084789367, -0.27583407943514693, 0.9611118082173629, -0.013403459527892535]
 - [-0.000802922578684029, -1.9160267549207797e-06, 0.9999996776557788, 0.0024595860278377943, -0.9999969752137098, 5.883621558418523e-08, 0.9999966528703509, 0.0024595852822453775, 0.0008029248626474559]
 - [-0.007985008971393207, -0.007469661228473248, 0.9999402201096114, -0.9990303115072718, -0.043238113591238296, -0.00830073627786894, 0.04329753250948975, -0.9990368710384028, -0.007117161259003261]
 - [-0.02485325713053018, 0.006680315416144236, 0.9996687896478239, 0.9408328180812505, 0.338211641871137, 0.021130398106101782, -0.33795846494990534, 0.9410463637296359, -0.014690720878604766]
 - [-0.0007916483768381211, -1.8988377165391872e-06, 0.9999996866445716, 0.0024841289442327696, -0.9999969145469317, 6.772480998747768e-08, 0.999996601192342, 0.0024841282194317154, 0.0007916506512019403]
 - [-0.008001495411908848, -0.007628759615477824, 0.999938887181563, -0.9998373454597547, 0.016224581373667325, -0.00787690188086437, -0.016163498852807812, -0.9998392695758545, -0.007757339676511465]
 - [-0.0007694507925712919, -1.8648948005766847e-06, 0.9999997039709559, 0.0025342939500215852, -0.9999967886719275, 8.512570191319701e-08, 0.9999964926436757, 0.00253429326529701, 0.0007694530478039717]
 - [-0.02488050261977426, 0.0066538811975516, 0.9996682882108424, 0.9121749163721966, 0.4093137947746152, 0.01997847212827579, -0.4090450861833736, 0.9123694116267889, -0.016253436468126728]
 - [-0.0007804902750225956, -1.8817937235402083e-06, 0.9999996954156485, 0.002509035340959058, -0.9999968523658723, 7.648990629106365e-08, 0.9999965477823355, 0.002509034636445783, 0.0007804925398117261]
 - [-0.008029550379627826, -0.00782458987988991, 0.9999371490818373, -0.9972622953973803, 0.0735708774575819, -0.007432373030856516, -0.07350809818958286, -0.9972592951601568, -0.008393909531181198]
 - [-0.02499984700130948, 0.006786545467520621, 0.9996644189179327, 0.8688868700302084, 0.4946696974496787, 0.018371105414488737, -0.4943790193151585, 0.8690545628587774, -0.018263407002017704]
 - [-0.008052770300075368, -0.007847399843755059, 0.9999367836049371, -0.9908262867182178, 0.1349643663261845, -0.006920214618019033, -0.13490152867437116, -0.9908193771509838, -0.008862247088300936]
 - [-0.025289142055978323, 0.007123680682891343, 0.9996547966511243, 0.7971809474341746, 0.603531940292134, 0.015866130440777074, -0.6032105737982587, 0.7973069987280558, -0.020941667489373855]
 - [-0.008078328941947127, -0.007842963872929142, 0.9999366122505935, -0.9780319352488892, 0.2083608820416254, -0.006267094075274297, -0.20829852192182774, -0.9780205676531162, -0.009353876878494503]
 - [-0.025904360842740688, 0.007682400032374365, 0.9996349057626347, 0.6610992052636268, 0.7502124054206153, 0.011366070245055046, -0.7498511884961778, 0.6611522725384499, -0.024512601414636043]
 - [-0.008242411295302345, -0.008498838651756446, 0.9999299137427641, -0.951696019953468, 0.3069971904799071, -0.005235517373944914, -0.30693117837842454, -0.9516724724289418, -0.010618708029540975]
 - [-0.029714986355543992, 0.002528125980459337, 0.9995552151656839, -0.1725969531822666, 0.9849630417229049, -0.007622217010921773, -0.9845442150244388, -0.17274667874952054, -0.02883181650402302]
 - [-0.017220684195690356, 5.816918713867281e-06, 0.9998517130064818, -0.008656025303063992, 0.9999625239133791, -0.00015490234885631946, -0.9998142433781312, -0.008657409251526804, -0.017219988480442195]
 - [-0.02389643663130485, -0.004220961615372655, 0.9997055285429639, -0.6846294265916327, 0.7287701812984135, -0.013288005685179976, -0.7284994911193405, -0.6847453587526671, -0.020304804986579966]
 - [-0.015445308139857297, 2.5511138317182415e-05, 0.9998807137882232, -0.006028675051499515, 0.999981820335638, -0.00011863957044347016, -0.9998625393190748, -0.006029788338413666, -0.015444873550976233]
 - [-0.029754288368421027, 0.002511940792961181, 0.9995540868192884, -0.20219363983197725, 0.979308850022008, -0.008479875003134204, -0.9788934642417353, -0.2023557916690915, -0.02863073947333036]
 - [-0.01687127106116821, 1.035230617265079e-05, 0.9998576699238801, -0.008104499954411119, 0.9999671471804856, -0.00014710611924152918, -0.999824823303197, -0.008105828307528169, -0.016870632892080153]
 - [-0.02534640000741014, -0.005117162831767456, 0.9996656314244365, -0.48587808573031277, 0.8739913806822028, -0.007845527405066114, -0.8736589985879567, -0.4859144792427676, -0.024638852418869265]
 - [-0.02966570029201198, 0.0025373061046957386, 0.9995566558749515, -0.1731249154732127, 0.9848702563877526, -0.0076381755096124205, -0.9844530003349972, -0.17327475338448403, -0.02877759494761097]
 - [-0.016518924374423993, 1.4586986063776915e-05, 0.9998635531534953, -0.007565722112218383, 0.9999713697728799, -0.0001395832055328112, -0.9998349288689773, -0.007566995557710777, -0.016518341072784357]
 - [-0.023178619483651783, -0.00411310935298843, 0.9997228785669969, -0.9347267263814634, 0.3547920841110799, -0.020211977644680613, -0.35461062954602024, -0.9349361793104205, -0.012068223954190355]
 - [-0.01580583752472848, 2.2163438402681455e-05, 0.9998750797019217, -0.006527543127529935, 0.9999786875066973, -0.00012535191115228627, -0.9998537726492109, -0.006528708996837804, -0.01580535599012206]
 - [-0.02970613872823986, 0.002521706077835094, 0.9995554943675287, -0.20250630472042622, 0.9792441659203349, -0.008488819674412371, -0.9788302926811859, -0.20266845958225418, -0.028578901662235583]
 - [-0.0161637451938074, 1.85231294447843e-05, 0.9998693579654315, -0.007039978676842638, 0.999975210286921, -0.00013233237993523947, -0.9998445739421399, -0.007041197946575137, -0.016163214096765435]
 - [-0.023159490346844527, -0.003891104455747916, 0.9997242106266051, -0.8996992381803589, 0.43609030079531336, -0.019144982892003743, -0.4358955365962772, -0.8998944987376952, -0.013600452826138185]
 - [-0.02961800324220958, 0.0025462173362798568, 0.999558047669679, -0.17363116288551697, 0.9847810131528888, -0.007653457296708278, -0.9843652742549217, -0.17378110631149146, -0.02872514456337117]
 - [-0.023038107764753103, -0.0035313550941079293, 0.9997283506642287, -0.8540487598674988, 0.5198868008180908, -0.01784460994019011, -0.5196825582597576, -0.8542278641359868, -0.014993157581494566]
 - [-0.029659504155923718, 0.0025311762235170616, 0.9995568552914589, -0.2028217367457416, 0.9791788038731222, -0.008497832020151351, -0.978766395477831, -0.20298389885044363, -0.02852858024520403]
 - [-0.023179588081462317, -0.003576499869469402, 0.9997249198379812, -0.7893486460708581, 0.6137339046059438, -0.01610618773160109, -0.6135074748057087, -0.7895048467145884, -0.017049204430031543]
 - [0.011514138958481166, -0.0024196180342532666, 0.9999307826307845, 0.9953088901805731, -0.09603894827726799, -0.011693311819674765, 0.096060594062085, 0.9953746359348148, 0.0013024615444426674]
 - [0.01164832227002243, -0.000980154388230413, 0.9999316756087231, 0.9831824801289466, -0.18225507021330112, -0.011631859225329682, 0.18225401876443467, 0.9832507964293342, -0.0011592951708604496]
 - [0.011613178604768362, -0.0011283261840249507, 0.9999319281644705, 0.9826865180019683, -0.18491118685054345, -0.011621545279816273, 0.1849117125004826, 0.9827545878079361, -0.0010386157099651295]
 - [0.011543664969084239, -0.0022672378711529996, 0.9999307993213915, 0.9955069828560499, -0.09396182739968996, -0.011705642936432205, 0.09398186465444226, 0.9955732191175829, 0.0011723872771435544]
materials:
- name: Gelcoat
  density: 1235.0
  elastic:
    E:
    - 3440000000.0
    - 3440000000.0
    - 3440000000.0
    G:
    - 1323000000.0
    - 1323000000.0
    - 1323000000.0
    nu:
    - 0.3
    - 0.3
    - 0.3
- name: Adhesive
  density: 1100.0
  elastic:
    E:
    - 3900000000.0
    - 3900000000.0
    - 3900000000.0
    G:
    - 1500000000.0
    - 1500000000.0
    - 1500000000.0
    nu:
    - 0.3
    - 0.3
    - 0.3
- name: glass_uni
  density: 1940.0
  elastic:
    E:
    - 43700000000.0
    - 16500000000.0
    - 15450000000.0
    G:
    - 3265000000.0
    - 3495000000.0
    - 3480000000.0
    nu:
    - 0.262
    - 0.264
    - 0.35
- name: carbon_uni_industry_baseline
  density: 1600.0
  elastic:
    E:
    - 157599000000.0
    - 9100000000.0
    - 9100000000.0
    G:
    - 4131000000.0
    - 4131000000.0
    - 2689000000.0
    nu:
    - 0.3133
    - 0.3133
    - 0.47066
- name: glass_biax
  density: 1940.0
  elastic:
    E:
    - 11023100000.0
    - 11023100000.0
    - 16047700000.0
    G:
    - 13231400000.0
    - 3487480000.0
    - 3487480000.0
    nu:
    - 0.688074
    - 0.117173
    - 0.117173
- name: glass_triax
  density: 1940.0
  elastic:
    E:
    - 28211400000.0
    - 16238800000.0
    - 15835500000.0
    G:
    - 8248220000.0
    - 3491240000.0
    - 3491240000.0
    nu:
    - 0.497511
    - 0.18091
    - 0.27481
- name: medium_density_foam
  density: 130.0
  elastic:
    E:
    - 142500000.0
    - 142500000.0
    - 142500000.0
    G:
    - 54000000.0
    - 54000000.0
    - 54000000.0
    nu:
    - 0.3194
    - 0.3194
    - 0.3194
- name: resin
  density: 1150.0
  elastic:
    E:
    - 1000000.0
    - 1000000.0
    - 1000000.0
    G:
    - 312500.0
    - 312500.0
    - 312500.0
    nu:
    - 0.3
    - 0.3
    - 0.3
- name: steel
  density: 7800
  elastic:
    E:
    - 200000000000.0
    - 200000000000.0
    - 200000000000.0
    G:
    - 79300000000.0
    - 79300000000.0
    - 79300000000.0
    nu:
    - 0.3
    - 0.3
    - 0.3
