nodes:
 - [-1.044093450 -0.047828746 82.758620690]
 - [-1.043979048 -0.050326127 82.758620690]
 - [-1.044207852 -0.045331364 82.758620690]
 - [-1.018467603 -0.046343783 82.758620690]
 - [-1.018780657 -0.039509860 82.758620690]
 - [-0.935079404 -0.036273692 82.758620690]
 - [-0.935825098 -0.019995320 82.758620690]
 - [-0.812962913 -0.031069021 82.758620690]
 - [-0.818671042 0.008839170 82.758620690]
 - [-0.736169879 -0.032565625 82.758620690]
 - [-0.744751694 0.027224788 82.758620690]
 - [-0.650895776 -0.040986393 82.758620690]
 - [-0.657183173 0.050708248 82.758620690]
 - [-0.558979084 -0.054480305 82.758620690]
 - [-0.560141021 0.077109701 82.758620690]
 - [-0.462258282 -0.071196342 82.758620690]
 - [-0.457800779 0.104249298 82.758620690]
 - [-0.362571852 -0.089283485 82.758620690]
 - [-0.354337988 0.129947187 82.758620690]
 - [-0.261758274 -0.106890714 82.758620690]
 - [-0.253928189 0.152023521 82.758620690]
 - [-0.161656028 -0.122167011 82.758620690]
 - [-0.160746924 0.168298448 82.758620690]
 - [-0.082610835 -0.130113064 82.758620690]
 - [-0.161494417 -0.073751492 82.753448276]
 - [-0.067059970 0.181810463 82.758620690]
 - [-0.001311861 -0.132531756 82.758620690]
 - [-0.161336858 -0.025342657 82.750344828]
 - [0.016885763 0.189674787 82.758620690]
 - [-0.160888385 0.119880045 82.753448276]
 - [0.079844670 -0.130165192 82.758620690]
 - [-0.161183341 0.023063124 82.749310345]
 - [0.093115767 0.192245036 82.758620690]
 - [-0.161033853 0.071469481 82.750344828]
 - [0.158462536 -0.123755478 82.758620690]
 - [0.163655531 0.189874827 82.758620690]
 - [0.232145515 -0.114044719 82.758620690]
 - [0.230530549 0.182917777 82.758620690]
 - [0.298497386 -0.101775020 82.758620690]
 - [0.295766311 0.171727502 82.758620690]
 - [0.355121925 -0.087688486 82.758620690]
 - [0.361388308 0.156657618 82.758620690]
 - [0.408031130 -0.071872494 82.758620690]
 - [0.356144062 -0.046961200 82.753448276]
 - [0.416544421 0.138567452 82.758620690]
 - [0.360321389 0.115926022 82.753448276]
 - [0.452110084 -0.056724379 82.758620690]
 - [0.357174998 -0.006239161 82.750344828]
 - [0.461103263 0.120638238 82.758620690]
 - [0.359263583 0.075201396 82.750344828]
 - [0.488340871 -0.041827373 82.758620690]
 - [0.358214813 0.034480687 82.749310345]
 - [0.496425404 0.102682034 82.758620690]
 - [0.517705572 -0.026764703 82.758620690]
 - [0.523871415 0.084510900 82.758620690]
 - [0.541186271 -0.011119600 82.758620690]
 - [0.544801867 0.065936894 82.758620690]
 - [0.559765051 0.005524707 82.758620690]
 - [0.560577329 0.046772077 82.758620690]
 - [0.564554038 0.016930327 82.758620690]
 - [0.565322844 0.031660263 82.758620690]
 - [0.566580043 0.025954394 82.758620690]
elements:
 - [1 2]
 - [3 1]
 - [2 4]
 - [5 3]
 - [4 6]
 - [7 5]
 - [6 8]
 - [9 7]
 - [8 10]
 - [11 9]
 - [10 12]
 - [13 11]
 - [12 14]
 - [15 13]
 - [14 16]
 - [17 15]
 - [16 18]
 - [19 17]
 - [18 20]
 - [21 19]
 - [20 22]
 - [23 21]
 - [22 24]
 - [25 22]
 - [26 23]
 - [23 30]
 - [24 27]
 - [28 25]
 - [29 26]
 - [27 31]
 - [32 28]
 - [33 29]
 - [30 34]
 - [31 35]
 - [34 32]
 - [36 33]
 - [35 37]
 - [38 36]
 - [37 39]
 - [40 38]
 - [39 41]
 - [42 40]
 - [41 43]
 - [41 44]
 - [45 42]
 - [46 42]
 - [43 47]
 - [44 48]
 - [49 45]
 - [50 46]
 - [47 51]
 - [48 52]
 - [53 49]
 - [52 50]
 - [51 54]
 - [55 53]
 - [54 56]
 - [57 55]
 - [56 58]
 - [59 57]
 - [58 60]
 - [61 59]
 - [60 62]
 - [62 61]
sets:
  element:
  - name: layup_0
    labels:
    - 1
    - 2
    - 3
    - 4
    - 5
    - 6
    - 7
    - 8
    - 61
    - 62
    - 63
    - 64
  - name: layup_1
    labels:
    - 9
    - 11
    - 13
    - 15
    - 17
    - 19
    - 21
  - name: layup_2
    labels:
    - 23
    - 25
    - 27
    - 29
    - 30
    - 32
    - 34
    - 36
    - 37
    - 38
    - 39
    - 40
    - 41
    - 42
  - name: layup_3
    labels:
    - 43
    - 47
    - 51
    - 55
    - 57
    - 59
  - name: layup_4
    labels:
    - 45
    - 49
    - 53
    - 56
    - 58
    - 60
  - name: layup_5
    labels:
    - 10
    - 12
    - 14
    - 16
    - 18
    - 20
    - 22
  - name: layup_6
    labels:
    - 44
    - 46
    - 48
    - 50
    - 52
    - 54
  - name: layup_7
    labels:
    - 24
    - 26
    - 28
    - 31
    - 33
    - 35
sections:
- type: shell
  elementSet: layup_0
  layup:
  - - glass_triax
    - 0.001
    - 0
  - - glass_uni
    - 0.005
    - 0
  - - glass_triax
    - 0.001
    - 0
- type: shell
  elementSet: layup_1
  layup:
  - - glass_triax
    - 0.001
    - 0
  - - medium_density_foam
    - 0.02
    - 0
  - - glass_triax
    - 0.001
    - 0
- type: shell
  elementSet: layup_2
  layup:
  - - glass_triax
    - 0.001
    - 0
  - - carbon_uni_industry_baseline
    - 0.015
    - 0
  - - glass_triax
    - 0.001
    - 0
- type: shell
  elementSet: layup_3
  layup:
  - - glass_triax
    - 0.001
    - 0
  - - medium_density_foam
    - 0.026000000000000002
    - 0
  - - glass_triax
    - 0.001
    - 0
- type: shell
  elementSet: layup_4
  layup:
  - - glass_triax
    - 0.001
    - 0
  - - medium_density_foam
    - 0.016
    - 0
  - - glass_triax
    - 0.001
    - 0
- type: shell
  elementSet: layup_5
  layup:
  - - glass_triax
    - 0.001
    - 0
  - - medium_density_foam
    - 0.025
    - 0
  - - glass_triax
    - 0.001
    - 0
- type: shell
  elementSet: layup_6
  layup:
  - - glass_biax
    - 0.001
    - 0
  - - medium_density_foam
    - 0.021
    - 0
  - - glass_biax
    - 0.001
    - 0
- type: shell
  elementSet: layup_7
  layup:
  - - glass_biax
    - 0.001
    - 0
  - - medium_density_foam
    - 0.02
    - 0
  - - glass_biax
    - 0.001
    - 0
elementOrientations:
 - [0.03942538159877004, 5.372942767978109e-05, 0.999222515958753, 0.04583726256053319, -0.9989473789378467, -0.001754843059413059, 0.9981706190059635, 0.04587081017766124, -0.03938634442159952]
 - [-0.005123232992123621, 0.006902173220002517, 0.9999630555618292, 0.9950076197571854, -0.09963114041555317, 0.005785540997770624, 0.09966739240518423, 0.9950005004342148, -0.006357281401166629]
 - [0.03512386585630079, -0.0005921555698018902, 0.9993827912262099, 0.9873636465478507, 0.1546453689485496, -0.034609815638038784, -0.15452942607490863, 0.987969867564061, 0.006016416076970212]
 - [0.018246567080850463, 0.00143685255344164, 0.9998324850916295, 0.9904862139697305, -0.1364454782331756, -0.017879916264586144, 0.1363969307780517, 0.9906465398538773, -0.003912844217151515]
 - [0.03509958602830504, -0.0004309348002184787, 0.99938372678158, 0.9921712495370396, 0.1199397782440359, -0.03479455685709822, -0.11985086838547294, 0.9927810755095857, 0.00463739768389413]
 - [0.01820818473375625, 0.0008431425341940873, 0.9998338617587267, 0.9955923749312193, -0.09203206040982173, -0.018053333086633833, 0.09200154883215517, 0.9957556873889247, -0.0025151630353940657]
 - [0.035091477945278726, -0.00046824150463441546, 0.9993839947315094, 0.9984764603400452, 0.04262606920463708, -0.035039639994964546, -0.042583404307678895, 0.999090986334105, 0.0019633398875201144]
 - [0.018208657692495578, -4.4336586936417115e-05, 0.9998342076661032, 0.9996467394501247, -0.019363216379864663, -0.01820610222317179, 0.01936081330346324, 0.9998125143674157, -0.000308257254317342]
 - [-0.0051249084288368975, 0.00694314075438754, 0.9999627633617465, 0.9952998321217625, -0.09666915547445096, 0.005772222990107056, 0.0967056331967643, 0.9952923526162151, -0.006415086257540129]
 - [0.01852154065290875, -0.004176274924550316, 0.9998197393828535, -0.9677485239135168, -0.2513522305115627, 0.01687751996210568, 0.25123643643996324, -0.9678866746394523, -0.008697014449309802]
 - [-0.0051777108901179284, 0.006928642308169241, 0.9999625919131695, 0.9995961351902335, -0.027905886839806826, 0.0053691705534978, 0.027942043996225577, 0.9995865422240583, -0.006781355459172645]
 - [0.018485314505417277, -0.004024672738116429, 0.9998210315636425, -0.964022830742814, -0.26529084639329004, 0.016755555095028313, 0.2651759320795281, -0.9641600327898283, -0.008783861136800743]
 - [-0.00522795911168318, 0.007046745323668728, 0.9999615051710092, 0.999533786671579, 0.030117674019707934, 0.005013483182084471, -0.030081185905828273, 0.9995215200744735, -0.007200914005390882]
 - [0.01841627767309726, -0.003759056682094542, 0.9998233395002978, -0.963529693441263, -0.26707710628224246, 0.016743630337786145, 0.26696698405168384, -0.9636678311496989, -0.008540528881947973]
 - [-0.0052842034137959475, 0.007225392845632936, 0.9999599346436375, 0.9966429480503867, 0.08173719158731622, 0.004676068097441049, -0.08170013032863026, 0.9966277264905108, -0.007633052773313572]
 - [0.01836370439839969, -0.0035541230310028745, 0.9998250559824196, -0.9656323897794656, -0.2593672822460458, 0.016813705989387286, 0.2592621495119674, -0.9657722200963229, -0.008194920417780232]
 - [-0.005352421797893801, 0.007452348461949746, 0.999957906155704, 0.9913974768580697, 0.13081391114963484, 0.004331688953394771, -0.13077612343371764, 0.9913789301534187, -0.00808841069134914]
 - [0.01837300823137395, -0.0035841370281011666, 0.999824777913757, -0.9698531027224697, -0.24310004116867617, 0.016950785332427342, 0.24299669073493152, -0.9699945999569026, -0.007942565474725842]
 - [-0.005445493343827534, 0.00776484738099638, 0.9999550258623598, 0.9833572070253102, 0.18163987236595797, 0.003944636644867238, -0.18160107376781634, 0.9833344618755249, -0.008624737349496902]
 - [0.018447990968096836, -0.003894034556842724, 0.9998222382624378, -0.9757724094344287, -0.21811446471452373, 0.017154744790460207, 0.21800889113926078, -0.9759154250124169, -0.007823465157016164]
 - [-0.005596442613385343, 0.00826198739266929, 0.9999502084576002, 0.9706369084227772, 0.24052468371630414, 0.003445073387449606, -0.24048424446842284, 0.9706078590695086, -0.009365472489769436]
 - [0.018525032370308815, -0.004262915391578868, 0.9998193090394101, -0.982894137042656, -0.18334481317520998, 0.01742971167059576, 0.1832373830386469, -0.9830394229297783, -0.007586463144090755]
 - [-0.021706557224549648, 0.003561080274265619, 0.9997580427687178, 0.7490119801205295, 0.6624105690187336, 0.013902938113974585, -0.6622007845128097, 0.7491325361773827, -0.017045944710147486]
 - [0.00034544524176650807, -1.1354504419592774e-06, 0.9999999403331459, -0.003382126637863968, -0.9999942805933464, 3.289560825711398e-08, 0.9999942209267965, -0.003382126447426743, -0.00034544710626187997]
 - [-0.025205975358000676, -0.0002963795594936645, 0.9996822349954054, -0.21015485033297682, 0.9776552812082893, -0.005008992619839027, -0.9773431320103375, -0.21021432702053924, -0.024705040528722508]
 - [0.0003781161448293687, -1.1493004627511543e-06, 0.9999999285134278, -0.002887383505066634, -0.999995831499558, -5.752935636358662e-08, 0.9999957600133493, -0.002887383276904706, -0.00037811788712325016]
 - [-0.02152184464599307, 0.0038366133747447027, 0.9997610167439249, 0.9590286588531183, 0.28263301782842193, 0.019560386795473388, -0.28249042762795223, 0.959220442667384, -0.009762206080850832]
 - [0.0003528285870955859, -1.1424729894507651e-06, 0.9999999377553398, -0.0032843702234992347, -0.9999946064415723, 1.635287894628416e-08, 0.9999945441972291, -0.0032843700248344886, -0.0003528304363982545]
 - [-0.025204347317907456, -0.00030735643143017403, 0.9996822727288419, -0.30343782546945774, 0.9528228346563877, -0.007357433773633254, -0.9525178355026457, -0.3035268543134043, -0.024108541224309925]
 - [-0.02147352701014036, 0.003629426563451604, 0.9997628293253182, 0.9456792129245482, 0.3245377127400107, 0.019133720283551967, -0.3243912974790656, 0.9458657940068996, -0.010401242596224153]
 - [0.0003597912547180677, -1.1473111277794006e-06, 0.999999935274466, -0.003185941037588742, -0.999994924876974, -1.0315817293461575e-09, 0.9999948601517701, -0.003185940831005852, -0.00035979308399879134]
 - [-0.02522319010194245, -0.000300956458999131, 0.9996817994273434, -0.21144667979348886, 0.9773765353118836, -0.00504081601022053, -0.9770640164725091, -0.21150654279938697, -0.024716190395367283]
 - [0.0003724382744919268, -1.1506620084515212e-06, 0.9999999306442013, -0.002987370132955171, -0.9999955377998879, -3.804589892849099e-08, 0.999995468444443, -0.002987369911593979, -0.0003724400500511336]
 - [-0.021531818929459205, 0.003676696627062632, 0.9997614028734562, 0.92498956513021, 0.3795406485089307, 0.018525672177965885, -0.37938197792437917, 0.9251677566967696, -0.011573106534246194]
 - [0.00036632900902839954, -1.1500206038972394e-06, 0.999999932900865, -0.00308691528556256, -0.9999952354656595, -1.9188508460743773e-08, 0.9999951683668662, -0.0030869150714039075, -0.0003663308136574374]
 - [-0.02522353826205384, -0.0003130523962901039, 0.9996817869280903, -0.3018182242628195, 0.9533374134241321, -0.007316807269850852, -0.9530317584531908, -0.30190673752664576, -0.024141027642500538]
 - [-0.021581091141287066, 0.003664034980585046, 0.9997603869692038, 0.8919666319103322, 0.45175858361000837, 0.017598570771997463, -0.45158585458768447, 0.8921327014420783, -0.013017640107580422]
 - [-0.025240192004340464, -0.0003055149868270465, 0.9996813689212064, -0.21282548610075583, 0.9770770482654594, -0.005074861459651957, -0.9767641707052735, -0.21288576376416182, -0.024726633676836956]
 - [-0.021569005591400306, 0.003498448563604218, 0.9997612409247747, 0.8380106975324306, 0.54541413216145, 0.016170815062350526, -0.545227336822913, 0.8381594032737569, -0.014695777787286358]
 - [-0.025242772162781032, -0.0003187290686940131, 0.999681299647702, -0.300219049807322, 0.9538425301438305, -0.00727666280689947, -0.9535362209094768, -0.30030705303172184, -0.02417331820574059]
 - [-0.021685372107175502, 0.003528807118315436, 0.9997586169455582, 0.7494185611692233, 0.6619502132342631, 0.013918885521648827, -0.6617413126075963, 0.7495395004397271, -0.016999190243660832]
 - [-0.025256988639002404, -0.0003100587478363711, 0.999680943295641, -0.21428895226981057, 0.9767569410425704, -0.005111072320752591, -0.9764437154593172, -0.21434967223845713, -0.024736381127194885]
 - [-0.021499797663557047, -0.00389875052462405, 0.9997612507217772, -0.776917355467405, 0.629441241604867, -0.014252934450740712, -0.6292353943270833, -0.7770383022163516, -0.016561866282820845]
 - [-0.017189966107899857, 0.0004237381943055354, 0.9998521518260346, 0.02285755673414111, 0.9997387314478494, -3.0711399896189294e-05, -0.9995909349155555, 0.02285364935819332, -0.017195160530160094]
 - [-0.005194968319405335, -0.0076826393773237215, 0.9999569937534106, -0.9958373777012034, -0.09095840878471877, -0.005872396831211815, 0.09099961251209593, -0.995825057388872, -0.007178133399317924]
 - [-0.017365312791403555, 0.0004758212981906345, 0.999849098367223, 0.028352319035106783, 0.9995979920577036, 1.6719397140989582e-05, -0.9994471431331364, 0.028348330961432407, -0.01737182243499095]
 - [-0.021471744284799407, -0.003973757581657299, 0.9997615582968021, -0.8521026153998164, 0.5231233166855315, -0.0162212320346471, -0.5229341230271372, -0.8522477367471336, -0.014618419313582908]
 - [-0.017233189448514156, 0.00043421405372826374, 0.9998514032793009, 0.023948624043330275, 0.9997131903447417, -2.13815189988754e-05, -0.9995646455271728, 0.023944696884564572, -0.017238645632516494]
 - [-0.005241265822273055, -0.0076590219985579145, 0.9999569333299344, -0.9994365699464031, -0.03311161309819434, -0.005492151837407838, 0.033152251603019794, -0.9994223133691088, -0.00748115990933087]
 - [-0.017338435954207972, 0.00046549308914601596, 0.9998495696627794, 0.027247226943682777, 0.9996287253642706, 7.105104747220589e-06, -0.999478347570642, 0.027243251325548924, -0.017344682028555637]
 - [-0.02142580682277684, -0.003986839054800334, 0.9997624917530884, -0.8973916793874025, 0.44088869595826036, -0.017473738652089652, -0.4407143162733087, -0.8975529304116696, -0.01302415222478224]
 - [-0.017272358293804312, 0.0004446748646874376, 0.9998507228097778, 0.025044503867945805, 0.999686337149297, -1.1959527888746359e-05, -0.9995371120998853, 0.02504055872552717, -0.017278077258032157]
 - [-0.005295339538862096, -0.007774728887220263, 0.9999557555061619, -0.9994833074461947, 0.03174359350698758, -0.005046028901924173, -0.031702957521090716, -0.9994658062495151, -0.007938804848499495]
 - [-0.01730744688332811, 0.000455106077623795, 0.9998501113471153, 0.026144329320100093, 0.9996581785982417, -2.459290238221489e-06, -0.9995083422997445, 0.026140368017762556, -0.017313429270742565]
 - [-0.021388802370875877, -0.0040035328075351635, 0.9997632173960989, -0.9305796701661219, 0.36562450081228537, -0.018444562322791992, -0.3654640838805531, -0.9307538321870215, -0.011545876429359442]
 - [-0.005363837225723301, -0.007962824269617518, 0.9999539102778022, -0.9950686724231225, 0.09908404177491893, -0.004548607218760196, -0.09904325525900479, -0.995047207973168, -0.008455027646454356]
 - [-0.021502393203898514, -0.004383619216617446, 0.9997591864889604, -0.957617804182247, 0.2873921773117416, -0.01933591304252021, -0.28723820811249373, -0.9578029652817852, -0.01037745140886989]
 - [-0.005448472881947677, -0.008218281122348861, 0.999951385817655, -0.9866257150929066, 0.16295215270801564, -0.0040366130895143374, -0.16291105690119856, -0.9865997444674399, -0.008996207874256597]
 - [-0.02187897910981668, -0.004168176359346777, 0.9997519375219782, -0.6059389130160199, 0.7954490217390006, -0.00994421980003009, -0.7952102514216454, -0.6060061716849958, -0.019929272781993364]
 - [-0.005555815117233675, -0.008606411353104682, 0.999947529924448, -0.9760117224886403, 0.21768904590160112, -0.0035492054333828398, -0.21764707781897938, -0.9759802298090223, -0.009609398461265777]
 - [0.018168626998591484, -0.000569105525122963, 0.9998347749062777, 0.9996420989054102, -0.019628964991498635, -0.01817629856016373, 0.01963606602585511, 0.9998071713346848, 0.00021227049833363632]
 - [0.018174727316925376, 0.0005770870300301312, 0.9998346594600106, 0.9952740478921631, -0.09541616805535316, -0.01803675319952633, 0.0953899831182679, 0.9954373018147312, -0.0023085225803961243]
 - [0.018126281933298984, 0.00018249047100489947, 0.9998356888011661, 0.9950057778951708, -0.09817714971875419, -0.018020799880327544, 0.09815772948932774, 0.995168937402253, -0.001961165768270531]
 - [0.018188959046045543, -0.0002774923600970153, 0.9998345286930289, 0.9996185759697387, -0.020779736726598438, -0.018190797613222304, 0.020781346083765483, 0.9997840394503024, -0.00010057526246504536]
materials:
- name: Gelcoat
  density: 1235.0
  elastic:
    E:
    - 3440000000.0
    - 3440000000.0
    - 3440000000.0
    G:
    - 1323000000.0
    - 1323000000.0
    - 1323000000.0
    nu:
    - 0.3
    - 0.3
    - 0.3
- name: Adhesive
  density: 1100.0
  elastic:
    E:
    - 3900000000.0
    - 3900000000.0
    - 3900000000.0
    G:
    - 1500000000.0
    - 1500000000.0
    - 1500000000.0
    nu:
    - 0.3
    - 0.3
    - 0.3
- name: glass_uni
  density: 1940.0
  elastic:
    E:
    - 43700000000.0
    - 16500000000.0
    - 15450000000.0
    G:
    - 3265000000.0
    - 3495000000.0
    - 3480000000.0
    nu:
    - 0.262
    - 0.264
    - 0.35
- name: carbon_uni_industry_baseline
  density: 1600.0
  elastic:
    E:
    - 157599000000.0
    - 9100000000.0
    - 9100000000.0
    G:
    - 4131000000.0
    - 4131000000.0
    - 2689000000.0
    nu:
    - 0.3133
    - 0.3133
    - 0.47066
- name: glass_biax
  density: 1940.0
  elastic:
    E:
    - 11023100000.0
    - 11023100000.0
    - 16047700000.0
    G:
    - 13231400000.0
    - 3487480000.0
    - 3487480000.0
    nu:
    - 0.688074
    - 0.117173
    - 0.117173
- name: glass_triax
  density: 1940.0
  elastic:
    E:
    - 28211400000.0
    - 16238800000.0
    - 15835500000.0
    G:
    - 8248220000.0
    - 3491240000.0
    - 3491240000.0
    nu:
    - 0.497511
    - 0.18091
    - 0.27481
- name: medium_density_foam
  density: 130.0
  elastic:
    E:
    - 142500000.0
    - 142500000.0
    - 142500000.0
    G:
    - 54000000.0
    - 54000000.0
    - 54000000.0
    nu:
    - 0.3194
    - 0.3194
    - 0.3194
- name: resin
  density: 1150.0
  elastic:
    E:
    - 1000000.0
    - 1000000.0
    - 1000000.0
    G:
    - 312500.0
    - 312500.0
    - 312500.0
    nu:
    - 0.3
    - 0.3
    - 0.3
- name: steel
  density: 7800
  elastic:
    E:
    - 200000000000.0
    - 200000000000.0
    - 200000000000.0
    G:
    - 79300000000.0
    - 79300000000.0
    - 79300000000.0
    nu:
    - 0.3
    - 0.3
    - 0.3
