nodes:
 - [-2.414713669 0.296206728 24.137931034]
 - [-2.419277358 0.259002976 24.137931034]
 - [-2.410149980 0.333410480 24.137931034]
 - [-2.355579623 0.263371480 24.137931034]
 - [-2.346181143 0.339989047 24.137931034]
 - [-2.168698429 0.269713574 24.137931034]
 - [-2.158291571 0.354551562 24.137931034]
 - [-1.863181285 0.238623633 24.137931034]
 - [-1.854300938 0.385490587 24.137931034]
 - [-1.626373514 0.191775995 24.137931034]
 - [-1.618212581 0.409321671 24.137931034]
 - [-1.377458180 0.106450118 24.137931034]
 - [-1.372377201 0.437799976 24.137931034]
 - [-1.114519083 -0.008682359 24.137931034]
 - [-1.113339225 0.468724037 24.137931034]
 - [-0.835640020 -0.144949792 24.137931034]
 - [-0.837643076 0.499892385 24.137931034]
 - [-0.538904792 -0.293680542 24.137931034]
 - [-0.541833179 0.529103555 24.137931034]
 - [-0.222397195 -0.446202967 24.137931034]
 - [-0.222453959 0.554156078 24.137931034]
 - [0.115798971 -0.593845425 24.137931034]
 - [0.123950160 0.572848489 24.137931034]
 - [0.252506753 -0.641360569 24.137931034]
 - [0.117150180 -0.399371477 24.136422414]
 - [0.259308060 0.575713357 24.137931034]
 - [0.391025040 -0.681875001 24.137931034]
 - [0.118504183 -0.204926959 24.135517241]
 - [0.400179071 0.576088249 24.137931034]
 - [0.122583967 0.378375853 24.136422414]
 - [0.529876427 -0.715359009 24.137931034]
 - [0.119861080 -0.010497287 24.135215517]
 - [0.543702135 0.573556639 24.137931034]
 - [0.121220974 0.183932123 24.135517241]
 - [0.667583510 -0.741782881 24.137931034]
 - [0.687016198 0.567701999 24.137931034]
 - [0.802668882 -0.761116907 24.137931034]
 - [0.827260201 0.558107804 24.137931034]
 - [0.933655139 -0.773331374 24.137931034]
 - [0.961573090 0.544357528 24.137931034]
 - [1.059064875 -0.778396571 24.137931034]
 - [1.087093807 0.526034644 24.137931034]
 - [1.363644267 -0.763360692 24.137931034]
 - [1.063669880 -0.560956307 24.136422414]
 - [1.416259684 0.452645177 24.137931034]
 - [1.082354667 0.308610152 24.136422414]
 - [1.631435952 -0.709930401 24.137931034]
 - [1.068301012 -0.343551808 24.135517241]
 - [1.695310047 0.343546844 24.137931034]
 - [1.077643054 0.091215116 24.135517241]
 - [1.856771836 -0.628652495 24.137931034]
 - [1.072958620 -0.126166768 24.135215517]
 - [1.920451516 0.210072805 24.137931034]
 - [2.033983823 -0.530073772 24.137931034]
 - [2.087890713 0.063556223 24.137931034]
 - [2.157403815 -0.424741028 24.137931034]
 - [2.193834259 -0.084669742 24.137931034]
 - [2.221363719 -0.323201059 24.137931034]
 - [2.234488775 -0.223271929 24.137931034]
 - [2.230602077 -0.286582537 24.137931034]
 - [2.233762930 -0.260373127 24.137931034]
 - [2.233260477 -0.273948330 24.137931034]
elements:
 - [1 2]
 - [3 1]
 - [2 4]
 - [5 3]
 - [4 6]
 - [7 5]
 - [6 8]
 - [9 7]
 - [8 10]
 - [11 9]
 - [10 12]
 - [13 11]
 - [12 14]
 - [15 13]
 - [14 16]
 - [17 15]
 - [16 18]
 - [19 17]
 - [18 20]
 - [21 19]
 - [20 22]
 - [23 21]
 - [22 24]
 - [25 22]
 - [26 23]
 - [23 30]
 - [24 27]
 - [28 25]
 - [29 26]
 - [27 31]
 - [32 28]
 - [33 29]
 - [30 34]
 - [31 35]
 - [34 32]
 - [36 33]
 - [35 37]
 - [38 36]
 - [37 39]
 - [40 38]
 - [39 41]
 - [42 40]
 - [41 43]
 - [41 44]
 - [45 42]
 - [46 42]
 - [43 47]
 - [44 48]
 - [49 45]
 - [50 46]
 - [47 51]
 - [48 52]
 - [53 49]
 - [52 50]
 - [51 54]
 - [55 53]
 - [54 56]
 - [57 55]
 - [56 58]
 - [59 57]
 - [58 60]
 - [61 59]
 - [60 62]
 - [62 61]
sets:
  element:
  - name: layup_0
    labels:
    - 1
    - 2
    - 3
    - 4
    - 5
    - 6
    - 7
    - 8
  - name: layup_1
    labels:
    - 9
    - 11
    - 13
    - 15
    - 17
    - 19
    - 21
  - name: layup_2
    labels:
    - 23
    - 25
    - 27
    - 29
    - 30
    - 32
    - 34
    - 36
    - 37
    - 38
    - 39
    - 40
    - 41
    - 42
  - name: layup_3
    labels:
    - 43
    - 47
    - 51
    - 55
    - 57
    - 59
  - name: layup_4
    labels:
    - 61
    - 62
    - 63
    - 64
  - name: layup_5
    labels:
    - 45
    - 49
    - 53
    - 56
    - 58
    - 60
  - name: layup_6
    labels:
    - 10
    - 12
    - 14
    - 16
    - 18
    - 20
    - 22
  - name: layup_7
    labels:
    - 44
    - 46
    - 48
    - 50
    - 52
    - 54
  - name: layup_8
    labels:
    - 24
    - 26
    - 28
    - 31
    - 33
    - 35
sections:
- type: shell
  elementSet: layup_0
  layup:
  - - glass_triax
    - 0.006
    - 0
  - - glass_uni
    - 0.01
    - 0
  - - glass_triax
    - 0.006
    - 0
- type: shell
  elementSet: layup_1
  layup:
  - - glass_triax
    - 0.006
    - 0
  - - medium_density_foam
    - 0.04
    - 0
  - - glass_triax
    - 0.006
    - 0
- type: shell
  elementSet: layup_2
  layup:
  - - glass_triax
    - 0.006
    - 0
  - - carbon_uni_industry_baseline
    - 0.03
    - 0
  - - glass_triax
    - 0.006
    - 0
- type: shell
  elementSet: layup_3
  layup:
  - - glass_triax
    - 0.006
    - 0
  - - medium_density_foam
    - 0.047
    - 0
  - - glass_triax
    - 0.006
    - 0
- type: shell
  elementSet: layup_4
  layup:
  - - glass_triax
    - 0.006
    - 0
  - - glass_uni
    - 0.005
    - 0
  - - glass_triax
    - 0.006
    - 0
- type: shell
  elementSet: layup_5
  layup:
  - - glass_triax
    - 0.006
    - 0
  - - medium_density_foam
    - 0.031
    - 0
  - - glass_triax
    - 0.006
    - 0
- type: shell
  elementSet: layup_6
  layup:
  - - glass_triax
    - 0.006
    - 0
  - - medium_density_foam
    - 0.068
    - 0
  - - glass_triax
    - 0.006
    - 0
- type: shell
  elementSet: layup_7
  layup:
  - - glass_biax
    - 0.003
    - 0
  - - medium_density_foam
    - 0.054
    - 0
  - - glass_biax
    - 0.003
    - 0
- type: shell
  elementSet: layup_8
  layup:
  - - glass_biax
    - 0.003
    - 0
  - - medium_density_foam
    - 0.033
    - 0
  - - glass_biax
    - 0.003
    - 0
elementOrientations:
 - [-0.015862520093770354, -0.00848746508172992, 0.9998381586000611, -0.12143071126726938, -0.9925459268865645, -0.010352071387666539, 0.9924731547086804, -0.12157526869136132, 0.014713640787497475]
 - [-0.011683748539433008, -0.0032586847346602415, 0.999926432790866, 0.9862954776931878, -0.16462227940512952, 0.010987984593425225, 0.16457436222581315, 0.9863512995364582, 0.005137431333581038]
 - [-0.01273289110705713, -0.008547511954126032, 0.9998823998468274, 0.9975823803668159, 0.06821185868652793, 0.01328671201643406, -0.06831740529128964, 0.9976342427833577, 0.007658313152545331]
 - [-0.01068100334963311, 0.002434173121996007, 0.9999399936839498, 0.9161895156205532, -0.400600748150832, 0.01076160062305029, 0.4006029051747149, 0.916249483155219, 0.0020486540392864725]
 - [-0.012774623813564425, -0.008636181137785626, 0.9998811056129513, 0.9993415074584784, 0.03385239630613722, 0.013060120020474967, -0.03396116100840631, 0.9993895294827178, 0.008198042648920562]
 - [-0.011562029535680822, -0.0004926140671951563, 0.9999330361601203, 0.9460832628662144, -0.32374411783741724, 0.010779883584252302, 0.32371712836585215, 0.9461445468304797, 0.004209192976464948]
 - [-0.012832295226252385, -0.006956040282525085, 0.9998934671767858, 0.9948200504568463, -0.10093315920606352, 0.012065014783264634, 0.10083848178281572, 0.9948688912998895, 0.008215212441892003]
 - [-0.011977257568252981, -0.0037237746384495545, 0.9999213363078046, 0.9810805346905002, -0.19328549995508007, 0.0110317704162671, 0.19322921557711248, 0.98113548962901, 0.005968353030527559]
 - [-0.011569517189159986, -0.0030449096912737498, 0.9999284348377043, 0.9879622854439897, -0.15430610814001303, 0.010961182918422272, 0.15426168938624465, 0.9880183973568787, 0.0047935031080796305]
 - [-0.009865456310229096, -0.012138705663408566, 0.9998776548141319, -0.9946002891329504, -0.10318820691911118, -0.011066110855697713, 0.10330991060127229, -0.9945877768088824, -0.011055161415434578]
 - [-0.011370314749252139, -0.00021949042592336152, 0.9999353317922391, 0.953364758023712, -0.3016281605525155, 0.010774549646959192, 0.3016062898894713, 0.9534256156542361, 0.0036388615595190203]
 - [-0.009908241240569183, -0.011556126525145692, 0.9998841346352353, -0.992795917954294, -0.11929145296387196, -0.011216708209550607, 0.11940725291542623, -0.9927920251439889, -0.01029090674762393]
 - [-0.01056197566424913, 0.00258219813220132, 0.9999408867142466, 0.9255397509888347, -0.3784977293779937, 0.010753520131989958, 0.37850312285315957, 0.9255986177109974, 0.0016077567903823938]
 - [-0.009965084651011634, -0.011011904544931351, 0.9998897114413123, -0.9923118452409776, -0.12325059120340827, -0.011246935691793305, 0.12336084825560811, -0.9923144812640311, -0.009699040743969142]
 - [-0.009090080074737461, 0.006253807935695685, 0.9999391283125878, 0.9095343956205447, -0.4154865778571063, 0.010866775223641103, 0.41552924521314416, 0.9095778105840613, -0.001911247158420202]
 - [-0.01003751129826862, -0.010383837851557188, 0.9998957067006586, -0.9929248996830016, -0.11821510619748159, -0.011195188976454742, 0.11831902618107333, -0.9929337161050531, -0.009123785692998732]
 - [-0.007430634983201701, 0.0100838432902264, 0.9999215478067491, 0.9047086743314683, -0.4258882693119342, 0.0110180148794133, 0.42596596137854037, 0.904719568798522, -0.005958320222382506]
 - [-0.010141016123962655, -0.009430165319414298, 0.9999041112896883, -0.9943477109979724, -0.10559285857004291, -0.011080516779384384, 0.10568722451207065, -0.9943647319776857, -0.008306044418357958]
 - [-0.006077049241373053, 0.013319351816587414, 0.9998928264267642, 0.9101174060957903, -0.41420312441667595, 0.011048929583174133, 0.41430589736810197, 0.9100870104504569, -0.009605041143179076]
 - [-0.010263023116229664, -0.008103439033485843, 0.9999144986609337, -0.9962527926755647, -0.08579691324446417, -0.010920749235258684, 0.08587807311912192, -0.9962796916295906, -0.007192538063457366]
 - [-0.0050807525178786965, 0.016152371957581603, 0.9998566331399693, 0.9252329605056423, -0.37924493435756257, 0.010828137332535024, 0.3793654633039444, 0.9251553278473146, -0.013017857270371585]
 - [-0.010345153983005808, -0.006813561701736489, 0.9999232736395353, -0.9982266594940671, -0.05855319461659255, -0.010726587318766747, 0.05862178830762155, -0.9982610373930896, -0.006195737122275571]
 - [-0.006983831626311564, 0.019874835176077712, 0.9997780838878894, 0.9539795931795849, -0.29960586637680553, 0.012619850613912053, 0.2997901964586718, 0.9538560246490704, -0.016867790250755108]
 - [-0.007280475677091353, 4.659894323400861e-05, 0.9999734958999928, -0.006860278585211126, -0.9999764680063836, -3.348333454279355e-06, 0.9999499643740425, -0.006860121137161701, 0.00728062403471656]
 - [-0.0036893776873318023, 0.02114391960587804, 0.9997696350439839, 0.950091141705127, 0.31195715299277377, -0.003091464069203654, -0.3119506546646894, 0.9498608684224984, -0.021239578478125173]
 - [-0.007892823665734376, 5.128794945259879e-05, 0.9999688498668984, -0.0070552861347003264, -0.9999751111493733, -4.3995934659777256e-06, 0.9999439615659166, -0.007055101086813589, 0.007892989073583786]
 - [-0.006718066789449268, 0.020892357640399636, 0.9997591594833419, 0.9633947924244016, -0.2678148255881568, 0.012070340704795348, 0.26800250280203947, 0.9632438572798743, -0.018328390666723215]
 - [-0.0074036189366230125, 4.752582587505551e-05, 0.9999725917083613, -0.006897743347903162, -0.9999762102790992, -3.5436651474199068e-06, 0.9999488024710803, -0.006897580528488225, 0.007403770627544137]
 - [-0.004010022274227863, 0.02321829500399437, 0.999722376711889, 0.9832779111677175, 0.1821111417329759, -0.00028542312683865545, -0.18206721047736613, 0.9830037857677963, -0.023560306347137752]
 - [-0.006614335950949024, 0.021311393683683424, 0.9997510065307201, 0.9741085505688206, -0.2258003300536149, 0.011258004103331293, 0.22598403100360873, 0.9739404681226358, -0.01926609157100459]
 - [-0.007526435698614413, 4.845815663039454e-05, 0.9999716748075829, -0.006935988215590907, -0.9999759457374156, -3.746384422779404e-06, 0.9999476210447966, -0.006935819949311556, 0.00752659076095713]
 - [-0.0037519225529560793, 0.02386516931756521, 0.9997081457958622, 0.9988361262009278, 0.04816262750899691, 0.002598905029678576, -0.04808654773510246, 0.9985543625686454, -0.024018095720646705]
 - [-0.007771048187859057, 5.033921217354049e-05, 0.9999698036821035, -0.007014771812156413, -0.9999753961768252, -4.174282190672086e-06, 0.9999452003917443, -0.007014592430424856, 0.007771210108450163]
 - [-0.0064822003674064625, 0.02199284095789983, 0.9997371134578318, 0.9842466353719961, -0.17650268893052393, 0.010264577887105142, 0.17668203597791865, 0.984054427227933, -0.02050225392005066]
 - [-0.007648915526419964, 4.9395949155053345e-05, 0.999970745397739, -0.006975001693992874, -0.9999756743719893, -3.9565669342722e-06, 0.9999464202859265, -0.006974827906538802, 0.007649073998575216]
 - [0.0008315550412623554, 0.013364504525615554, 0.9999103452485115, 0.5839227813250213, 0.8117300686499321, -0.011334950340724933, -0.8118087791874784, 0.5838798555082715, -0.007128840422898181]
 - [-0.006295196645921602, 0.023255014507536344, 0.9997097452758194, 0.9919891420814017, -0.1259893602024761, 0.00917731487832401, 0.12616620978611645, 0.991758985548417, -0.022275594092653093]
 - [-0.0012446340444293154, 0.015447695699211584, 0.9998799025801448, 0.7966895151362297, 0.6043311827601814, -0.00834493952515129, -0.6043875142308069, 0.7965834483852045, -0.01305918836075046]
 - [-0.006152506208270076, 0.024609922079320817, 0.9996781974228539, 0.9966577084952305, -0.08128489570592864, 0.008134975544681062, 0.08145893913127923, 0.9963870319636472, -0.02402756272035274]
 - [-0.0028224657447159093, 0.018479382061703215, 0.9998252577954494, 0.8940532683754971, 0.4479236923376879, -0.005754923949353728, -0.44795176860261476, 0.8938807964606852, -0.017785801207695087]
 - [-0.00616178104359277, 0.024977906994402947, 0.9996690135322543, 0.9988547492000177, -0.04727940758106062, 0.007338093713951858, 0.047447048959251586, 0.9985693575215311, -0.02465797566905044]
 - [-0.0037804387819471547, 0.02139818500477266, 0.999763885105437, 0.9497062464203836, 0.31312676123944033, -0.0031107725412523185, -0.313119392233571, 0.9494702465449876, -0.02150574651294668]
 - [-0.006754976343559539, -0.003905528361901957, 0.9999695581080517, -0.9762971076935704, 0.2163582549492279, -0.00575004560798694, -0.2163292116284043, -0.9763062287845649, -0.0052744509376559485]
 - [-0.0064871478523619965, 0.00013201672318023693, 0.9999789495206017, 0.021074607512546605, 0.9997779057850046, 4.726791335872408e-06, -0.9997568593567808, 0.021074194545349593, -0.006488489294978284]
 - [-0.007973404796276454, -0.0057495951469461164, 0.9999516823185014, -0.9999045782418602, -0.011235252881603144, -0.008037630475084514, 0.011280923141405363, -0.9999203524523007, -0.0056594632912550505]
 - [-0.007674617191185262, 0.00015893568970337747, 0.9999705370611753, 0.021791649552124433, 0.999762533774976, 8.34486629608535e-06, -0.9997330765063075, 0.021791071549741116, -0.007676258199663713]
 - [0.0010655286084301726, 0.007281511223882245, 0.999972921754925, -0.2925338079892386, 0.9562320489852568, -0.006651291361274059, -0.9562545873521862, -0.2925187995458646, 0.0031489808107302477]
 - [-0.006727444711037719, 0.00013738052482643756, 0.9999773610508648, 0.021215322990300763, 0.9997749296924394, 5.375429588696872e-06, -0.9997522951001797, 0.02121487886058806, -0.006728845135194276]
 - [-0.007958640225025602, -0.004960715600686395, 0.9999560247063355, -0.9999197872368938, 0.00989254529472417, -0.007909275549443512, -0.009852874600531485, -0.9999387625491478, -0.0050390488968915575]
 - [-0.007439966742539016, 0.00015353270918229005, 0.9999723112779559, 0.021645636292369385, 0.9997657057393756, 7.546285733533146e-06, -0.9997380223460386, 0.021645093096477504, -0.007441546914213948]
 - [-0.0014159521262005893, 0.006075978730403572, 0.9999805385916487, -0.5916898349529297, 0.8061452952687708, -0.0057360377788943685, -0.8061644585895303, -0.5916864417903236, 0.0024536317073075827]
 - [-0.006966360720781032, 0.00014275471576554192, 0.9999757244250479, 0.02135742855866709, 0.9997719040904377, 6.061544556728969e-06, -0.9997476331873305, 0.021356952321715236, -0.00696782059603946]
 - [-0.007931114652417916, -0.004346386182339396, 0.9999591023374529, -0.9992719002562056, 0.0373550607369136, -0.0077632979907855644, -0.037319790711128634, -0.9992926039776814, -0.004639488849226101]
 - [-0.0072038748047407175, 0.00014813891134982817, 0.9999740407843902, 0.021500881010251972, 0.9997688293149296, 6.7851651507267634e-06, -0.999742875095182, 0.021500371743726293, -0.007205394597172868]
 - [-0.003998849520163898, 0.003197048817083866, 0.999986893954804, -0.759101894660412, 0.6509517129871989, -0.005116725711241162, -0.6509595400065105, -0.7591124068528274, -0.00017617213075853702]
 - [-0.007907784110496002, -0.004159361440576848, 0.999960082534732, -0.9975978890702224, 0.06885238208755606, -0.00760271027363031, -0.06881801125502944, -0.9976181880826331, -0.00469383996604132]
 - [-0.005813581637658592, 9.232303119967353e-05, 0.9999830967296394, -0.8636995236721455, 0.5039815970714705, -0.0050678024624205295, -0.5039735460091632, -0.863714386408926, -0.002850198800381431]
 - [-0.007897638629685868, -0.004240895829822295, 0.9999598202461113, -0.994883200037215, 0.10075817629639273, -0.00743022160743906, -0.10072261706183724, -0.9949019070802838, -0.005014947679573176]
 - [-0.006713483809965897, -0.002449929180330086, 0.9999744631650073, -0.9327995779795488, 0.3603553897666646, -0.005379627058678669, -0.3603330077252269, -0.932811873269807, -0.004704532980524143]
 - [-0.007858760818771557, -0.00394630090508791, 0.9999613325461939, -0.9915632332373799, 0.1294191901592162, -0.0072820127963327186, -0.12938544883497008, -0.9915821196087086, -0.004930081345596961]
 - [-0.007890605508417359, -0.004368109929410307, 0.9999593281530782, -0.9899377748391176, 0.14132036463026537, -0.0071941981724934195, -0.14128319182155677, -0.9899542788212056, -0.005439260271376216]
 - [-0.007884248290061837, -0.004056946089952099, 0.99996068913599, -0.9948666524481203, 0.10092110793690659, -0.007434636471148658, -0.10088697872159487, -0.9948861599003226, -0.004831807448355841]
 - [-0.00792690342471272, -0.004647518607123828, 0.9999577814952446, -0.9948306020937198, 0.10127725676370111, -0.0074155512449434625, -0.1012385170769619, -0.994847384191774, -0.005426308767652457]
 - [-0.007841485961076457, -0.003794828637550737, 0.9999620544668351, -0.9907680095653119, 0.135373951692597, -0.007255647808453126, -0.1353412809157359, -0.9907873094053748, -0.00482132775756053]
materials:
- name: Gelcoat
  density: 1235.0
  elastic:
    E:
    - 3440000000.0
    - 3440000000.0
    - 3440000000.0
    G:
    - 1323000000.0
    - 1323000000.0
    - 1323000000.0
    nu:
    - 0.3
    - 0.3
    - 0.3
- name: Adhesive
  density: 1100.0
  elastic:
    E:
    - 3900000000.0
    - 3900000000.0
    - 3900000000.0
    G:
    - 1500000000.0
    - 1500000000.0
    - 1500000000.0
    nu:
    - 0.3
    - 0.3
    - 0.3
- name: glass_uni
  density: 1940.0
  elastic:
    E:
    - 43700000000.0
    - 16500000000.0
    - 15450000000.0
    G:
    - 3265000000.0
    - 3495000000.0
    - 3480000000.0
    nu:
    - 0.262
    - 0.264
    - 0.35
- name: carbon_uni_industry_baseline
  density: 1600.0
  elastic:
    E:
    - 157599000000.0
    - 9100000000.0
    - 9100000000.0
    G:
    - 4131000000.0
    - 4131000000.0
    - 2689000000.0
    nu:
    - 0.3133
    - 0.3133
    - 0.47066
- name: glass_biax
  density: 1940.0
  elastic:
    E:
    - 11023100000.0
    - 11023100000.0
    - 16047700000.0
    G:
    - 13231400000.0
    - 3487480000.0
    - 3487480000.0
    nu:
    - 0.688074
    - 0.117173
    - 0.117173
- name: glass_triax
  density: 1940.0
  elastic:
    E:
    - 28211400000.0
    - 16238800000.0
    - 15835500000.0
    G:
    - 8248220000.0
    - 3491240000.0
    - 3491240000.0
    nu:
    - 0.497511
    - 0.18091
    - 0.27481
- name: medium_density_foam
  density: 130.0
  elastic:
    E:
    - 142500000.0
    - 142500000.0
    - 142500000.0
    G:
    - 54000000.0
    - 54000000.0
    - 54000000.0
    nu:
    - 0.3194
    - 0.3194
    - 0.3194
- name: resin
  density: 1150.0
  elastic:
    E:
    - 1000000.0
    - 1000000.0
    - 1000000.0
    G:
    - 312500.0
    - 312500.0
    - 312500.0
    nu:
    - 0.3
    - 0.3
    - 0.3
- name: steel
  density: 7800
  elastic:
    E:
    - 200000000000.0
    - 200000000000.0
    - 200000000000.0
    G:
    - 79300000000.0
    - 79300000000.0
    - 79300000000.0
    nu:
    - 0.3
    - 0.3
    - 0.3
